
itri  4.4.0-87-generic  #110-Ubuntu SMP Tue Jul 18 12:55:35 UTC 2017  x86_64  2018/01/02

-------------------------- analysis date: 2018/01/02 --------------------------

22:37:10  cpu  %usr %nice %sys %irq %softirq  %steal %guest  %wait %idle  _cpu_
22:37:11  all     0     0    0    0        0       0      0      0   100
22:37:12  all     0     0    0    0        0       0      0      0   100
22:37:13  all     1     0    0    0        0       1      0      0    98
22:37:14  all     0     0    0    0        0       0      0      0   100
22:37:15  all     0     0    1    0        0       0      0      0    99
22:37:16  all     0     0    0    0        0       0      0      2    98
22:37:17  all     0     0    0    0        0       1      0      0    99
22:37:18  all     0     0    0    0        0       0      0      0   100
22:37:19  all     0     0    0    0        0       1      0      0    99
22:37:20  all     0     0    0    0        0       0      0      0   100
22:37:21  all     0     0    1    0        0       0      0      0    99
22:37:22  all     0     0    0    0        0       0      0      0   100
22:37:23  all     0     0    0    0        0       1      0      0    99
22:37:24  all     0     0    0    0        0       0      0      0   100
22:37:25  all     0     0    0    0        0       0      0      0   100
22:37:26  all     0     0    0    0        0       1      0      0    99
22:37:27  all     0     0    0    0        0       0      0      0   100
22:37:28  all     0     0    0    0        0       0      0      0   100
22:37:29  all     0     0    0    0        0       2      0      0    98
22:37:30  all     0     0    0    0        0       0      0      0   100
22:37:31  all     0     0    0    0        0       0      0      0   100
22:37:32  all     0     0    0    0        0       0      0      0   100
22:37:33  all     0     0    0    0        0       8      0      0    92
22:37:34  all     0     0    0    0        0       0      0      1    99
22:37:35  all     0     0    0    0        0       0      0      0   100
22:37:36  all     0     0    0    0        0       1      0      0    99
22:37:37  all     0     0    0    0        0       0      0      0   100
22:37:38  all     0     0    0    0        0       0      0      0   100
22:37:39  all     0     0    0    0        0       0      0      0   100
22:37:40  all     0     0    0    0        0       1      0      0    99
22:37:41  all     0     0    0    0        0       0      0      0   100
22:37:42  all     0     0    0    0        0       1      0      0    99
22:37:43  all     0     0    0    0        0       0      0      0   100
22:37:44  all     0     0    1    0        0       0      0      0    99
22:37:45  all     0     0    0    0        0       0      0      0   100
22:37:46  all     0     0    0    0        0       1      0      0    99
22:37:47  all     0     0    0    0        0       0      0      0   100
22:37:48  all     0     0    0    0        0       1      0      0    99
22:37:49  all     0     0    1    0        0       0      0      0    99
22:37:50  all     0     0    0    0        0       0      0      0   100
22:37:51  all     0     0    0    0        0       0      0      0   100
22:37:52  all     1     0    0    0        0       1      0      0    98
22:37:53  all     0     0    0    0        0       0      0      0   100
22:37:54  all     0     0    1    0        0       1      0      0    98
22:37:55  all     0     0    0    0        0       0      0      0   100
22:37:56  all     0     0    1    0        0       0      0      0    99
22:37:57  all     1     0    0    0        0       0      0      0    99
22:37:58  all     0     0    0    0        0       1      0      0    99
22:37:59  all     0     0    0    0        0       0      0      0   100
22:38:00  all     0     0    0    0        0       0      0      0   100
22:38:01  all     1     0    0    0        0       1      0      0    98
22:38:02  all     0     0    1    0        0       0      0      0    99
22:38:03  all     0     0    0    0        0       0      0      0   100
22:38:04  all     0     0    1    0        0       0      0      0    99
22:38:05  all     0     0    0    0        0       1      0      0    99
22:38:06  all     0     0    1    0        0       0      0      0    99
22:38:07  all     0     0    0    0        0       1      0      0    99
22:38:08  all     0     0    1    0        0       0      0      0    99
22:38:09  all     0     0    0    0        0       0      0      0   100
22:38:10  all     0     0    0    0        0       0      0      0   100
22:38:11  all     0     0    1    0        0       1      0      0    98
22:38:12  all     0     0    1    0        0       0      0      0    99
22:38:13  all     0     0    0    0        0       0      0      0   100
22:38:14  all     0     0    0    0        0       1      0      0    99
22:38:15  all     0     0    1    0        0       0      0      0    99
22:38:16  all     1     0    0    0        0       0      0      0    99
22:38:17  all     0     0    0    0        0       1      0      0    99
22:38:18  all     0     0    0    0        0       0      0      0   100
22:38:19  all     0     0    0    0        0       0      0      0   100
22:38:20  all     0     0    1    0        0       1      0      0    98
22:38:21  all     1     0    0    0        0       0      0      0    99
22:38:22  all     0     0    0    0        0       0      0      0   100
22:38:23  all     0     0    0    0        0       0      0      0   100
22:38:24  all     0     0    0    0        0       2      0      3    95
22:38:25  all     0     0    0    0        0       0      0      0   100
22:38:26  all     0     0    1    0        0       0      0      0    99
22:38:27  all     0     0    0    0        0       0      0      0   100
22:38:28  all     0     0    1    0        0       1      0      0    98
22:38:29  all     1     0    0    0        0       0      0      0    99
22:38:30  all     0     0    0    0        0       1      0      0    99
22:38:31  all     0     0    0    0        0       0      0      0   100
22:38:32  all     0     0    0    0        0       0      0      0   100
22:38:33  all     0     0    0    0        0       0      0      0   100
22:38:34  all     0     0    0    0        0       1      0      0    99
22:38:35  all     0     0    1    0        0       0      0      0    99
22:38:36  all     0     0    0    0        0       1      0      0    99
22:38:37  all     0     0    0    0        0       0      0      0   100
22:38:38  all     0     0    0    0        0       0      0      0   100
22:38:39  all     0     0    0    0        0       0      0      0   100
22:38:40  all     0     0    0    0        0       1      0      0    99
22:38:41  all     0     0    0    0        0       0      0      0   100
22:38:42  all     0     0    0    0        0       0      0      0   100
22:38:43  all     0     0    0    0        0       1      0      0    99
22:38:44  all     0     0    0    0        0       0      0      0   100
22:38:45  all     0     0    0    0        0       0      0      0   100
22:38:46  all     0     0    0    0        0       0      0      0   100
22:38:47  all     0     0    1    0        0       1      0      0    98
22:38:48  all     0     0    0    0        0       0      0      0   100
22:38:49  all     0     0    0    0        0       1      0      0    99
22:38:50  all     0     0    0    0        0       0      0      0   100
22:38:51  all     0     0    0    0        0       0      0      0   100
22:38:52  all     0     0    0    0        0       0      0      0   100
22:38:53  all     0     0    0    0        0       1      0      0    99
22:38:54  all     0     0    0    0        0       0      0      0   100
22:38:55  all     0     0    0    0        0       0      0      0   100
22:38:56  all     0     0    0    0        0       1      0      0    99
22:38:57  all     0     0    0    0        0       0      0      0   100
22:38:58  all     0     0    0    0        0       0      0      0   100
22:38:59  all     0     0    0    0        0       1      0      0    99
22:39:00  all     0     0    0    0        0       1      0      0    99
22:39:01  all     0     0    0    0        0       0      0      0   100
22:39:02  all     0     0    0    0        0       0      0      0   100
22:39:03  all     0     0    0    0        0       0      0      0   100
22:39:04  all     0     0    0    0        0       1      0      0    99
22:39:05  all     0     0    0    0        0       0      0      0   100
22:39:06  all     0     0    0    0        0       1      0      0    99
22:39:07  all     0     0    0    0        0       0      0      0   100
22:39:08  all     0     0    0    0        0       0      0      0   100
22:39:09  all     0     0    0    0        0       0      0      0   100
22:39:10  all     0     0    0    0        0       1      0      0    99
22:39:11  all     0     0    0    0        0       0      0      0   100
22:39:12  all     0     0    0    0        0       1      0      0    99
22:39:13  all     0     0    0    0        0       0      0      0   100
22:39:14  all     0     0    0    0        0       0      0      0   100
22:39:15  all     0     0    0    0        0       0      0      0   100
22:39:16  all     0     0    0    0        0       1      0      0    99
22:39:17  all     0     0    0    0        0       0      0      0   100
22:39:18  all     0     0    0    0        0       1      0      0    99
22:39:19  all     0     0    0    0        0       0      0      0   100
22:39:20  all     0     0    1    0        0       0      0      0    99
