
o41  4.10.0-42-generic  #46~16.04.1-Ubuntu SMP Mon Dec 4 15:57:59 UTC 2017  x86_64  2017/12/30

-------------------------- analysis date: 2017/12/30 --------------------------

14:19:30  cpu  %usr %nice %sys %irq %softirq  %steal %guest  %wait %idle  _cpu_
14:19:31  all   101     0    0    0        0       0    101      0    99
            0     0     0    0    0        0       0      0      0   100
            1   100     0    0    0        0       0    100      0     0
14:19:32  all   101     0    0    0        0       0    101      0    99
            0     0     0    0    0        0       0      0      0   100
            1   100     0    0    0        0       0    100      0     0
14:19:33  all   101     0    0    0        0       0    101      0    99
            0     0     0    0    0        0       0      0      0   100
            1   100     0    0    0        0       0    100      0     0
14:19:34  all   101     0    0    0        0       0    101      0    99
            0     0     0    0    0        0       0      0      0   100
            1   100     0    0    0        0       0    100      0     0
14:19:35  all   101     0    0    0        0       0    101      0    99
            0     0     0    0    0        0       0      0      0   100
            1   100     0    0    0        0       0    100      0     0
14:19:36  all   101     0    0    0        0       0    101      0    99
            0     0     0    0    0        0       0      0      0   100
            1   100     0    0    0        0       0    100      0     0
14:19:37  all   101     0    0    0        0       0    101      0    99
            0     0     0    0    0        0       0      0      0   100
            1   100     0    0    0        0       0    100      0     0
14:19:38  all   100     0    1    0        0       0    100      0    99
            0     0     0    0    0        0       0      0      0   100
            1   100     0    0    0        0       0    100      0     0
14:19:39  all   100     0    0    0        0       0    100      0   100
            0     0     0    0    0        0       0      0      0   100
            1   100     0    0    0        0       0    100      0     0
14:19:40  all   101     0    0    0        0       0    101      0    99
            0     0     0    0    0        0       0      0      0   100
            1   100     0    0    0        0       0    100      0     0
14:19:41  all   101     0    0    0        0       0    101      0    99
            0     0     0    0    0        0       0      0      0   100
            1   100     0    0    0        0       0    100      0     0
14:19:42  all   101     0    0    0        0       0    101      0    99
            0     0     0    0    0        0       0      0      0   100
            1   100     0    0    0        0       0    100      0     0
14:19:43  all   101     0    0    0        0       0    101      0    99
            0     0     0    0    0        0       0      0      0   100
            1   100     0    0    0        0       0    100      0     0
14:19:44  all   101     0    0    0        0       0    101      0    99
            0     0     0    0    0        0       0      0      0   100
            1   100     0    0    0        0       0    100      0     0
14:19:45  all   101     0    0    0        0       0    101      0    99
            0     0     0    0    0        0       0      0      0   100
            1   100     0    0    0        0       0    100      0     0
14:19:46  all   100     0    0    0        0       0    100      0   100
            0     0     0    0    0        0       0      0      0   100
            1    99     0    1    0        0       0     99      0     0
14:19:47  all   101     0    0    0        0       0    101      0    99
            0     0     0    0    0        0       0      0      0   100
            1   100     0    0    0        0       0    100      0     0
14:19:48  all   102     0    0    0        0       0    101      0    98
            0     1     0    0    0        0       0      0      0    99
            1   100     0    0    0        0       0    100      0     0
14:19:49  all   101     0    0    0        0       0    101      0    99
            0     0     0    0    0        0       0      0      0   100
            1   100     0    0    0        0       0    100      0     0
14:19:50  all   101     0    0    0        0       0    101      0    99
            0     0     0    0    0        0       0      0      0   100
            1   100     0    0    0        0       0    100      0     0
14:19:51  all   101     0    0    0        0       0    101      0    99
            0     0     0    0    0        0       0      0      0   100
            1   100     0    0    0        0       0    100      0     0
14:19:52  all   101     0    0    0        0       0    101      0    99
            0     0     0    0    0        0       0      0      0   100
            1   100     0    0    0        0       0    100      0     0
14:19:53  all   101     0    0    0        0       0    101      0    99
            0     0     0    0    0        0       0      0      0   100
            1   100     0    0    0        0       0    100      0     0
14:19:54  all   101     0    0    0        0       0    101      0    99
            0     0     0    0    0        0       0      0      0   100
            1   100     0    0    0        0       0    100      0     0
14:19:55  all   100     0    1    0        0       0    100      0    99
            0     0     0    0    0        0       0      0      0   100
            1   100     0    0    0        0       0    101      0     0
14:19:56  all   101     0    0    0        0       0    101      0    99
            0     0     0    0    0        0       0      0      0   100
            1   100     0    0    0        0       0    100      0     0
14:19:57  all   100     0    0    0        0       0    100      0   100
            0     0     0    0    0        0       0      0      0   100
            1    99     0    1    0        0       0     98      0     0
14:19:58  all   101     0    0    0        0       0    101      0    99
            0     0     0    0    0        0       0      0      0   100
            1   100     0    0    0        0       0    100      0     0
14:19:59  all   100     0    1    0        0       0    100      0   100
            0     0     0    0    0        0       0      0      0   100
            1   100     0    0    0        0       0    100      0     0
14:20:00  all   101     0    0    0        0       0    101      0    99
            0     0     0    0    0        0       0      0      0   100
            1   100     0    0    0        0       0    100      0     0
14:20:01  all   100     0    0    0        0       0    100      0   100
            0     0     0    0    0        0       0      0      0   100
            1    99     0    1    0        0       0     99      0     0
14:20:02  all   104     0    4    0        0       0    100      0    92
            0     4     0    4    0        0       0      0      0    92
            1   100     0    0    0        0       0    100      0     0
14:20:03  all   100     0    1    0        0       0    100      0    99
            0     0     0    0    0        0       0      0      0   100
            1   100     0    0    0        0       0    100      0     0
14:20:04  all   101     0    0    0        0       0    101      0    99
            0     0     0    0    0        0       0      0      0   100
            1   100     0    0    0        0       0    100      0     0
14:20:05  all   100     0    0    0        0       0    101      0   100
            0     0     0    0    0        0       0      0      0   100
            1   100     0    0    0        0       0    101      0     0
14:20:06  all   101     0    0    0        0       0     99      0    99
            0     0     0    0    0        0       0      0      0   100
            1    99     0    1    0        0       0     98      0     0
14:20:07  all   101     0    0    0        0       0    101      1    98
            0     0     0    0    0        0       0      0      1    99
            1   100     0    0    0        0       0    100      0     0
14:20:08  all   101     0    0    0        0       0    101      0    99
            0     0     0    0    0        0       0      0      0   100
            1   100     0    0    0        0       0    100      0     0
14:20:09  all   100     0    0    0        0       0    100      0   100
            0     0     0    0    0        0       0      0      0   100
            1   100     0    0    0        0       0    100      0     0
14:20:10  all   101     0    0    0        0       0    101      0    99
            0     0     0    0    0        0       0      0      0   100
            1   100     0    0    0        0       0    100      0     0
14:20:11  all   100     0    0    0        0       0    100      0   100
            0     0     0    0    0        0       0      0      0   100
            1   100     0    0    0        0       0    100      0     0
14:20:12  all   101     0    0    0        0       0    101      0    99
            0     0     0    0    0        0       0      0      0   100
            1   100     0    0    0        0       0    100      0     0
14:20:13  all    99     0    1    0        0       0    100      0   100
            0     0     0    0    0        0       0      0      0   100
            1   100     0    0    0        0       0    100      0     0
14:20:14  all   101     0    0    0        0       0    101      0    99
            0     0     0    0    0        0       0      0      0   100
            1   100     0    0    0        0       0    100      0     0
14:20:15  all   100     0    0    0        0       0    100      0   100
            0     0     0    0    0        0       0      0      0   100
            1   100     0    0    0        0       0    100      0     0
14:20:16  all   101     0    0    0        0       0    101      0    99
            0     0     0    0    0        0       0      0      0   100
            1   100     0    0    0        0       0    100      0     0
14:20:17  all   100     0    0    0        0       0    100      0   100
            0     0     0    0    0        0       0      0      0   100
            1   100     0    0    0        0       0    100      0     0
14:20:18  all   101     0    0    0        0       0    101      0    99
            0     0     0    0    0        0       0      0      0   100
            1   100     0    0    0        0       0    100      0     0
14:20:19  all   100     0    0    0        0       0    100      0   100
            0     0     0    0    0        0       0      0      0   100
            1   100     0    0    0        0       0    100      0     0
14:20:20  all   101     0    0    0        0       0    101      0    99
            0     0     0    0    0        0       0      0      0   100
            1   100     0    0    0        0       0    100      0     0
14:20:21  all   100     0    0    0        0       0    100      0   100
            0     0     0    0    0        0       0      0      0   100
            1   100     0    0    0        0       0    100      0     0
14:20:22  all   101     0    0    0        0       0    101      0    99
            0     0     0    0    0        0       0      0      0   100
            1   100     0    0    0        0       0    100      0     0
14:20:23  all   100     0    0    0        0       0    100      0   100
            0     0     0    0    0        0       0      0      0   100
            1   100     0    0    0        0       0    100      0     0
14:20:24  all   101     0    0    0        0       0    101      0    99
            0     0     0    0    0        0       0      0      0   100
            1   100     0    0    0        0       0    100      0     0
14:20:25  all   100     0    0    0        0       0    100      0   100
            0     0     0    0    0        0       0      0      0   100
            1   100     0    0    0        0       0    100      0     0
14:20:26  all   101     0    0    0        0       0    101      0    99
            0     0     0    0    0        0       0      0      0   100
            1   100     0    0    0        0       0    100      0     0
14:20:27  all   100     0    0    0        0       0    100      0   100
            0     0     0    0    0        0       0      0      0   100
            1   100     0    0    0        0       0    100      0     0
14:20:28  all   101     0    0    0        0       0    101      0    99
            0     0     0    0    0        0       0      0      0   100
            1   100     0    0    0        0       0    100      0     0
14:20:29  all   100     0    0    0        0       0    100      0   100
            0     0     0    0    0        0       0      0      0   100
            1   100     0    0    0        0       0    100      0     0
14:20:30  all   102     0    0    0        0       0    101      0    98
            0     0     0    0    0        0       0      0      0   100
            1   100     0    0    0        0       0    100      0     0
14:20:31  all   100     0    1    0        0       0    100      0   100
            0     0     0    1    0        0       0      0      0    99
            1   100     0    0    0        0       0    100      0     0
14:20:32  all   101     0    0    0        0       0    101      0    99
            0     0     0    0    0        0       0      0      0   100
            1   100     0    0    0        0       0    100      0     0
14:20:33  all   100     0    0    0        0       0    100      0   100
            0     0     0    1    0        0       0      0      0    99
            1   100     0    0    0        0       0    100      0     0
14:20:34  all   101     0    1    0        0       0    101      0    98
            0     0     0    0    0        0       0      0      0   100
            1   100     0    0    0        0       0    100      0     0
14:20:35  all   100     0    0    0        0       0    100      0   100
            0     0     0    0    0        0       0      0      0   100
            1   100     0    0    0        0       0    100      0     0
14:20:36  all   101     0    1    0        0       0    101      0    98
            0     0     0    1    0        0       0      0      0    99
            1   100     0    0    0        0       0    100      0     0
14:20:37  all   100     0    0    0        0       0    100      0   100
            0     0     0    0    0        0       0      0      0   100
            1   100     0    0    0        0       0    100      0     0
14:20:38  all   101     0    0    0        0       0    101      1    98
            0     0     0    0    0        0       0      0      1    99
            1   100     0    0    0        0       0    100      0     0
14:20:39  all   101     0    0    0        0       0    101      0    99
            0     0     0    1    0        0       0      0      0    99
            1   100     0    0    0        0       0    100      0     0
14:20:40  all   100     0    1    0        0       0    100      0    99
            0     0     0    0    0        0       0      0      0   100
            1   100     0    0    0        0       0    100      0     0
14:20:41  all   101     0    0    0        0       0    101      0    99
            0     0     0    0    0        0       0      0      0   100
            1   100     0    0    0        0       0    100      0     0
14:20:42  all   101     0    0    0        0       0    100      0    99
            0     1     0    0    0        0       0      0      0    99
            1   100     0    0    0        0       0    100      0     0
14:20:43  all   100     0    1    0        0       0    100      0    99
            0     0     0    1    0        0       0      0      0    99
            1   100     0    0    0        0       0    100      0     0
14:20:44  all   101     0    0    0        0       0    101      0    99
            0     0     0    0    0        0       0      0      0   100
            1   100     0    0    0        0       0    100      0     0
14:20:45  all   101     0    0    0        0       0    101      0    99
            0     0     0    0    0        0       0      0      0   100
            1   100     0    0    0        0       0    100      0     0
14:20:46  all   100     0    0    0        0       0    100      0   100
            0     1     0    0    0        0       0      0      0    99
            1   100     0    0    0        0       0    100      0     0
14:20:47  all   101     0    0    0        0       0    100      0    99
            0     0     0    0    0        0       0      0      0   100
            1   100     0    0    0        0       0    100      0     0
14:20:48  all   101     0    0    0        0       0    101      0    99
            0     0     0    0    0        0       0      0      0   100
            1   100     0    0    0        0       0    100      0     0
14:20:49  all   101     0    0    0        0       0    101      0    99
            0     0     0    1    0        0       0      0      0    99
            1   100     0    0    0        0       0    100      0     0
14:20:50  all   100     0    1    0        0       0     99      0   100
            0     1     0    0    0        0       0      0      0    99
            1    99     0    1    0        0       0     99      0     0
14:20:51  all   101     0    0    0        0       0    101      0    99
            0     0     0    0    0        0       0      0      0   100
            1   100     0    0    0        0       0    100      0     0
14:20:52  all   100     0    1    0        0       0    100      0   100
            0     0     0    0    0        0       0      0      0   100
            1   100     0    0    0        0       0    100      0     0
14:20:53  all   102     0    0    0        0       0    101      0    98
            0     0     0    1    0        0       0      0      0    99
            1   100     0    0    0        0       0    100      0     0
14:20:54  all   101     0    0    0        0       0    101      0    99
            0     0     0    0    0        0       0      0      0   100
            1   100     0    0    0        0       0    100      0     0
14:20:55  all   100     0    1    0        0       0    100      0    99
            0     0     0    1    0        0       0      0      0    99
            1   100     0    0    0        0       0    100      0     0
14:20:56  all   101     0    0    0        0       0    101      0    99
            0     0     0    0    0        0       0      0      0   100
            1   100     0    0    0        0       0    100      0     0
14:20:57  all   100     0    1    0        0       0    100      0    99
            0     0     0    0    0        0       0      0      0   100
            1   100     0    0    0        0       0    100      0     0
14:20:58  all   101     0    0    0        0       0    101      0    99
            0     1     0    0    0        0       0      0      0    99
            1   100     0    0    0        0       0    100      0     0
14:20:59  all   101     0    0    0        0       0    101      0    99
            0     0     0    0    0        0       0      0      0   100
            1   100     0    0    0        0       0    100      0     0
14:21:00  all   101     0    0    0        0       0    101      0    99
            0     0     0    1    0        0       0      0      0    99
            1   100     0    0    0        0       0    100      0     0
14:21:01  all   101     0    0    0        0       0    101      0    99
            0     0     0    0    0        0       0      0      0   100
            1   100     0    0    0        0       0    100      0     0
14:21:02  all   101     0    0    0        0       0    100      0    99
            0     0     0    0    0        0       0      0      0   100
            1   100     0    0    0        0       0    100      0     0
14:21:03  all   101     0    0    0        0       0    101      0    99
            0     1     0    0    0        0       0      0      0    99
            1   100     0    0    0        0       0    100      0     0
14:21:04  all   101     0    0    0        0       0    100      0    99
            0     0     0    0    0        0       0      0      0   100
            1   100     0    0    0        0       0    100      0     0
14:21:05  all   100     0    1    0        0       0    100      0    99
            0     0     0    1    0        0       0      0      0    99
            1   100     0    0    0        0       0    100      0     0
14:21:06  all   101     0    0    0        0       0    101      0    99
            0     0     0    0    0        0       0      0      0   100
            1   100     0    0    0        0       0    100      0     0
14:21:07  all   100     0    1    0        0       0    100      0    99
            0     0     0    0    0        0       0      0      0   100
            1   100     0    0    0        0       0    100      0     0
14:21:08  all   101     0    0    0        0       0    101      0    99
            0     1     0    0    0        0       0      0      0    99
            1   100     0    0    0        0       0    100      0     0
14:21:09  all   100     0    0    0        0       0    100      0   100
            0     0     0    1    0        0       0      0      0    99
            1   100     0    0    0        0       0    100      0     0
14:21:10  all   101     0    0    0        0       0    101      0    99
            0     0     0    0    0        0       0      0      0   100
            1   100     0    0    0        0       0    100      0     0
14:21:11  all   100     0    1    0        0       0    100      0    99
            0     0     0    1    0        0       0      0      0    99
            1   100     0    0    0        0       0    100      0     0
14:21:12  all   101     0    0    0        0       0    101      0    99
            0     0     0    0    0        0       0      0      0   100
            1   100     0    0    0        0       0    100      0     0
14:21:13  all   100     0    1    0        0       0    100      0    99
            0     0     0    1    0        0       0      0      0    99
            1   100     0    0    0        0       0    100      0     0
14:21:14  all   100     0    1    0        0       0    101      0    99
            0     0     0    1    0        0       0      0      0    99
            1   100     0    0    0        0       0    100      0     0
14:21:15  all   101     0    0    0        0       0    100      1    98
            0     0     0    0    0        0       0      0      1    99
            1   100     0    0    0        0       0    100      0     0
14:21:16  all   101     0    0    0        0       0    101      0    99
            0     0     0    0    0        0       0      0      0   100
            1   100     0    0    0        0       0    100      0     0
14:21:17  all   101     0    0    0        0       0    100      0    99
            0     1     0    0    0        0       0      0      0    99
            1   100     0    0    0        0       0    100      0     0
14:21:18  all   101     0    0    0        0       0    101      0    99
            0     0     0    0    0        0       0      0      0   100
            1   100     0    0    0        0       0    100      0     0
14:21:19  all   101     0    0    0        0       0    101      0    99
            0     0     0    0    0        0       0      0      0   100
            1   100     0    0    0        0       0    100      0     0
14:21:20  all   101     0    0    0        0       0    101      0    99
            0     0     0    0    0        0       0      0      0   100
            1   100     0    0    0        0       0    100      0     0
14:21:21  all   101     0    0    0        0       0    101      0    99
            0     0     0    0    0        0       0      0      0   100
            1   100     0    0    0        0       0    100      0     0
14:21:22  all   101     0    0    0        0       0    101      0    99
            0     0     0    0    0        0       0      0      0   100
            1   100     0    0    0        0       0    100      0     0
14:21:23  all    99     0    1    0        0       0     99      0    99
            0     0     0    0    0        0       0      0      0   100
            1   100     0    0    0        0       0    100      0     0
14:21:24  all   101     0    0    0        0       0    101      0    99
            0     0     0    0    0        0       0      0      0   100
            1   100     0    0    0        0       0    100      0     0
14:21:25  all   100     0    0    0        0       0    101      0   100
            0     0     0    0    0        0       0      0      0   100
            1    99     0    1    0        0       0    100      0     0
14:21:26  all   101     0    0    0        0       0    101      0    99
            0     0     0    0    0        0       0      0      0   100
            1   100     0    0    0        0       0    100      0     0
14:21:27  all   100     0    1    0        0       0     99      0    99
            0     0     0    0    0        0       0      0      0   100
            1    99     0    1    0        0       0     98      0     0
14:21:28  all   100     0    0    0        0       0    100      0   100
            0     0     0    0    0        0       0      0      0   100
            1   100     0    0    0        0       0    100      0     0
14:21:29  all   101     0    0    0        0       0     99      0    99
            0     0     0    0    0        0       0      0      0   100
            1   100     0    0    0        0       0     99      0     0
14:21:30  all   101     0    0    0        0       0    101      0    99
            0     0     0    0    0        0       0      0      0   100
            1   100     0    0    0        0       0    100      0     0
14:21:31  all   100     0    0    0        0       0    101      0   100
            0     0     0    0    0        0       0      0      0   100
            1   100     0    0    0        0       0    101      0     0
14:21:32  all   101     0    0    0        0       0    101      0    99
            0     0     0    0    0        0       0      0      0   100
            1   100     0    0    0        0       0    100      0     0
14:21:33  all   100     0    1    0        0       0    100      0   100
            0     0     0    0    0        0       0      0      0   100
            1   100     0    0    0        0       0    100      0     0
14:21:34  all   101     0    0    0        0       0    101      0    99
            0     0     0    0    0        0       0      0      0   100
            1   100     0    0    0        0       0    100      0     0
14:21:35  all   101     0    0    0        0       0    101      0    99
            0     0     0    0    0        0       0      0      0   100
            1   100     0    0    0        0       0    100      0     0
14:21:36  all   101     0    0    0        0       0    101      0    99
            0     0     0    0    0        0       0      0      0   100
            1   100     0    0    0        0       0    100      0     0
14:21:37  all   101     0    0    0        0       0    101      0    99
            0     0     0    0    0        0       0      0      0   100
            1   100     0    0    0        0       0    100      0     0
14:21:38  all   101     0    0    0        0       0    101      0    99
            0     0     0    0    0        0       0      0      0   100
            1   100     0    0    0        0       0    100      0     0
14:21:39  all   101     0    0    0        0       0    101      0    99
            0     0     0    0    0        0       0      0      0   100
            1   100     0    0    0        0       0    100      0     0
14:21:40  all   101     0    0    0        0       0    101      0    99
            0     0     0    0    0        0       0      0      0   100
            1   100     0    0    0        0       0    100      0     0
14:21:41  all   101     0    0    0        0       0    101      0    99
            0     0     0    0    0        0       0      0      0   100
            1   100     0    0    0        0       0    100      0     0
14:21:42  all   101     0    0    0        0       0    101      0    99
            0     0     0    0    0        0       0      0      0   100
            1   100     0    0    0        0       0    100      0     0
14:21:43  all   101     0    0    0        0       0    101      0    99
            0     0     0    0    0        0       0      0      0   100
            1   100     0    0    0        0       0    100      0     0
14:21:44  all   101     0    0    0        0       0    101      0    99
            0     0     0    0    0        0       0      0      0   100
            1   100     0    0    0        0       0    100      0     0
14:21:45  all   101     0    0    0        0       0    101      0    99
            0     0     0    0    0        0       0      0      0   100
            1   100     0    0    0        0       0    100      0     0
14:21:46  all   101     0    0    0        0       0    101      0    99
            0     0     0    0    0        0       0      0      0   100
            1   100     0    0    0        0       0    100      0     0
14:21:47  all   101     0    0    0        0       0    101      0    99
            0     0     0    0    0        0       0      0      0   100
            1   100     0    0    0        0       0    100      0     0
14:21:48  all   102     0    0    0        0       0    101      0    98
            0     1     0    0    0        0       0      0      0    99
            1   100     0    0    0        0       0    100      0     0
14:21:49  all   100     0    0    0        0       0    100      0   100
            0     0     0    0    0        0       0      0      0   100
            1   100     0    0    0        0       0    100      0     0
14:21:50  all   101     0    0    0        0       0    101      0    99
            0     0     0    0    0        0       0      0      0   100
            1   100     0    0    0        0       0    100      0     0
14:21:51  all   101     0    0    0        0       0    101      0    99
            0     0     0    0    0        0       0      0      0   100
            1   100     0    0    0        0       0    100      0     0
