
o41  4.10.0-42-generic  #46~16.04.1-Ubuntu SMP Mon Dec 4 15:57:59 UTC 2017  x86_64  2017/12/26

-------------------------- analysis date: 2017/12/26 --------------------------

20:00:24  cpu  %usr %nice %sys %irq %softirq  %steal %guest  %wait %idle  _cpu_
20:00:25  all   100     0    0    0        0       0    100      0     0
20:00:26  all   100     0    0    0        0       0    100      0     0
20:00:27  all   100     0    0    0        0       0    100      0     0
20:00:28  all   100     0    0    0        0       0    100      0     0
20:00:29  all   100     0    0    0        0       0    100      0     0
20:00:30  all   100     0    0    0        0       0    100      0     0
20:00:31  all   100     0    0    0        0       0    100      0     0
20:00:32  all    90     0    6    0        4       0     90      0     0
20:00:33  all    88     0    7    0        5       0     88      0     0
20:00:34  all    87     0    6    0        7       0     86      0     0
20:00:35  all    84     0   11    0        5       0     85      0     0
20:00:36  all    91     0    5    0        4       0     90      0     0
20:00:37  all    89     0    5    0        6       0     90      0     0
20:00:38  all    92     0    5    0        3       0     92      0     0
20:00:39  all    88     0    6    0        6       0     87      0     0
20:00:40  all    87     0    8    0        5       0     88      0     0
20:00:41  all    89     0    4    0        7       0     89      0     0
20:00:42  all    88     0    7    0        5       0     88      0     0
20:00:43  all    89     0    4    0        7       0     88      0     0
20:00:44  all    88     0    7    0        5       0     88      0     0
20:00:45  all    87     0    8    0        5       0     88      0     0
20:00:46  all    89     0    7    0        4       0     89      0     0
20:00:47  all    88     0    6    0        6       0     87      0     0
20:00:48  all    88     0    6    0        6       0     88      0     0
20:00:49  all    89     0    5    0        6       0     90      0     0
20:00:50  all    89     0    6    0        5       0     88      0     0
20:00:51  all    87     0    8    0        5       0     88      0     0
20:00:52  all    92     0    4    0        4       0     92      0     0
20:00:53  all    88     0    8    0        4       0     88      0     0
20:00:54  all    90     0    4    0        6       0     90      0     0
20:00:55  all    91     0    4    0        5       0     91      0     0
20:00:56  all    88     0    5    0        7       0     87      0     0
20:00:57  all    90     0    6    0        4       0     90      0     0
20:00:58  all    90     0    5    0        5       0     90      0     0
20:00:59  all    90     0    6    0        4       0     90      0     0
20:01:00  all    88     0    5    0        7       0     88      0     0
20:01:01  all    89     0    5    0        6       0     89      0     0
20:01:02  all    89     0    6    0        5       0     89      0     0
20:01:03  all    90     0    5    0        5       0     90      0     0
20:01:04  all    89     0    8    0        3       0     89      0     0
20:01:05  all    89     0    7    0        4       0     89      0     0
20:01:06  all    90     0    4    0        6       0     91      0     0
20:01:07  all    85     0    9    0        6       0     84      0     0
20:01:08  all    87     0    7    0        6       0     87      0     0
20:01:09  all    88     0    9    0        3       0     88      0     0
20:01:10  all    89     0    6    0        5       0     89      0     0
20:01:11  all    88     0    8    0        4       0     88      0     0
20:01:12  all    87     0    9    0        4       0     87      0     0
20:01:13  all    91     0    4    0        5       0     91      0     0
20:01:14  all    89     0    6    0        5       0     90      0     0
20:01:15  all    88     0    7    0        5       0     87      0     0
20:01:16  all    92     0    5    0        3       0     92      0     0
20:01:17  all    89     0    9    0        2       0     89      0     0
20:01:18  all    90     0    6    0        4       0     90      0     0
20:01:19  all    87     0    8    0        5       0     87      0     0
20:01:20  all    96     0    2    0        2       0     96      0     0
20:01:21  all    89     0    7    0        4       0     89      0     0
20:01:22  all    87     0    7    0        6       0     87      0     0
20:01:23  all    85     0   10    0        5       0     85      0     0
20:01:24  all    87     0    7    0        6       0     87      0     0
20:01:25  all    85     0   10    0        5       0     85      0     0
20:01:26  all    87     0    5    0        8       0     87      0     0
20:01:27  all    89     0    7    0        4       0     89      0     0
20:01:28  all    87     0    9    0        4       0     87      0     0
20:01:29  all    89     0    7    0        4       0     89      0     0
20:01:30  all    88     0    6    0        6       0     88      0     0
20:01:31  all    85     0    8    0        7       0     85      0     0
20:01:32  all    90     0    6    0        4       0     90      0     0
20:01:33  all    85     0    6    0        9       0     85      0     0
20:01:34  all    87     0    6    0        7       0     87      0     0
20:01:35  all    86     0    9    0        5       0     86      0     0
20:01:36  all    88     0    7    0        5       0     87      0     0
20:01:37  all    90     0    4    0        6       0     91      0     0
20:01:38  all    89     0    5    0        6       0     89      0     0
20:01:39  all    91     0    3    0        6       0     90      0     0
20:01:40  all    84     0    7    0        9       0     84      0     0
20:01:41  all    95     0    3    0        2       0     95      0     0
20:01:42  all    86     0   10    0        4       0     87      0     0
20:01:43  all    89     0    8    0        3       0     89      0     0
20:01:44  all    89     0    6    0        5       0     89      0     0
20:01:45  all    84     0    9    0        7       0     84      0     0
20:01:46  all    90     0    7    0        3       0     90      0     0
20:01:47  all    89     0    7    0        4       0     89      0     0
20:01:48  all    89     0    5    0        6       0     89      0     0
20:01:49  all    87     0    7    0        6       0     87      0     0
20:01:50  all    89     0    6    0        5       0     88      0     0
20:01:51  all    88     0    7    0        5       0     89      0     0
20:01:52  all    88     0    7    0        5       0     88      0     0
20:01:53  all    88     0    8    0        4       0     87      0     0
20:01:54  all    86     0    9    0        5       0     87      0     0
20:01:55  all    88     0    6    0        6       0     88      0     0
20:01:56  all    91     0    5    0        4       0     91      0     0
20:01:57  all    87     0    7    0        6       0     87      0     0
20:01:58  all    88     0    8    0        4       0     88      0     0
20:01:59  all    89     0    7    0        4       0     89      0     0
20:02:00  all    89     0    8    0        3       0     88      0     0
20:02:01  all    89     0    6    0        5       0     90      0     0
20:02:02  all    91     0    3    0        6       0     90      0     0
20:02:03  all    91     0    5    0        4       0     92      0     0
20:02:04  all    87     0    7    0        6       0     86      0     0
20:02:05  all    90     0    4    0        6       0     91      0     0
20:02:06  all    90     0    6    0        4       0     90      0     0
20:02:07  all    89     0    6    0        5       0     89      0     0
20:02:08  all    88     0    6    0        6       0     88      0     0
20:02:09  all    90     0    5    0        5       0     90      0     0
20:02:10  all    85     0    8    0        7       0     85      0     0
20:02:11  all    87     0    7    0        6       0     87      0     0
20:02:12  all    89     0    6    0        5       0     88      0     0
20:02:13  all    90     0    6    0        4       0     91      0     0
20:02:14  all    87     0    9    0        4       0     87      0     0
20:02:15  all    89     0    6    0        5       0     89      0     0
20:02:16  all    87     0    7    0        6       0     87      0     0
20:02:17  all    90     0    4    0        6       0     90      0     0
20:02:18  all    89     0    6    0        5       0     89      0     0
20:02:19  all    88     0    5    0        7       0     87      0     0
20:02:20  all    87     0   10    0        3       0     88      0     0
20:02:21  all    88     0    7    0        5       0     88      0     0
20:02:22  all    89     0    7    0        4       0     88      0     0
20:02:23  all    90     0    7    0        3       0     90      0     0
20:02:24  all    89     0    7    0        4       0     88      0     0
20:02:25  all    89     0    7    0        4       0     89      0     0
20:02:26  all    89     0    8    0        3       0     89      0     0
20:02:27  all    87     0    6    0        7       0     87      0     0
20:02:28  all    92     0    4    0        4       0     93      0     0
20:02:29  all    87     0    9    0        4       0     87      0     0
20:02:30  all    89     0    6    0        5       0     89      0     0
20:02:31  all    94     0    3    0        3       0     93      0     0
20:02:32  all    92     0    4    0        4       0     93      0     0
20:02:33  all   100     0    0    0        0       0    100      0     0
20:02:34  all   100     0    0    0        0       0     99      0     0
20:02:35  all    99     0    1    0        0       0    100      0     0
20:02:36  all   100     0    0    0        0       0    100      0     0
20:02:37  all   100     0    0    0        0       0     99      0     0
20:02:38  all   100     0    0    0        0       0    100      0     0
20:02:39  all   100     0    0    0        0       0    100      0     0
