
o41  4.10.0-40-generic  #44~16.04.1-Ubuntu SMP Thu Nov 9 15:37:44 UTC 2017  x86_64  2017/11/30

-------------------------- analysis date: 2017/11/30 --------------------------

14:20:13  cpu  %usr %nice %sys %irq %softirq  %steal %guest  %wait %idle  _cpu_
14:20:14  all     0     0    1    0        0       0      0      0    99
14:20:15  all     0     0    0    0        0       0      0      0   100
14:20:16  all     0     0    0    0        0       0      0      0   100
14:20:17  all     0     0    1    0        0       0      0      0    99
14:20:18  all     1     0    0    0        0       0      0      0    99
14:20:19  all     0     0    1    0        0       0      0      1    98
14:20:20  all     0     0    0    0        0       0      0      0   100
14:20:21  all     0     0    1    0        0       0      0      0    99
14:20:22  all     5     0    3    0        1       0      5      0    91
14:20:23  all    13     0    8    0        1       0     12      0    78
14:20:24  all    10     0   13    0        3       0     10      0    73
14:20:25  all    11     0   12    0        2       0     11      0    74
14:20:26  all    12     0   11    0        1       0     12      0    76
14:20:27  all     9     0   10    0        1       0      8      0    80
14:20:28  all    11     0   10    0        4       0     11      0    75
14:20:29  all    13     0   16    0        2       0     13      0    69
14:20:30  all     9     0   12    0        4       0     10      0    74
14:20:31  all    12     0   15    0        5       0     11      0    68
14:20:32  all    12     0   17    0        3       0     11      0    67
14:20:33  all    15     0    9    0        1       0     15      0    75
14:20:34  all     8     0   14    0        3       0      8      0    75
14:20:35  all    11     0   11    0        4       0     11      0    73
14:20:36  all    17     0   16    0        4       0     16      1    62
14:20:37  all    13     0   15    0        4       0     13      0    67
14:20:38  all    14     0   13    0        4       0     13      0    68
14:20:39  all    10     0   12    0        4       0     11      0    73
14:20:40  all    11     0   12    0        2       0     10      0    74
14:20:41  all     8     0   13    0        2       0      8      0    77
14:20:42  all    11     0   12    0        3       0     11      0    74
14:20:43  all     9     0   15    0        4       0      9      0    71
14:20:44  all    13     0    7    0        2       0     13      0    77
14:20:45  all    13     0   10    0        2       0     13      0    74
14:20:46  all    16     0    4    0        1       0     15      0    79
14:20:47  all     7     0   14    0        0       0      9      0    79
14:20:48  all    10     0   16    0        4       0      9      0    70
14:20:49  all    10     0   14    0        3       0     10      0    73
14:20:50  all     8     0   16    0        2       0      8      0    74
14:20:51  all    13     0   11    0        1       0     13      0    76
14:20:52  all    12     0   14    0        3       0     12      0    71
14:20:53  all    14     0   10    0        3       0     14      0    72
14:20:54  all    12     0   13    0        2       0     11      0    72
14:20:55  all     9     0   13    0        2       0      8      0    76
14:20:56  all     9     0    9    0        2       0     10      0    79
14:20:57  all    11     0   12    0        2       0     10      0    74
14:20:58  all    12     0   14    0        3       0     12      0    70
14:20:59  all    12     0   10    0        5       0     12      0    73
14:21:00  all    11     0   13    0        3       0     11      0    73
14:21:01  all    12     0   15    0        4       0     11      0    69
14:21:02  all     9     0   11    0        1       0     10      0    79
14:21:03  all    10     0   11    0        2       0     10      0    77
14:21:04  all    11     0   14    0        5       0     11      0    70
14:21:05  all    11     0   12    0        4       0     11      0    74
14:21:06  all    13     0   14    0        4       0     13      0    68
14:21:07  all     6     0   11    0        2       0      6      0    81
14:21:08  all    12     0    9    0        2       0     12      0    76
14:21:09  all    18     0    4    0        1       0     18      0    77
14:21:10  all     7     0   15    0        1       0      7      0    77
14:21:11  all     2     0   10    0        1       0      2      0    86
14:21:12  all     5     0    9    0        0       0      5      0    86
14:21:13  all    16     0    3    0        1       0     16      1    79
14:21:14  all     4     0   18    0        0       0      4      0    78
14:21:15  all     6     0    7    0        2       0      6      0    85
14:21:16  all     8     0    7    0        0       0      8      0    85
14:21:17  all    15     0    5    0        1       0     15      0    79
14:21:18  all     4     0   16    0        0       0      3      0    80
14:21:19  all     7     0    9    0        3       0      8      0    81
14:21:20  all    11     0    6    0        2       0     11      0    81
14:21:21  all    12     0    7    0        1       0     12      0    80
14:21:22  all     9     0   12    0        2       0      9      0    76
14:21:23  all    11     0    9    0        2       0     11      0    77
14:21:24  all    12     0   12    0        3       0     11      0    72
14:21:25  all    11     0   13    0        1       0     12      0    74
14:21:26  all     5     0   22    0        3       0      5      0    70
14:21:27  all     3     0    9    0        5       0      3      0    83
14:21:28  all    10     0   10    0        3       0     10      0    77
14:21:29  all     9     0   22    0        3       0      9      0    67
14:21:30  all    14     0   11    0        1       0     13      0    74
14:21:31  all    12     0   14    0        3       0     13      0    70
14:21:32  all    10     0   11    0        1       0     10      0    77
14:21:33  all    13     0   11    0        2       0     12      0    74
14:21:34  all     9     0   10    0        1       0     10      0    80
14:21:35  all    15     0    9    0        2       0     14      1    73
14:21:36  all    11     0    9    0        3       0     12      0    76
14:21:37  all    11     0   14    0        4       0     11      0    71
14:21:38  all    10     0   13    0        5       0     10      0    72
14:21:39  all    14     0   12    0        2       0     14      0    72
14:21:40  all    13     0   14    0        2       0     13      0    71
14:21:41  all    11     0   15    0        2       0     11      0    72
14:21:42  all    11     0    9    0        1       0     10      0    79
14:21:43  all     9     0   12    0        2       0      9      0    77
14:21:44  all    11     0   14    0        5       0     12      0    69
14:21:45  all    12     0   16    0        7       0     11      1    63
14:21:46  all     8     0   18    0        9       0      8      0    64
14:21:47  all    14     0   12    0        7       0     14      0    67
14:21:48  all    17     0   14    0        4       0     17      0    64
14:21:49  all    13     0   12    0        7       0     13      0    68
14:21:50  all    11     0   10    0        1       0     11      0    78
14:21:51  all    10     0   14    0        2       0     10      0    73
14:21:52  all    13     0   10    0        2       0     13      0    74
14:21:53  all    11     0   11    0        2       0     11      0    75
14:21:54  all    13     0   13    0        2       0     13      0    71
14:21:55  all    13     0   17    0        4       0     13      0    66
14:21:56  all    10     0   10    0        1       0     10      0    79
14:21:57  all    14     0   12    0        3       0     14      0    71
14:21:58  all    10     0   10    0        2       0     10      0    78
14:21:59  all    13     0   15    0        1       0     13      0    71
14:22:00  all    10     0   14    0        2       0     10      0    74
14:22:01  all    11     0   15    0        2       0     11      0    71
14:22:02  all    13     0    9    0        2       0     13      0    76
14:22:03  all    10     0   10    0        1       0     10      0    78
14:22:04  all     9     0   16    0        2       0      9      0    73
14:22:05  all    12     0   12    0        3       0     12      0    73
14:22:06  all    14     0   14    0        3       0     14      0    69
14:22:07  all    14     0   14    0        3       0     14      0    69
14:22:08  all     7     0   20    0        1       0      7      0    71
14:22:09  all     4     0   13    0        2       0      4      0    80
14:22:10  all     9     0    7    0        1       0      9      0    83
14:22:11  all    13     0   11    0        2       0     13      0    75
14:22:12  all    11     0   12    0        2       0     11      0    74
14:22:13  all    12     0   14    0        4       0     12      0    70
14:22:14  all    14     0   14    0        2       0     14      0    70
14:22:15  all    13     0   14    0        3       0     13      0    71
14:22:16  all    11     0   13    0        3       0     11      0    73
14:22:17  all    14     0   14    0        3       0     14      0    69
14:22:18  all    11     0   12    0        3       0     11      0    74
14:22:19  all    13     0   14    0        2       0     12      0    70
14:22:20  all    12     0   11    0        2       0     13      0    75
14:22:21  all    10     0   16    0        3       0     10      1    70
14:22:22  all    11     0   13    0        3       0     10      0    72
14:22:23  all     0     0    0    0        0       0      0      0   100
14:22:24  all     0     0    1    0        0       0      0      0    99
14:22:25  all     0     0    0    0        0       0      0      0   100
14:22:26  all     0     0    0    0        0       0      0      0   100
14:22:27  all     0     0    0    0        0       0      0      0   100
14:22:28  all     0     0    0    0        0       0      0      0   100
14:22:29  all     0     0    1    0        0       0      0      0    99
14:22:30  all     0     0    0    0        0       0      0      0   100
14:22:31  all     0     0    0    0        0       0      0      0   100
14:22:32  all     0     0    0    0        0       0      0      0   100
