
o41  4.14.3  #1 SMP Sat Dec 2 23:29:58 EST 2017  x86_64  2017/12/03

-------------------------- analysis date: 2017/12/03 --------------------------

16:42:30  cpu  %usr %nice %sys %irq %softirq  %steal %guest  %wait %idle  _cpu_
16:42:31  all   100     0    0    0        0       0    100      0     0
16:42:32  all   100     0    0    0        0       0    100      0     0
16:42:33  all   100     0    0    0        0       0    100      0     0
16:42:34  all   100     0    0    0        0       0    100      0     0
16:42:35  all   100     0    0    0        0       0    101      0     0
16:42:36  all   100     0    0    0        0       0    100      0     0
16:42:37  all    99     0    1    0        0       0     98      0     0
16:42:38  all   100     0    0    0        0       0    100      0     0
16:42:39  all    97     0    1    0        2       0     97      0     0
16:42:40  all    89     0    7    0        4       0     89      0     0
16:42:41  all    89     0    6    0        5       0     89      0     0
16:42:42  all    91     0    7    0        2       0     91      0     0
16:42:43  all    88     0    7    0        5       0     88      0     0
16:42:44  all    91     0    5    0        4       0     91      0     0
16:42:45  all    88     0    7    0        5       0     88      0     0
16:42:46  all    93     0    5    0        2       0     93      0     0
16:42:47  all    90     0    6    0        4       0     90      0     0
16:42:48  all    92     0    6    0        2       0     92      0     0
16:42:49  all    86     0    6    0        8       0     86      0     0
16:42:50  all    89     0    6    0        5       0     89      0     0
16:42:51  all    88     0    7    0        5       0     88      0     0
16:42:52  all    86     0    6    0        8       0     86      0     0
16:42:53  all    91     0    4    0        5       0     91      0     0
16:42:54  all    88     0    5    0        7       0     88      0     0
16:42:55  all    91     0    6    0        3       0     91      0     0
16:42:56  all    91     0    6    0        3       0     91      0     0
16:42:57  all    90     0    6    0        4       0     90      0     0
16:42:58  all    89     0    6    0        5       0     89      0     0
16:42:59  all    90     0    7    0        3       0     90      0     0
16:43:00  all    87     0    6    0        7       0     87      0     0
16:43:01  all    91     0    6    0        3       0     91      0     0
16:43:02  all    90     0    7    0        3       0     89      0     0
16:43:03  all    90     0    7    0        3       0     90      0     0
16:43:04  all    87     0    5    0        8       0     88      0     0
16:43:05  all    88     0    7    0        5       0     87      0     0
16:43:06  all    90     0    6    0        4       0     90      0     0
16:43:07  all    91     0    5    0        4       0     91      0     0
16:43:08  all    85     0    6    0        9       0     86      0     0
16:43:09  all    88     0    4    0        8       0     87      0     0
16:43:10  all    88     0    8    0        4       0     88      0     0
16:43:11  all    88     0    6    0        6       0     89      0     0
16:43:12  all    89     0    5    0        6       0     89      0     0
16:43:13  all    88     0    7    0        5       0     87      0     0
16:43:14  all    90     0    6    0        4       0     91      0     0
16:43:15  all    92     0    4    0        4       0     92      0     0
16:43:16  all    89     0    7    0        4       0     88      0     0
16:43:17  all    87     0    6    0        7       0     88      0     0
16:43:18  all    93     0    5    0        2       0     92      0     0
16:43:19  all    89     0    6    0        5       0     90      0     0
16:43:20  all    89     0    6    0        5       0     89      0     0
16:43:21  all    87     0    8    0        5       0     86      0     0
16:43:22  all    91     0    4    0        5       0     91      0     0
16:43:23  all    87     0    7    0        6       0     88      0     0
16:43:24  all    88     0    4    0        8       0     88      0     0
16:43:25  all    89     0    6    0        5       0     89      0     0
16:43:26  all    90     0    7    0        3       0     90      0     0
16:43:27  all    88     0    6    0        6       0     87      0     0
16:43:28  all    90     0    8    0        2       0     91      0     0
16:43:29  all    87     0    6    0        7       0     87      0     0
16:43:30  all    90     0    6    0        4       0     90      0     0
16:43:31  all    91     0    4    0        5       0     90      0     0
16:43:32  all    83     0   12    0        5       0     84      0     0
16:43:33  all    82     0   10    0        8       0     82      0     0
16:43:34  all    88     0    8    0        4       0     87      0     0
16:43:35  all    84     0   10    0        6       0     85      0     0
16:43:36  all    85     0    9    0        6       0     85      0     0
16:43:37  all    86     0    7    0        7       0     85      0     0
16:43:38  all    85     0   10    0        5       0     86      0     0
16:43:39  all    86     0    8    0        6       0     85      0     0
16:43:40  all    84     0   10    0        6       0     83      0     0
16:43:41  all    85     0    9    0        6       0     86      0     0
16:43:42  all    89     0    5    0        6       0     89      0     0
16:43:43  all    88     0    6    0        6       0     88      0     0
16:43:44  all    89     0    5    0        6       0     89      0     0
16:43:45  all    88     0    7    0        5       0     87      0     0
16:43:46  all    89     0    6    0        5       0     90      0     0
16:43:47  all    89     0    4    0        7       0     89      0     0
16:43:48  all    93     0    4    0        3       0     93      0     0
16:43:49  all    89     0    6    0        5       0     89      0     0
16:43:50  all    91     0    6    0        3       0     91      0     0
16:43:51  all    87     0    5    0        8       0     87      0     0
16:43:52  all    90     0    5    0        5       0     90      0     0
16:43:53  all    89     0    6    0        5       0     89      0     0
16:43:54  all    90     0    5    0        5       0     90      0     0
16:43:55  all    91     0    6    0        3       0     90      0     0
16:43:56  all    88     0    7    0        5       0     89      0     0
16:43:57  all    91     0    4    0        5       0     91      0     0
16:43:58  all    91     0    6    0        3       0     90      0     0
16:43:59  all    93     0    5    0        2       0     94      0     0
16:44:00  all    89     0    5    0        6       0     89      0     0
16:44:01  all    90     0    6    0        4       0     90      0     0
16:44:02  all    86     0    6    0        8       0     86      0     0
16:44:03  all    88     0    6    0        6       0     87      0     0
16:44:04  all    87     0    8    0        5       0     88      0     0
16:44:05  all    84     0   10    0        6       0     81      0     0
16:44:06  all    89     0    6    0        5       0     90      0     0
16:44:07  all    87     0    6    0        7       0     87      0     0
16:44:08  all    90     0    6    0        4       0     89      0     0
16:44:09  all    88     0    6    0        6       0     88      0     0
16:44:10  all    87     0    5    0        8       0     88      0     0
16:44:11  all    91     0    5    0        4       0     91      0     0
16:44:12  all    92     0    6    0        2       0     91      0     0
16:44:13  all    88     0    8    0        4       0     89      0     0
16:44:14  all    89     0    7    0        4       0     89      0     0
16:44:15  all    88     0    7    0        5       0     87      0     0
16:44:16  all    86     0    8    0        6       0     86      0     0
16:44:17  all    87     0    8    0        5       0     88      0     0
16:44:18  all    91     0    5    0        4       0     90      0     0
16:44:19  all    87     0    6    0        7       0     87      0     0
16:44:20  all    89     0    7    0        4       0     90      0     0
16:44:21  all    89     0    6    0        5       0     88      0     0
16:44:22  all    86     0   10    0        4       0     86      0     0
16:44:23  all    87     0   10    0        3       0     87      0     0
16:44:24  all    83     0   13    0        4       0     83      0     0
16:44:25  all    86     0    7    0        7       0     86      0     0
16:44:26  all    87     0    8    0        5       0     87      0     0
16:44:27  all    90     0    5    0        5       0     90      0     0
16:44:28  all    90     0    6    0        4       0     90      0     0
16:44:29  all    88     0    7    0        5       0     88      0     0
16:44:30  all    91     0    7    0        2       0     91      0     0
16:44:31  all    87     0    8    0        5       0     87      0     0
16:44:32  all    87     0    7    0        6       0     87      0     0
16:44:33  all    88     0    7    0        5       0     88      0     0
16:44:34  all    89     0    4    0        7       0     89      0     0
16:44:35  all    88     0    8    0        4       0     88      0     0
16:44:36  all    89     0    5    0        6       0     89      0     0
16:44:37  all    89     0    6    0        5       0     89      0     0
16:44:38  all    87     0    8    0        5       0     87      0     0
16:44:39  all    92     0    4    0        4       0     92      0     0
16:44:40  all   100     0    0    0        0       0    100      0     0
16:44:41  all   100     0    0    0        0       0    100      0     0
16:44:42  all   100     0    0    0        0       0    100      0     0
16:44:43  all   100     0    0    0        0       0    100      0     0
16:44:44  all   100     0    0    0        0       0    100      0     0
16:44:45  all   100     0    0    0        0       0     99      0     0
16:44:46  all   100     0    0    0        0       0    100      0     0
16:44:47  all   100     0    0    0        0       0    100      0     0
16:44:48  all   100     0    0    0        0       0    100      0     0
16:44:49  all   100     0    0    0        0       0    100      0     0
