
o41  4.10.0-40-generic  #44~16.04.1-Ubuntu SMP Thu Nov 9 15:37:44 UTC 2017  x86_64  2017/11/29

-------------------------- analysis date: 2017/11/29 --------------------------

15:07:45  cpu  %usr %nice %sys %irq %softirq  %steal %guest  %wait %idle  _cpu_
15:07:46  all    99     0    1    0        0       0     99      0     0
15:07:47  all   100     0    0    0        0       0    100      0     0
15:07:48  all   100     0    0    0        0       0    100      0     0
15:07:49  all   100     0    0    0        0       0    100      0     0
15:07:50  all   100     0    0    0        0       0    101      0     0
15:07:51  all   100     0    0    0        0       0    100      0     0
15:07:52  all   100     0    0    0        0       0    100      0     0
15:07:53  all   100     0    0    0        0       0    100      0     0
15:07:54  all    96     0    4    0        0       0     95      0     0
15:07:55  all    90     0    4    0        6       0     90      0     0
15:07:56  all    91     0    6    0        3       0     91      0     0
15:07:57  all    90     0    5    0        5       0     90      0     0
15:07:58  all    90     0    8    0        2       0     90      0     0
15:07:59  all    87     0    7    0        6       0     87      0     0
15:08:00  all    86     0    6    0        8       0     86      0     0
15:08:01  all    90     0    6    0        4       0     90      0     0
15:08:02  all    89     0    6    0        5       0     89      0     0
15:08:03  all    90     0    4    0        6       0     90      0     0
15:08:04  all    91     0    6    0        3       0     91      0     0
15:08:05  all    88     0    7    0        5       0     89      0     0
15:08:06  all    93     0    4    0        3       0     92      0     0
15:08:07  all    87     0    9    0        4       0     87      0     0
15:08:08  all    90     0    7    0        3       0     90      0     0
15:08:09  all    88     0    7    0        5       0     88      0     0
15:08:10  all    89     0    6    0        5       0     89      0     0
15:08:11  all    86     0    9    0        5       0     85      0     0
15:08:12  all    86     0    9    0        5       0     87      0     0
15:08:13  all    87     0    7    0        6       0     87      0     0
15:08:14  all    91     0    5    0        4       0     91      0     0
15:08:15  all    89     0    6    0        5       0     89      0     0
15:08:16  all    86     0    8    0        6       0     86      0     0
15:08:17  all    90     0    6    0        4       0     90      0     0
15:08:18  all    93     0    6    0        1       0     92      0     0
15:08:19  all    85     0    6    0        9       0     86      0     0
15:08:20  all    86     0    8    0        6       0     86      0     0
15:08:21  all    87     0    8    0        5       0     86      0     0
15:08:22  all    89     0    6    0        5       0     90      0     0
15:08:23  all    90     0    7    0        3       0     90      0     0
15:08:24  all    88     0    8    0        4       0     88      0     0
15:08:25  all    92     0    6    0        2       0     92      0     0
15:08:26  all    88     0    7    0        5       0     87      0     0
15:08:27  all    87     0    6    0        7       0     88      0     0
15:08:28  all    92     0    5    0        3       0     92      0     0
15:08:29  all    86     0    9    0        5       0     85      0     0
15:08:30  all    91     0    6    0        3       0     92      0     0
15:08:31  all    90     0    5    0        5       0     90      0     0
15:08:32  all    90     0    5    0        5       0     90      0     0
15:08:33  all    89     0    7    0        4       0     88      0     0
15:08:34  all    89     0    6    0        5       0     90      0     0
15:08:35  all    87     0    8    0        5       0     87      0     0
15:08:36  all    87     0    7    0        6       0     87      0     0
15:08:37  all    90     0    6    0        4       0     90      0     0
15:08:38  all    89     0    5    0        6       0     89      0     0
15:08:39  all    85     0    6    0        9       0     85      0     0
15:08:40  all    90     0    5    0        5       0     89      0     0
15:08:41  all    85     0    8    0        7       0     85      0     0
15:08:42  all    88     0    6    0        6       0     88      0     0
15:08:43  all    88     0    6    0        6       0     89      0     0
15:08:44  all    89     0    4    0        7       0     88      0     0
15:08:45  all    86     0    7    0        7       0     87      0     0
15:08:46  all    88     0    7    0        5       0     87      0     0
15:08:47  all    88     0    8    0        4       0     88      0     0
15:08:48  all    86     0    9    0        5       0     87      0     0
15:08:49  all    89     0    5    0        6       0     88      0     0
15:08:50  all    88     0    7    0        5       0     88      0     0
15:08:51  all    87     0    7    0        6       0     87      0     0
15:08:52  all    91     0    5    0        4       0     92      0     0
15:08:53  all    88     0    7    0        5       0     87      0     0
15:08:54  all    91     0    5    0        4       0     92      0     0
15:08:55  all    91     0    4    0        5       0     90      0     0
15:08:56  all    92     0    5    0        3       0     92      0     0
15:08:57  all    89     0    5    0        6       0     90      0     0
15:08:58  all    88     0    6    0        6       0     88      0     0
15:08:59  all    88     0    7    0        5       0     87      0     0
15:09:00  all    92     0    4    0        4       0     93      0     0
15:09:01  all    85     0    9    0        6       0     85      0     0
15:09:02  all    87     0    8    0        5       0     87      0     0
15:09:03  all    89     0    4    0        7       0     89      0     0
15:09:04  all    85     0   11    0        4       0     84      0     0
15:09:05  all    87     0    6    0        7       0     87      0     0
15:09:06  all    87     0    7    0        6       0     88      0     0
15:09:07  all    89     0    5    0        6       0     89      0     0
15:09:08  all    90     0    6    0        4       0     89      0     0
15:09:09  all    89     0    6    0        5       0     90      0     0
15:09:10  all    90     0    6    0        4       0     90      0     0
15:09:11  all    90     0    5    0        5       0     89      0     0
15:09:12  all    88     0    8    0        4       0     87      0     0
15:09:13  all    94     0    2    0        4       0     95      0     0
15:09:14  all    86     0    8    0        6       0     86      0     0
15:09:15  all    90     0    5    0        5       0     90      0     0
15:09:16  all    89     0    6    0        5       0     89      0     0
15:09:17  all    85     0    7    0        8       0     84      0     0
15:09:18  all    92     0    7    0        1       0     93      0     0
15:09:19  all    92     0    4    0        4       0     91      0     0
15:09:20  all    88     0    8    0        4       0     89      0     0
15:09:21  all    88     0    8    0        4       0     88      0     0
15:09:22  all    88     0    8    0        4       0     87      0     0
15:09:23  all    91     0    6    0        3       0     91      0     0
15:09:24  all    86     0    8    0        6       0     86      0     0
15:09:25  all    85     0   10    0        5       0     86      0     0
15:09:26  all    85     0    8    0        7       0     84      0     0
15:09:27  all    87     0    9    0        4       0     87      0     0
15:09:28  all    87     0    8    0        5       0     87      0     0
15:09:29  all    88     0    7    0        5       0     89      0     0
15:09:30  all    85     0   10    0        5       0     85      0     0
15:09:31  all    88     0    6    0        6       0     87      0     0
15:09:32  all    90     0    6    0        4       0     91      0     0
15:09:33  all    89     0    6    0        5       0     89      0     0
15:09:34  all    87     0    6    0        7       0     86      0     0
15:09:35  all    87     0    9    0        4       0     87      0     0
15:09:36  all    89     0    7    0        4       0     90      0     0
15:09:37  all    90     0    6    0        4       0     90      0     0
15:09:38  all    90     0    5    0        5       0     90      0     0
15:09:39  all    89     0    5    0        6       0     89      0     0
15:09:40  all    87     0   10    0        3       0     87      0     0
15:09:41  all    91     0    6    0        3       0     91      0     0
15:09:42  all    89     0    5    0        6       0     89      0     0
15:09:43  all    85     0   10    0        5       0     84      0     0
15:09:44  all    88     0    7    0        5       0     88      0     0
15:09:45  all    91     0    6    0        3       0     91      0     0
15:09:46  all    86     0    5    0        9       0     87      0     0
15:09:47  all    91     0    6    0        3       0     90      0     0
15:09:48  all    86     0    8    0        6       0     86      0     0
15:09:49  all    86     0    8    0        6       0     86      0     0
15:09:50  all    89     0    7    0        4       0     89      0     0
15:09:51  all    89     0    4    0        7       0     89      0     0
15:09:52  all    88     0    8    0        4       0     88      0     0
15:09:53  all    92     0    5    0        3       0     92      0     0
15:09:54  all    93     0    3    0        4       0     93      0     0
15:09:55  all   100     0    0    0        0       0    100      0     0
15:09:56  all   100     0    0    0        0       0    100      0     0
15:09:57  all   100     0    0    0        0       0    100      0     0
15:09:58  all   100     0    0    0        0       0    100      0     0
15:09:59  all   100     0    0    0        0       0    100      0     0
15:10:00  all   100     0    0    0        0       0    100      0     0
15:10:01  all   100     0    0    0        0       0    100      0     0
15:10:02  all   100     0    0    0        0       0    100      0     0
15:10:03  all   100     0    0    0        0       0    100      0     0
15:10:04  all   100     0    0    0        0       0    100      0     0
