
o41  4.14.3  #1 SMP Sat Dec 2 23:29:58 EST 2017  x86_64  2017/12/03

-------------------------- analysis date: 2017/12/03 --------------------------

16:52:07  cpu  %usr %nice %sys %irq %softirq  %steal %guest  %wait %idle  _cpu_
16:52:08  all   100     0    0    0        0       0    100      0     0
16:52:09  all   100     0    0    0        0       0    100      0     0
16:52:10  all   100     0    0    0        0       0     99      0     0
16:52:11  all   100     0    0    0        0       0    101      0     0
16:52:12  all    98     0    2    0        0       0     98      0     0
16:52:13  all   100     0    0    0        0       0    100      0     0
16:52:14  all   100     0    0    0        0       0    100      0     0
16:52:15  all   100     0    0    0        0       0    100      0     0
16:52:16  all    99     0    1    0        0       0     98      0     0
16:52:17  all   100     0    0    0        0       0    100      0     0
16:52:18  all   100     0    0    0        0       0    100      0     0
16:52:19  all    98     0    2    0        0       0     98      0     0
16:52:20  all    99     0    1    0        0       0     99      0     0
16:52:21  all    98     0    2    0        0       0     99      0     0
16:52:22  all   100     0    0    0        0       0    100      0     0
16:52:23  all    98     0    2    0        0       0     97      0     0
16:52:24  all    99     0    1    0        0       0     99      0     0
16:52:25  all    99     0    1    0        0       0     99      0     0
16:52:26  all   100     0    0    0        0       0    101      0     0
16:52:27  all    98     0    2    0        0       0     97      0     0
16:52:28  all    99     0    1    0        0       0     99      0     0
16:52:29  all    99     0    1    0        0       0    100      0     0
16:52:30  all    99     0    1    0        0       0     98      0     0
16:52:31  all    99     0    1    0        0       0    100      0     0
16:52:32  all    99     0    1    0        0       0     98      0     0
16:52:33  all    99     0    1    0        0       0     99      0     0
16:52:34  all    99     0    1    0        0       0     99      0     0
16:52:35  all    99     0    1    0        0       0     99      0     0
16:52:36  all    98     0    2    0        0       0     98      0     0
16:52:37  all    99     0    1    0        0       0     99      0     0
16:52:38  all    99     0    1    0        0       0    100      0     0
16:52:39  all    99     0    1    0        0       0     98      0     0
16:52:40  all    99     0    1    0        0       0    100      0     0
16:52:41  all    98     0    2    0        0       0     97      0     0
16:52:42  all    99     0    1    0        0       0     99      0     0
16:52:43  all    97     0    3    0        0       0     97      0     0
16:52:44  all    99     0    1    0        0       0     99      0     0
16:52:45  all    99     0    1    0        0       0    100      0     0
16:52:46  all    98     0    2    0        0       0     98      0     0
16:52:47  all    99     0    1    0        0       0     98      0     0
16:52:48  all    99     0    1    0        0       0     99      0     0
16:52:49  all    98     0    2    0        0       0     99      0     0
16:52:50  all    98     0    2    0        0       0     98      0     0
16:52:51  all    99     0    1    0        0       0     98      0     0
16:52:52  all    99     0    1    0        0       0    100      0     0
16:52:53  all   100     0    0    0        0       0    100      0     0
16:52:54  all   100     0    0    0        0       0    100      0     0
16:52:55  all    99     0    1    0        0       0     98      0     0
16:52:56  all    99     0    1    0        0       0     99      0     0
16:52:57  all    99     0    1    0        0       0     99      0     0
16:52:58  all    99     0    1    0        0       0     99      0     0
16:52:59  all    98     0    2    0        0       0     99      0     0
16:53:00  all   100     0    0    0        0       0     99      0     0
16:53:01  all    99     0    1    0        0       0     99      0     0
16:53:02  all    99     0    1    0        0       0     99      0     0
16:53:03  all    99     0    1    0        0       0     99      0     0
16:53:04  all    99     0    1    0        0       0    100      0     0
16:53:05  all    99     0    1    0        0       0     98      0     0
16:53:06  all    99     0    1    0        0       0    100      0     0
16:53:07  all   100     0    0    0        0       0    100      0     0
16:53:08  all    98     0    2    0        0       0     98      0     0
16:53:09  all    99     0    1    0        0       0     98      0     0
16:53:10  all    99     0    1    0        0       0    100      0     0
16:53:11  all   100     0    0    0        0       0     99      0     0
16:53:12  all    99     0    1    0        0       0     99      0     0
16:53:13  all    98     0    2    0        0       0     98      0     0
16:53:14  all    99     0    1    0        0       0     99      0     0
16:53:15  all    99     0    1    0        0       0     99      0     0
16:53:16  all    99     0    1    0        0       0     99      0     0
16:53:17  all   100     0    0    0        0       0    100      0     0
16:53:18  all    99     0    1    0        0       0     99      0     0
16:53:19  all    99     0    1    0        0       0     99      0     0
16:53:20  all   100     0    0    0        0       0    100      0     0
16:53:21  all    99     0    1    0        0       0     99      0     0
16:53:22  all    99     0    1    0        0       0     99      0     0
16:53:23  all    98     0    2    0        0       0     98      0     0
16:53:24  all    99     0    1    0        0       0     99      0     0
16:53:25  all    97     0    3    0        0       0     97      0     0
16:53:26  all    98     0    2    0        0       0     98      0     0
16:53:27  all   100     0    0    0        0       0    100      0     0
16:53:28  all    99     0    1    0        0       0     99      0     0
16:53:29  all    99     0    1    0        0       0     99      0     0
16:53:30  all    99     0    1    0        0       0     99      0     0
16:53:31  all    99     0    1    0        0       0     99      0     0
16:53:32  all    99     0    1    0        0       0     99      0     0
16:53:33  all    98     0    2    0        0       0     98      0     0
16:53:34  all   100     0    0    0        0       0    100      0     0
16:53:35  all    98     0    2    0        0       0     98      0     0
16:53:36  all   100     0    0    0        0       0    100      0     0
16:53:37  all    98     0    2    0        0       0     98      0     0
16:53:38  all   100     0    0    0        0       0    100      0     0
16:53:39  all    99     0    1    0        0       0     99      0     0
16:53:40  all    99     0    1    0        0       0     99      0     0
16:53:41  all    99     0    1    0        0       0     99      0     0
16:53:42  all    98     0    2    0        0       0     98      0     0
16:53:43  all    99     0    1    0        0       0     99      0     0
16:53:44  all    99     0    1    0        0       0     99      0     0
16:53:45  all    99     0    1    0        0       0     99      0     0
16:53:46  all    99     0    1    0        0       0     99      0     0
16:53:47  all    98     0    2    0        0       0     98      0     0
16:53:48  all   100     0    0    0        0       0    100      0     0
16:53:49  all    98     0    2    0        0       0     98      0     0
16:53:50  all    99     0    1    0        0       0     99      0     0
16:53:51  all    98     0    2    0        0       0     98      0     0
16:53:52  all    99     0    1    0        0       0     99      0     0
16:53:53  all    98     0    2    0        0       0     98      0     0
16:53:54  all    99     0    1    0        0       0     99      0     0
16:53:55  all    99     0    1    0        0       0     99      0     0
16:53:56  all    98     0    2    0        0       0     98      0     0
16:53:57  all   100     0    0    0        0       0    100      0     0
16:53:58  all    98     0    2    0        0       0     98      0     0
16:53:59  all    97     0    3    0        0       0     97      0     0
16:54:00  all    97     0    3    0        0       0     97      0     0
16:54:01  all   100     0    0    0        0       0    100      0     0
16:54:02  all    99     0    1    0        0       0     99      0     0
16:54:03  all    99     0    1    0        0       0     99      0     0
16:54:04  all    99     0    1    0        0       0     99      0     0
16:54:05  all    99     0    1    0        0       0     99      0     0
16:54:06  all    98     0    2    0        0       0     98      0     0
16:54:07  all    99     0    1    0        0       0     98      0     0
16:54:08  all    98     0    2    0        0       0     98      0     0
16:54:09  all    99     0    1    0        0       0     99      0     0
16:54:10  all    98     0    2    0        0       0     98      0     0
16:54:11  all    99     0    1    0        0       0     99      0     0
16:54:12  all    98     0    2    0        0       0     98      0     0
16:54:13  all    99     0    1    0        0       0     98      0     0
16:54:14  all   100     0    0    0        0       0    101      0     0
16:54:15  all    98     0    2    0        0       0     97      0     0
16:54:16  all    99     0    1    0        0       0     99      0     0
16:54:17  all    99     0    1    0        0       0     99      0     0
16:54:18  all   100     0    0    0        0       0    100      0     0
16:54:19  all    99     0    1    0        0       0     99      0     0
16:54:20  all   100     0    0    0        0       0     99      0     0
16:54:21  all   100     0    0    0        0       0    100      0     0
16:54:22  all   100     0    0    0        0       0     99      0     0
16:54:23  all   100     0    0    0        0       0    100      0     0
16:54:24  all   100     0    0    0        0       0     99      0     0
16:54:25  all    99     0    1    0        0       0    100      0     0
16:54:26  all    99     0    1    0        0       0     99      0     0
16:54:27  all   100     0    0    0        0       0     99      0     0
16:54:28  all    99     0    1    0        0       0    100      0     0
