
itri  4.4.0-87-generic  #110-Ubuntu SMP Tue Jul 18 12:55:35 UTC 2017  x86_64  2018/01/02

-------------------------- analysis date: 2018/01/02 --------------------------

20:12:37  cpu  %usr %nice %sys %irq %softirq  %steal %guest  %wait %idle  _cpu_
20:12:38  all     0     0    1    0        0       0      0      0    99
20:12:39  all     0     0    1    0        0       0      0      0    99
20:12:40  all     0     0    0    0        0       0      0      0   100
20:12:41  all     0     0    0    0        0       0      0      0   100
20:12:42  all     0     0    0    0        0       0      0      0   100
20:12:43  all     0     0    2    0        1       4      0      0    93
20:12:44  all     0     0    3    0        0       5      0      0    91
20:12:45  all     1     0    3    0        0       3      0      0    93
20:12:46  all     0     0    0    0        0       4      0      0    96
20:12:47  all     0     0    2    0        2       3      0      0    93
20:12:48  all     1     0    3    0        0       4      0      0    92
20:12:49  all     0     0    2    0        0       2      0      0    96
20:12:50  all     0     0    3    0        0       5      0      0    92
20:12:51  all     0     0    3    0        1       4      0      0    91
20:12:52  all     0     0    3    0        1       4      0      0    92
20:12:53  all     0     0    1    0        2       4      0      0    93
20:12:54  all     0     0    2    0        0       3      0      0    95
20:12:55  all     0     0    1    0        1       4      0      2    91
20:12:56  all     0     0    3    0        0       5      0      0    91
20:12:57  all     0     0    2    0        1       4      0      0    92
20:12:58  all     1     0    1    0        0       4      0      0    94
20:12:59  all     0     0    2    0        1       3      0      0    94
20:13:00  all     0     0    2    0        1       4      0      0    93
20:13:01  all     0     0    2    0        0       4      0      0    94
20:13:02  all     0     0    2    0        0       4      0      0    93
20:13:03  all     1     0    3    0        1       3      0      0    92
20:13:04  all     0     0    2    0        0       4      0      0    94
20:13:05  all     0     0    2    0        0       4      0      0    93
20:13:06  all     0     0    3    0        1       4      0      0    92
20:13:07  all     1     0    2    0        0       4      0      0    92
20:13:08  all     0     0    2    0        1       4      0      0    92
20:13:09  all     1     0    2    0        1       4      0      0    92
20:13:10  all     0     0    3    0        0       3      0      0    94
20:13:11  all     0     0    2    0        1       3      0      0    94
20:13:12  all     0     0    1    0        1       5      0      0    92
20:13:13  all     0     0    2    0        0       4      0      0    94
20:13:14  all     0     0    3    0        1       4      0      0    91
20:13:15  all     0     0    2    0        0       3      0      0    95
20:13:16  all     0     0    1    0        0       4      0      0    95
20:13:17  all     0     0    1    0        1       3      0      0    95
20:13:18  all     0     0    3    0        0       5      0      0    91
20:13:19  all     0     0    1    0        1       4      0      0    94
20:13:20  all     0     0    1    0        1       3      0      0    95
20:13:21  all     0     0    0    0        0       3      0      0    97
20:13:22  all     0     0    1    0        1       4      0      0    94
20:13:23  all     0     0    3    0        1       3      0      0    93
20:13:24  all     0     0    1    0        0       4      0      0    95
20:13:25  all     0     0    1    0        0       4      0      0    95
20:13:26  all     0     0    2    0        0       3      0      0    95
20:13:27  all     0     0    2    0        0       4      0      0    94
20:13:28  all     0     0    2    0        2       4      0      0    91
20:13:29  all     0     0    2    0        0       4      0      0    93
20:13:30  all     0     0    2    0        0       4      0      0    94
20:13:31  all     0     0    1    0        0       3      0      0    96
20:13:32  all     0     0    1    0        1       3      0      0    95
20:13:33  all     0     0    2    0        0       7      0      0    91
20:13:34  all     0     0    1    0        1       4      0      0    93
20:13:35  all     0     0    1    0        0       3      0      0    96
20:13:36  all     0     0    2    0        0       4      0      0    94
20:13:37  all     0     0    2    0        2       3      0      0    93
20:13:38  all     0     0    1    0        0       4      0      0    95
20:13:39  all     0     0    3    0        1       4      0      0    92
20:13:40  all     0     0    1    0        0       4      0      0    95
20:13:41  all     0     0    1    0        1       4      0      0    93
20:13:42  all     0     0    1    0        0       3      0      0    96
20:13:43  all     0     0    0    0        1       4      0      0    95
20:13:44  all     0     0    1    0        0       5      0      0    93
20:13:45  all     0     0    2    0        0       4      0      0    93
20:13:46  all     0     0    0    0        1       5      0      0    94
20:13:47  all     1     0    2    0        0       4      0      0    92
20:13:48  all     0     0    1    0        0       3      0      0    96
20:13:49  all     0     0    0    0        0       3      0      0    97
20:13:50  all     0     0    1    0        0       4      0      0    95
20:13:51  all     0     0    2    0        1       4      0      0    92
20:13:52  all     0     0    0    0        0       7      0      0    93
20:13:53  all     0     0    2    0        1       6      0      0    91
20:13:54  all     0     0    1    0        0       6      0      0    92
20:13:55  all     0     0    1    0        0       4      0      0    95
20:13:56  all     0     0    0    0        0       2      0      0    98
20:13:57  all     0     0    2    0        2       4      0      0    92
20:13:58  all     0     0    2    0        0       4      0      0    94
20:13:59  all     0     0    1    0        1       4      0      1    92
20:14:00  all     0     0    1    0        0       4      0      0    94
20:14:01  all     0     0    4    0        1       4      0      0    91
20:14:02  all     0     0    1    0        0       4      0      0    95
20:14:03  all     0     0    1    0        0       3      0      0    96
20:14:04  all     0     0    3    0        0       5      0      0    91
20:14:05  all     0     0    3    0        0       3      0      0    94
20:14:06  all     0     0    1    0        0       3      0      0    96
20:14:07  all     0     0    2    0        0       3      0      0    95
20:14:08  all     0     0    1    0        1       5      0      0    92
20:14:09  all     1     0    2    0        1       4      0      0    91
20:14:10  all     0     0    1    0        0       4      0      0    95
20:14:11  all     0     0    3    0        0       3      0      0    94
20:14:12  all     0     0    1    0        1       3      0      0    95
20:14:13  all     0     0    2    0        1       4      0      0    93
20:14:14  all     0     0    3    0        0       3      0      0    94
20:14:15  all     1     0    2    0        0       4      0      0    92
20:14:16  all     0     0    2    0        1       3      0      0    94
20:14:17  all     1     0    0    0        0       3      0      0    96
20:14:18  all     0     0    1    0        1       3      0      0    95
20:14:19  all     0     0    2    0        0       5      0      0    92
20:14:20  all     0     0    2    0        2       3      0      0    92
20:14:21  all     0     0    1    0        0       4      0      0    95
20:14:22  all     0     0    2    0        1       4      0      0    93
20:14:23  all     0     0    2    0        1       4      0      0    93
20:14:24  all     0     0    2    0        0       4      0      0    93
20:14:25  all     0     0    3    0        1       4      0      0    91
20:14:26  all     1     0    2    0        1       4      0      0    91
20:14:27  all     0     0    3    0        0       4      0      0    93
20:14:28  all     0     0    2    0        0       3      0      0    95
20:14:29  all     0     0    1    0        1       4      0      0    94
20:14:30  all     0     0    3    0        1       4      0      0    91
20:14:31  all     1     0    1    0        0       4      0      0    93
20:14:32  all     0     0    1    0        1       4      0      0    93
20:14:33  all     0     0    2    0        0       4      0      0    94
20:14:34  all     0     0    2    0        0       4      0      0    93
20:14:35  all     0     0    3    0        1       5      0      0    91
20:14:36  all     0     0    1    0        1       3      0      0    95
20:14:37  all     0     0    1    0        1       3      0      0    95
20:14:38  all     0     0    1    0        0       4      0      0    95
20:14:39  all     0     0    2    0        0       4      0      0    93
20:14:40  all     0     0    4    0        0       5      0      0    90
20:14:41  all     0     0    2    0        0       5      0      0    92
20:14:42  all     0     0    2    0        1       4      0      0    92
20:14:43  all     0     0    0    0        1       0      0      0    99
20:14:44  all     0     0    0    0        0       0      0      0   100
20:14:45  all     0     0    0    0        0       0      0      0   100
20:14:46  all     0     0    0    0        0       0      0      0   100
20:14:47  all     0     0    0    0        0       0      0      0   100
