
o41  4.10.0-40-generic  #44~16.04.1-Ubuntu SMP Thu Nov 9 15:37:44 UTC 2017  x86_64  2017/11/29

-------------------------- analysis date: 2017/11/29 --------------------------

16:26:11  cpu  %usr %nice %sys %irq %softirq  %steal %guest  %wait %idle  _cpu_
16:26:12  all     0     0    0    0        0       0      0      0   100
16:26:13  all     0     0    0    0        0       0      0      0   100
16:26:14  all     1     0    0    0        0       0      0      0    99
16:26:15  all     0     0    0    0        0       0      0      0   100
16:26:16  all     0     0    0    0        0       0      0      0   100
16:26:17  all     0     0    0    0        0       0      0      0   100
16:26:18  all     0     0    0    0        0       0      0      1    99
16:26:19  all     8     0   26    0        2       0      4      0    64
16:26:20  all    11     0   81    0        7       0      6      0     1
16:26:21  all    13     0   78    0        6       0      8      0     3
16:26:22  all    12     0   82    0        5       0      7      0     1
16:26:23  all    14     0   79    0        5       0      7      0     2
16:26:24  all    15     0   79    0        5       0      9      0     1
16:26:25  all    13     0   80    0        5       0      9      0     2
16:26:26  all    12     0   82    0        5       0      7      0     1
16:26:27  all    16     0   77    0        5       0      9      0     2
16:26:28  all    12     0   79    0        8       0      7      0     1
16:26:29  all    14     0   79    0        6       0      7      0     1
16:26:30  all    13     0   78    0        6       0      5      0     2
16:26:31  all    11     0   83    0        5       0      7      0     1
16:26:32  all    18     0   73    0        7       0     10      0     2
16:26:33  all    16     0   81    0        2       0      8      0     1
16:26:34  all    17     0   75    0        7       0      8      0     1
16:26:35  all    11     0   82    0        6       0      5      0     1
16:26:36  all    16     0   75    0        7       0      7      0     2
16:26:37  all    12     0   82    0        6       0      6      0     0
16:26:38  all    12     0   79    0        7       0      5      0     2
16:26:39  all    14     0   77    0        8       0      8      0     1
16:26:40  all    15     0   79    0        5       0      6      0     1
16:26:41  all    12     0   79    0        7       0      8      0     2
16:26:42  all    17     0   76    0        6       0      8      0     1
16:26:43  all    12     0   80    0        7       0      8      0     1
16:26:44  all    14     0   80    0        5       0      7      0     1
16:26:45  all    14     0   78    0        5       0      5      0     3
16:26:46  all    14     0   81    0        5       0      7      0     0
16:26:47  all    17     0   77    0        5       0      8      0     1
16:26:48  all    11     0   80    0        8       0      5      0     1
16:26:49  all    12     0   80    0        6       0      8      0     2
16:26:50  all    16     0   77    0        6       0      8      0     1
16:26:51  all    19     0   18    0        1       0      8      0    63
16:26:52  all    20     0   18    0        7       0      5      0    55
16:26:53  all    26     0   14    0        3       0     18      0    57
16:26:54  all    18     0   24    0        2       0      4      0    55
16:26:55  all    21     0   17    0        4       0      9      0    57
16:26:56  all    20     0   18    0        1       0     10      1    60
16:26:57  all    20     0   16    0        4       0      7      0    60
16:26:58  all    22     0   16    0        3       0     10      0    59
16:26:59  all    17     0   20    0        3       0      9      0    60
16:27:00  all    20     0   18    0        3       0     10      0    59
16:27:01  all    28     0   13    0        2       0     11      0    57
16:27:02  all    24     0   17    0        2       0     14      0    57
16:27:03  all    18     0   16    0        4       0     11      0    61
16:27:04  all    20     0   18    0        2       0     10      0    60
16:27:05  all    20     0   19    0        3       0     13      0    59
16:27:06  all    19     0   18    0        3       0     11      0    60
16:27:07  all    15     0   19    0        2       0      9      0    64
16:27:08  all    22     0   15    0        2       0     10      0    61
16:27:09  all    21     0   15    0        2       0      9      0    62
16:27:10  all    17     0   17    0        1       0      9      0    65
16:27:11  all    22     0   15    0        0       0      9      0    64
16:27:12  all    19     0   22    0        5       0     11      0    53
16:27:13  all    17     0   23    0        4       0      8      0    56
16:27:14  all    23     0   17    0        8       0     11      0    51
16:27:15  all    26     0   18    0        6       0      8      0    50
16:27:16  all    18     0   24    0        5       0      6      0    52
16:27:17  all    18     0   27    0        1       0     10      0    54
16:27:18  all    29     0   15    0        0       0     22      0    56
16:27:19  all    25     0   12    0       10       0     14      0    53
16:27:20  all    22     0   17    0        9       0     11      0    52
16:27:21  all    19     0   21    0        5       0      8      0    55
16:27:22  all    22     0   14    0        2       0     14      0    61
16:27:23  all    21     0   13    0        2       0      3      0    63
16:27:24  all    14     0   24    0        1       0      4      0    61
16:27:25  all    13     0   25    0        0       0      5      0    62
16:27:26  all    18     0   20    0        0       0     14      1    61
16:27:27  all    19     0   17    0        1       0     17      0    63
16:27:28  all    21     0   14    0        0       0     19      0    65
16:27:29  all    24     0   13    0        2       0      9      0    61
16:27:30  all    19     0   19    0        4       0      9      0    58
16:27:31  all    16     0   17    0        6       0      8      0    61
16:27:32  all    21     0   16    0        3       0      8      0    60
16:27:33  all    20     0   12    0        2       0     11      0    65
16:27:34  all    23     0   14    0        2       0     11      0    60
16:27:35  all    21     0   20    0        2       0     11      0    58
16:27:36  all    21     0   22    0        1       0     12      0    55
16:27:37  all    22     0   23    0        1       0     15      0    55
16:27:38  all    25     0   15    0        4       0     15      0    55
16:27:39  all    20     0   18    0        1       0     10      0    61
16:27:40  all    19     0   18    0        2       0      9      0    61
16:27:41  all    22     0   15    0        4       0     11      0    59
16:27:42  all    25     0   16    0        2       0     13      0    57
16:27:43  all    18     0   17    0        2       0     10      0    62
16:27:44  all    24     0   12    0        5       0     14      0    59
16:27:45  all    22     0   17    0        3       0      9      0    57
16:27:46  all    20     0   20    0        1       0     12      0    59
16:27:47  all    19     0   21    0        1       0     12      0    59
16:27:48  all    21     0   13    0        2       0     12      0    63
16:27:49  all    24     0   14    0        4       0     11      0    57
16:27:50  all    20     0   21    0        2       0      9      0    57
16:27:51  all    21     0   18    0        2       0     11      0    59
16:27:52  all    19     0   18    0        2       0      8      0    60
16:27:53  all    16     0   18    0        2       0      7      0    64
16:27:54  all    16     0   18    0        0       0      7      0    66
16:27:55  all    20     0   13    0        3       0     12      0    63
16:27:56  all    22     0   15    0        0       0     12      0    64
16:27:57  all    22     0   19    0        3       0     16      0    56
16:27:58  all    19     0   23    0        7       0      7      0    50
16:27:59  all    24     0   21    0        6       0      6      0    49
16:28:00  all    24     0   19    0        9       0     12      0    48
16:28:01  all    26     0   10    0        3       0     19      1    60
16:28:02  all    27     0    9    0        1       0     22      0    63
16:28:03  all    14     0   18    0        2       0      9      0    66
16:28:04  all    21     0   11    0        1       0      5      0    66
16:28:05  all    15     0   18    0        1       0      7      0    67
16:28:06  all    24     0   17    0        4       0     12      0    55
16:28:07  all    28     0   18    0        1       0      8      0    53
16:28:08  all    19     0   20    0        4       0     14      0    56
16:28:09  all    27     0    9    0        3       0     20      0    60
16:28:10  all    18     0   21    0        1       0      8      0    60
16:28:11  all    22     0   20    0        2       0      4      0    55
16:28:12  all    23     0   17    0        1       0     11      0    59
16:28:13  all    23     0   16    0        4       0     12      0    57
16:28:14  all    20     0   18    0        2       0     11      0    59
16:28:15  all    18     0   20    0        2       0      8      0    60
16:28:16  all    23     0   17    0        1       0     13      0    59
16:28:17  all    18     0   21    0        2       0     11      0    59
16:28:18  all    21     0   19    0        3       0     11      0    56
16:28:19  all    20     0    7    0        1       0     17      0    72
16:28:20  all     0     0    0    0        0       0      0      0   100
16:28:21  all     0     0    0    0        0       0      0      0   100
16:28:22  all     0     0    0    0        0       0      0      0   100
16:28:23  all     0     0    0    0        0       0      0      0   100
16:28:24  all     0     0    0    0        0       0      0      0   100
16:28:25  all     0     0    0    0        0       0      1      0   100
16:28:26  all     0     0    0    0        0       0      0      0   100
16:28:27  all     0     0    0    0        0       0      0      0   100
16:28:28  all     1     0    0    0        0       0      0      0    99
