
o41  4.10.0-42-generic  #46~16.04.1-Ubuntu SMP Mon Dec 4 15:57:59 UTC 2017  x86_64  2017/12/26

-------------------------- analysis date: 2017/12/26 --------------------------

19:38:54  cpu  %usr %nice %sys %irq %softirq  %steal %guest  %wait %idle  _cpu_
19:38:55  all     1     0    1    0        0       0      1      0    98
19:38:56  all     0     0    0    0        0       0      0      0   100
19:38:57  all     0     0    0    0        0       0      0      1    99
19:38:58  all     0     0    1    0        0       0      0      0    99
19:38:59  all     0     0    0    0        0       0      0      0   100
19:39:00  all     0     0    0    0        0       0      0      0   100
19:39:01  all     1     0    1    0        0       0      0      0    98
19:39:02  all     1     0   35    0        4       0      1      0    60
19:39:03  all     5     0   89    0        6       0      5      0     0
19:39:04  all     3     0   90    0        7       0      3      0     0
19:39:05  all     7     0   89    0        3       0      7      0     1
19:39:06  all     6     0   86    0        7       0      6      0     1
19:39:07  all     5     0   92    0        3       0      5      0     0
19:39:08  all     7     0   89    0        4       0      7      0     0
19:39:09  all     7     0   88    0        4       0      7      0     1
19:39:10  all     5     0   86    0        8       0      5      0     1
19:39:11  all     6     0   88    0        6       0      6      0     0
19:39:12  all     4     0   92    0        3       0      5      0     1
19:39:13  all     6     0   91    0        3       0      4      0     0
19:39:14  all     5     0   89    0        5       0      6      0     1
19:39:15  all     7     0   90    0        3       0      6      0     0
19:39:16  all     6     0   89    0        4       0      6      0     1
19:39:17  all     5     0   90    0        4       0      5      0     1
19:39:18  all     5     0   87    0        8       0      5      0     0
19:39:19  all     7     0   86    0        6       0      7      0     1
19:39:20  all     9     0   87    0        3       0      9      0     1
19:39:21  all     5     0   91    0        4       0      5      0     0
19:39:22  all     5     0   88    0        6       0      5      0     1
19:39:23  all     4     0   92    0        4       0      5      0     0
19:39:24  all     6     0   88    0        5       0      5      0     1
19:39:25  all     5     0   89    0        6       0      5      0     0
19:39:26  all     9     0   86    0        4       0      9      0     1
19:39:27  all     5     0   90    0        4       0      6      0     1
19:39:28  all     7     0   84    0        5       0      6      0     4
19:39:29  all     9     0   85    0        4       0     10      0     2
19:39:30  all     5     0   90    0        5       0      5      0     0
19:39:31  all     6     0   87    0        6       0      5      0     1
19:39:32  all     6     0   89    0        4       0      6      0     1
19:39:33  all     3     0   92    0        5       0      4      0     0
19:39:34  all     7     0   85    0        7       0      7      0     1
19:39:35  all     5     0   89    0        5       0      4      0     1
19:39:36  all     6     0   89    0        5       0      7      0     0
19:39:37  all     9     0   86    0        5       0      8      0     0
19:39:38  all     4     0   89    0        6       0      4      0     1
19:39:39  all     7     0   85    0        7       0      8      0     1
19:39:40  all     7     0   88    0        5       0      7      0     0
19:39:41  all     7     0   86    0        6       0      6      0     1
19:39:42  all     7     0   87    0        5       0      7      0     1
19:39:43  all     6     0   88    0        6       0      6      0     0
19:39:44  all     7     0   86    0        6       0      8      0     1
19:39:45  all     5     0   89    0        5       0      5      0     1
19:39:46  all     8     0   87    0        5       0      8      0     0
19:39:47  all     8     0   87    0        5       0      7      0     0
19:39:48  all    11     0   83    0        5       0     11      0     1
19:39:49  all     3     0   93    0        4       0      3      0     0
19:39:50  all     4     0   91    0        4       0      4      0     1
19:39:51  all     7     0   89    0        4       0      7      0     0
19:39:52  all     5     0   91    0        4       0      5      0     0
19:39:53  all     5     0   91    0        4       0      5      0     0
19:39:54  all     5     0   89    0        5       0      5      0     1
19:39:55  all     6     0   88    0        6       0      6      0     0
19:39:56  all     6     0   90    0        4       0      6      0     0
19:39:57  all     7     0   87    0        5       0      6      0     1
19:39:58  all     6     0   89    0        5       0      6      0     0
19:39:59  all     6     0   90    0        4       0      6      0     0
19:40:00  all     6     0   90    0        2       0      5      0     2
19:40:01  all     3     0   91    0        3       0      3      0     3
19:40:02  all     6     0   88    0        4       0      6      0     2
19:40:03  all     5     0   92    0        2       0      4      0     1
19:40:04  all     4     0   89    0        7       0      4      0     0
19:40:05  all     7     0   87    0        5       0      7      0     1
19:40:06  all     6     0   88    0        5       0      7      0     1
19:40:07  all     5     0   91    0        4       0      4      0     0
19:40:08  all     9     0   86    0        5       0      9      0     0
19:40:09  all     6     0   87    0        6       0      6      0     1
19:40:10  all     7     0   83    0        6       0      6      0     4
19:40:11  all     7     0   82    0        9       0      7      0     2
19:40:12  all     6     0   88    0        5       0      6      0     1
19:40:13  all     8     0   87    0        5       0      7      0     0
19:40:14  all     8     0   86    0        5       0      8      0     1
19:40:15  all     7     0   88    0        4       0      7      0     1
19:40:16  all     8     0   86    0        6       0      8      0     0
19:40:17  all     8     0   84    0        7       0      7      0     1
19:40:18  all     5     0   90    0        4       0      5      0     1
19:40:19  all     8     0   88    0        4       0      7      0     0
19:40:20  all     6     0   88    0        5       0      6      0     1
19:40:21  all     4     0   92    0        4       0      4      0     0
19:40:22  all     5     0   88    0        6       0      5      0     1
19:40:23  all     4     0   93    0        3       0      4      0     0
19:40:24  all     4     0   92    0        3       0      4      0     1
19:40:25  all     6     0   87    0        6       0      6      0     1
19:40:26  all     7     0   87    0        6       0      8      0     0
19:40:27  all    10     0   83    0        6       0      9      0     1
19:40:28  all     8     0   88    0        4       0      7      0     0
19:40:29  all     8     0   86    0        5       0      7      0     1
19:40:30  all     5     0   86    0        7       0      6      0     2
19:40:31  all     7     0   86    0        6       0      6      0     1
19:40:32  all     4     0   91    0        4       0      3      0     1
19:40:33  all     7     0   88    0        5       0      7      0     0
19:40:34  all     7     0   88    0        4       0      7      0     1
19:40:35  all     8     0   87    0        5       0      8      0     0
19:40:36  all     6     0   85    0        8       0      6      0     1
19:40:37  all     8     0   87    0        5       0      7      0     0
19:40:38  all     6     0   86    0        7       0      5      0     1
19:40:39  all     7     0   89    0        3       0      7      0     1
19:40:40  all     6     0   89    0        5       0      6      0     0
19:40:41  all     4     0   89    0        6       0      4      0     1
19:40:42  all     5     0   89    0        5       0      5      0     1
19:40:43  all     6     0   89    0        5       0      5      0     0
19:40:44  all     7     0   87    0        5       0      7      0     1
19:40:45  all     7     0   86    0        6       0      6      0     1
19:40:46  all     7     0   88    0        5       0      8      0     0
19:40:47  all     7     0   86    0        6       0      7      0     1
19:40:48  all     9     0   85    0        6       0      8      0     0
19:40:49  all     6     0   91    0        2       0      7      0     1
19:40:50  all     7     0   89    0        4       0      7      0     0
19:40:51  all     6     0   85    0        7       0      5      0     2
19:40:52  all     5     0   88    0        4       0      6      0     3
19:40:53  all     5     0   89    0        5       0      4      0     1
19:40:54  all     8     0   87    0        4       0      7      0     1
19:40:55  all     6     0   89    0        4       0      6      0     1
19:40:56  all     6     0   86    0        8       0      6      0     0
19:40:57  all     6     0   89    0        4       0      5      0     1
19:40:58  all     5     0   90    0        5       0      5      0     0
19:40:59  all     7     0   88    0        4       0      7      0     1
19:41:00  all     6     0   89    0        5       0      6      0     0
19:41:01  all     8     0   85    0        6       0      8      0     1
19:41:02  all     3     0   58    0        2       0      4      0    37
19:41:03  all     0     0    0    0        0       0      0      0   100
19:41:04  all     1     0    1    0        0       0      0      0    98
19:41:05  all     0     0    0    0        0       0      0      0   100
19:41:06  all     0     0    0    0        0       0      0      0   100
19:41:07  all     0     0    1    0        0       0      0      0    99
19:41:08  all     0     0    0    0        0       0      0      0   100
19:41:09  all     2     0    2    0        0       0      0      0    96
19:41:10  all     0     0    0    0        0       0      0      0   100
