
o41  4.10.0-40-generic  #44~16.04.1-Ubuntu SMP Thu Nov 9 15:37:44 UTC 2017  x86_64  2017/11/30

-------------------------- analysis date: 2017/11/30 --------------------------

14:32:14  cpu  %usr %nice %sys %irq %softirq  %steal %guest  %wait %idle  _cpu_
14:32:15  all     1     0    0    0        0       0      0      1    98
14:32:16  all     0     0    1    0        0       0      1      1    98
14:32:17  all     0     0    1    0        0       0      0      0    99
14:32:18  all     1     0    0    0        0       0      0      0    99
14:32:19  all     1     0    0    0        0       0      1      0    99
14:32:20  all     0     0    2    0        0       0      0      0    98
14:32:21  all     0     0    0    0        0       0      0      0   100
14:32:22  all     0     0    1    0        0       0      0      0    99
14:32:23  all     8     0    4    0        0       0      8      0    88
14:32:24  all    10     0    9    0        0       0      9      0    81
14:32:25  all    10     0   12    0        0       0     10      0    78
14:32:26  all    12     0   10    0        0       0     12      0    79
14:32:27  all    15     0   10    0        0       0     15      0    75
14:32:28  all    13     0    5    0        0       0     12      0    81
14:32:29  all    12     0   10    0        0       0     12      2    75
14:32:30  all    15     0    8    0        0       0     15      0    77
14:32:31  all    14     0    5    0        0       0     14      0    80
14:32:32  all    12     0    9    0        0       0     11      0    80
14:32:33  all    11     0    7    0        0       0     12      0    82
14:32:34  all    18     0    7    0        0       0     18      0    75
14:32:35  all    12     0   10    0        0       0     12      0    79
14:32:36  all    12     0    9    0        0       0     12      0    80
14:32:37  all    13     0    9    0        0       0     12      0    79
14:32:38  all    12     0    4    0        0       0     13      0    83
14:32:39  all    14     0    7    0        0       0     14      0    79
14:32:40  all    12     0    9    0        0       0     12      0    79
14:32:41  all    15     0    7    0        0       0     14      0    78
14:32:42  all    15     0    7    0        0       0     16      0    78
14:32:43  all    17     0    6    0        0       0     16      0    77
14:32:44  all    15     0    8    0        0       0     15      0    77
14:32:45  all    13     0    5    0        0       0     12      1    80
14:32:46  all    14     0    8    0        0       0     15      0    78
14:32:47  all    14     0    6    0        0       0     13      0    80
14:32:48  all    15     0    8    0        0       0     16      0    77
14:32:49  all    16     0   10    0        0       0     16      0    74
14:32:50  all    16     0    9    0        0       0     15      1    74
14:32:51  all    13     0    9    0        0       0     14      0    78
14:32:52  all    11     0    5    0        0       0     11      0    84
14:32:53  all    16     0    7    0        0       0     16      0    77
14:32:54  all    14     0    5    0        0       0     13      0    80
14:32:55  all    12     0   11    0        0       0     13      0    78
14:32:56  all    13     0    7    0        0       0     13      0    80
14:32:57  all    12     0   10    0        0       0     12      0    78
14:32:58  all    12     0    6    0        0       0     12      0    82
14:32:59  all    12     0   10    0        0       0     12      0    79
14:33:00  all    13     0    9    0        0       0     13      0    79
14:33:01  all    16     0   11    0        0       0     16      0    73
14:33:02  all    15     0    7    0        0       0     15      0    78
14:33:03  all    14     0    7    0        0       0     14      0    79
14:33:04  all    11     0    9    0        0       0     11      0    80
14:33:05  all    14     0   10    0        0       0     14      0    76
14:33:06  all    12     0   10    0        0       0     12      0    77
14:33:07  all    14     0   11    0        0       0     14      0    74
14:33:08  all    10     0   12    0        0       0     10      0    79
14:33:09  all    15     0    4    0        0       0     15      0    80
14:33:10  all    14     0    9    0        0       0     13      0    78
14:33:11  all    13     0    8    0        0       0     13      0    80
14:33:12  all    13     0    8    0        0       0     14      0    79
14:33:13  all    14     0    8    0        0       0     14      0    78
14:33:14  all    14     0    8    0        0       0     14      0    77
14:33:15  all    13     0    9    0        0       0     13      0    78
14:33:16  all    16     0    3    0        0       0     15      0    80
14:33:17  all    12     0    7    0        0       0     13      0    81
14:33:18  all    14     0    7    0        0       0     14      0    79
14:33:19  all    13     0    9    0        0       0     13      0    79
14:33:20  all    13     0    8    0        0       0     13      0    80
14:33:21  all    11     0    9    0        0       0     10      0    80
14:33:22  all    13     0    8    0        0       0     14      0    79
14:33:23  all    14     0    8    0        0       0     14      0    78
14:33:24  all    11     0    6    0        0       0     11      0    83
14:33:25  all    16     0    5    0        0       0     15      0    79
14:33:26  all    10     0    9    0        0       0     11      1    80
14:33:27  all    12     0    9    0        0       0     12      0    79
14:33:28  all    11     0    7    0        0       0     10      0    82
14:33:29  all    15     0    8    0        0       0     15      0    77
14:33:30  all    12     0   10    0        0       0     13      0    78
14:33:31  all    11     0    8    0        0       0     11      0    81
14:33:32  all    13     0    7    0        0       0     13      0    80
14:33:33  all    13     0    4    0        0       0     13      0    82
14:33:34  all    13     0    9    0        0       0     13      0    78
14:33:35  all    12     0   10    0        0       0     12      0    79
14:33:36  all    12     0    5    0        0       0     11      0    82
14:33:37  all    13     0    5    0        0       0     13      0    82
14:33:38  all    10     0   11    0        0       0     10      0    80
14:33:39  all    16     0    7    0        0       0     17      0    77
14:33:40  all     8     0   11    0        0       0      7      0    81
14:33:41  all    13     0    5    0        0       0     13      0    82
14:33:42  all    15     0    4    0        0       0     15      0    80
14:33:43  all    13     0    9    0        0       0     13      0    78
14:33:44  all    12     0    9    0        0       0     12      0    80
14:33:45  all    14     0    6    0        0       0     15      0    80
14:33:46  all    12     0    8    0        0       0     11      0    80
14:33:47  all    14     0    5    0        0       0     14      0    80
14:33:48  all    13     0    9    0        0       0     14      0    78
14:33:49  all    14     0    7    0        0       0     14      0    79
14:33:50  all    13     0    9    0        0       0     12      0    78
14:33:51  all    12     0    9    0        0       0     12      0    79
14:33:52  all    13     0    9    0        0       0     13      0    79
14:33:53  all    12     0    8    0        0       0     12      0    80
14:33:54  all    11     0    8    0        0       0     11      0    81
14:33:55  all    13     0    9    0        0       0     13      0    78
14:33:56  all    11     0   11    0        0       0     12      0    78
14:33:57  all    15     0    6    0        0       0     14      0    78
14:33:58  all    10     0   10    0        0       0     10      0    80
14:33:59  all    11     0    9    0        0       0     11      0    80
14:34:00  all    15     0    9    0        0       0     15      0    76
14:34:01  all    13     0    9    0        0       0     13      0    78
14:34:02  all    14     0    9    0        0       0     15      0    78
14:34:03  all    14     0    9    0        0       0     13      0    78
14:34:04  all    11     0    9    0        0       0     11      0    80
14:34:05  all    13     0    9    0        0       0     14      0    79
14:34:06  all    13     0   11    0        0       0     12      0    77
14:34:07  all    16     0    6    0        0       0     15      0    78
14:34:08  all    12     0    8    0        0       0     13      0    80
14:34:09  all    15     0    7    0        0       0     14      0    78
14:34:10  all    10     0    9    0        0       0     10      0    81
14:34:11  all    12     0    7    0        0       0     13      0    81
14:34:12  all    14     0    7    0        0       0     14      0    79
14:34:13  all    12     0    9    0        0       0     11      0    79
14:34:14  all    11     0    9    0        0       0     12      0    80
14:34:15  all    13     0    9    0        0       0     13      0    79
14:34:16  all    12     0    8    0        0       0     11      0    81
14:34:17  all    12     0    8    0        0       0     12      0    81
14:34:18  all    14     0    8    0        0       0     15      0    78
14:34:19  all    12     0    9    0        0       0     12      0    79
14:34:20  all    11     0   10    0        0       0     10      0    80
14:34:21  all    15     0    7    0        0       0     16      0    78
14:34:22  all    12     0    8    0        0       0     11      0    80
14:34:23  all     5     0    6    0        0       0      6      0    89
14:34:24  all     0     0    0    0        0       0      0      0   100
14:34:25  all     0     0    0    0        0       0      0      0   100
14:34:26  all     0     0    0    0        0       0      0      0   100
14:34:27  all     0     0    0    0        0       0      0      0   100
14:34:28  all     0     0    0    0        0       0      0      0   100
14:34:29  all     0     0    0    0        0       0      0      0   100
14:34:30  all     0     0    0    0        0       0      0      0   100
14:34:31  all     0     0    0    0        0       0      0      0   100
