
o41  4.10.0-42-generic  #46~16.04.1-Ubuntu SMP Mon Dec 4 15:57:59 UTC 2017  x86_64  2017/12/26

-------------------------- analysis date: 2017/12/26 --------------------------

19:43:25  cpu  %usr %nice %sys %irq %softirq  %steal %guest  %wait %idle  _cpu_
19:43:26  all   100     0    0    0        0       0    100      0     0
19:43:27  all   100     0    0    0        0       0    100      0     0
19:43:28  all   100     0    0    0        0       0    100      0     0
19:43:29  all   100     0    0    0        0       0     99      0     0
19:43:30  all   100     0    0    0        0       0    100      0     0
19:43:31  all   100     0    0    0        0       0    100      0     0
19:43:32  all   100     0    0    0        0       0    100      0     0
19:43:33  all   100     0    0    0        0       0    100      0     0
19:43:34  all    94     0    2    0        4       0     94      0     0
19:43:35  all    89     0    5    0        6       0     89      0     0
19:43:36  all    86     0    8    0        6       0     86      0     0
19:43:37  all    88     0    8    0        4       0     88      0     0
19:43:38  all    88     0    7    0        5       0     88      0     0
19:43:39  all    90     0    5    0        5       0     90      0     0
19:43:40  all    85     0    9    0        6       0     85      0     0
19:43:41  all    92     0    5    0        3       0     92      0     0
19:43:42  all    88     0    7    0        5       0     88      0     0
19:43:43  all    86     0    8    0        6       0     86      0     0
19:43:44  all    85     0    9    0        6       0     85      0     0
19:43:45  all    85     0    9    0        6       0     85      0     0
19:43:46  all    88     0    6    0        6       0     88      0     0
19:43:47  all    88     0    7    0        5       0     88      0     0
19:43:48  all    88     0    9    0        3       0     88      0     0
19:43:49  all    88     0    8    0        4       0     88      0     0
19:43:50  all    89     0    7    0        4       0     89      0     0
19:43:51  all    87     0    8    0        5       0     87      0     0
19:43:52  all    86     0    7    0        7       0     86      0     0
19:43:53  all    87     0    9    0        4       0     87      0     0
19:43:54  all    87     0    8    0        5       0     87      0     0
19:43:55  all    88     0    7    0        5       0     88      0     0
19:43:56  all    87     0    8    0        5       0     87      0     0
19:43:57  all    88     0    6    0        6       0     88      0     0
19:43:58  all    87     0    8    0        5       0     87      0     0
19:43:59  all    88     0    8    0        4       0     88      0     0
19:44:00  all    88     0    8    0        4       0     88      0     0
19:44:01  all    86     0    7    0        7       0     86      0     0
19:44:02  all    89     0    6    0        5       0     89      0     0
19:44:03  all    90     0    6    0        4       0     90      0     0
19:44:04  all    92     0    6    0        2       0     92      0     0
19:44:05  all    90     0    4    0        6       0     90      0     0
19:44:06  all    89     0    7    0        4       0     89      0     0
19:44:07  all    89     0    7    0        4       0     89      0     0
19:44:08  all    82     0   12    0        6       0     82      0     0
19:44:09  all    87     0    8    0        5       0     87      0     0
19:44:10  all    89     0    7    0        4       0     89      0     0
19:44:11  all    89     0    8    0        3       0     89      0     0
19:44:12  all    91     0    5    0        4       0     91      0     0
19:44:13  all    88     0    7    0        5       0     87      0     0
19:44:14  all    87     0    8    0        5       0     87      0     0
19:44:15  all    84     0    8    0        8       0     84      0     0
19:44:16  all    88     0    8    0        4       0     89      0     0
19:44:17  all    89     0    9    0        2       0     89      0     0
19:44:18  all    87     0    7    0        6       0     86      0     0
19:44:19  all    88     0    6    0        6       0     88      0     0
19:44:20  all    86     0    8    0        6       0     86      0     0
19:44:21  all    87     0    9    0        4       0     87      0     0
19:44:22  all    86     0    7    0        7       0     86      0     0
19:44:23  all    89     0    5    0        6       0     89      0     0
19:44:24  all    88     0    7    0        5       0     88      0     0
19:44:25  all    88     0    7    0        5       0     89      0     0
19:44:26  all    89     0    7    0        4       0     88      0     0
19:44:27  all    90     0    7    0        3       0     91      0     0
19:44:28  all    89     0    6    0        5       0     87      0     0
19:44:29  all    87     0    7    0        6       0     88      0     0
19:44:30  all    86     0    9    0        5       0     86      0     0
19:44:31  all    86     0    9    0        5       0     86      0     0
19:44:32  all    86     0    9    0        5       0     86      0     0
19:44:33  all    87     0    9    0        4       0     86      0     0
19:44:34  all    87     0    4    0        9       0     88      0     0
19:44:35  all    89     0    6    0        5       0     89      0     0
19:44:36  all    88     0    5    0        7       0     88      0     0
19:44:37  all    89     0    7    0        4       0     89      0     0
19:44:38  all    87     0   10    0        3       0     87      0     0
19:44:39  all    91     0    4    0        5       0     91      0     0
19:44:40  all    89     0    6    0        5       0     89      0     0
19:44:41  all    89     0    6    0        5       0     89      0     0
19:44:42  all    89     0    6    0        5       0     88      0     0
19:44:43  all    85     0    9    0        6       0     85      0     0
19:44:44  all    88     0    6    0        6       0     89      0     0
19:44:45  all    86     0    8    0        6       0     86      0     0
19:44:46  all    86     0    8    0        6       0     86      0     0
19:44:47  all    90     0    8    0        2       0     90      0     0
19:44:48  all    85     0    9    0        6       0     84      0     0
19:44:49  all    87     0    8    0        5       0     87      0     0
19:44:50  all    88     0    7    0        5       0     89      0     0
19:44:51  all    87     0    7    0        6       0     86      0     0
19:44:52  all    88     0    7    0        5       0     89      0     0
19:44:53  all    88     0    7    0        5       0     87      0     0
19:44:54  all    92     0    6    0        2       0     92      0     0
19:44:55  all    89     0    6    0        5       0     89      0     0
19:44:56  all    89     0    6    0        5       0     89      0     0
19:44:57  all    88     0    5    0        7       0     88      0     0
19:44:58  all    86     0   10    0        4       0     86      0     0
19:44:59  all    89     0    7    0        4       0     90      0     0
19:45:00  all    87     0    8    0        5       0     86      0     0
19:45:01  all    88     0    7    0        5       0     88      0     0
19:45:02  all    89     0    7    0        4       0     89      0     0
19:45:03  all    84     0    8    0        8       0     84      0     0
19:45:04  all    88     0    5    0        7       0     88      0     0
19:45:05  all    87     0    8    0        5       0     88      0     0
19:45:06  all    90     0    6    0        4       0     89      0     0
19:45:07  all    88     0    8    0        4       0     88      0     0
19:45:08  all    89     0    7    0        4       0     90      0     0
19:45:09  all    85     0    9    0        6       0     85      0     0
19:45:10  all    88     0    6    0        6       0     87      0     0
19:45:11  all    89     0    5    0        6       0     89      0     0
19:45:12  all    89     0    8    0        3       0     89      0     0
19:45:13  all    89     0    7    0        4       0     90      0     0
19:45:14  all    87     0   10    0        3       0     87      0     0
19:45:15  all    88     0    5    0        7       0     88      0     0
19:45:16  all    88     0    7    0        5       0     87      0     0
19:45:17  all    88     0    5    0        7       0     88      0     0
19:45:18  all    87     0    7    0        6       0     86      0     0
19:45:19  all    86     0    8    0        6       0     86      0     0
19:45:20  all    89     0    7    0        4       0     90      0     0
19:45:21  all    88     0    6    0        6       0     87      0     0
19:45:22  all    88     0    8    0        4       0     89      0     0
19:45:23  all    87     0    6    0        7       0     86      0     0
19:45:24  all    86     0    7    0        7       0     87      0     0
19:45:25  all    88     0    7    0        5       0     87      0     0
19:45:26  all    90     0    6    0        4       0     91      0     0
19:45:27  all    86     0    8    0        6       0     85      0     0
19:45:28  all    84     0   10    0        6       0     82      0     0
19:45:29  all    90     0    5    0        5       0     91      0     0
19:45:30  all    90     0    6    0        4       0     90      0     0
19:45:31  all    90     0    7    0        3       0     90      0     0
19:45:32  all    89     0    6    0        5       0     88      0     0
19:45:33  all    89     0    7    0        4       0     89      0     0
19:45:34  all    92     0    5    0        3       0     92      0     0
19:45:35  all   100     0    0    0        0       0    100      0     0
19:45:36  all   100     0    0    0        0       0    100      0     0
19:45:37  all   100     0    0    0        0       0    100      0     0
19:45:38  all   100     0    0    0        0       0    100      0     0
19:45:39  all   100     0    0    0        0       0    100      0     0
19:45:40  all   100     0    0    0        0       0    100      0     0
19:45:41  all   100     0    0    0        0       0    100      0     0
19:45:42  all   100     0    0    0        0       0    100      0     0
19:45:43  all   100     0    0    0        0       0    100      0     0
