
o41  4.10.0-40-generic  #44~16.04.1-Ubuntu SMP Thu Nov 9 15:37:44 UTC 2017  x86_64  2017/11/27

-------------------------- analysis date: 2017/11/27 --------------------------

13:14:00  cpu  %usr %nice %sys %irq %softirq  %steal %guest  %wait %idle  _cpu_
13:14:01  all     0     0    0    0        0       0      0      0   100
13:14:02  all     1     0    0    0        0       0      0      0    99
13:14:03  all     0     0    0    0        0       0      0      0   100
13:14:04  all     0     0    0    0        0       0      0      0   100
13:14:05  all     0     0    0    0        0       0      0      0   100
13:14:06  all     0     0    1    0        0       0      0      1    98
13:14:07  all     0     0    0    0        0       0      0      0   100
13:14:08  all     0     0    0    0        0       0      0      0   100
13:14:09  all    15     0   58    0        6       0     11      0    21
13:14:10  all    16     0   80    0        4       0     11      0     0
13:14:11  all    14     0   81    0        4       0      7      0     1
13:14:12  all    15     0   77    0        8       0      9      0     0
13:14:13  all    10     0   84    0        6       0      5      0     0
13:14:14  all    11     0   83    0        6       0      4      0     0
13:14:15  all    14     0   83    0        3       0      9      0     0
13:14:16  all    14     0   80    0        5       0      7      0     1
13:14:17  all    14     0   82    0        4       0      7      0     0
13:14:18  all    10     0   84    0        6       0      4      0     0
13:14:19  all    14     0   79    0        6       0      8      0     1
13:14:20  all    12     0   82    0        6       0      7      0     0
13:14:21  all    14     0   82    0        4       0      6      0     0
13:14:22  all    16     0   78    0        6       0      9      0     0
13:14:23  all    10     0   85    0        4       0      7      0     1
13:14:24  all    15     0   81    0        4       0      6      0     0
13:14:25  all    17     0   80    0        3       0     11      0     0
13:14:26  all    14     0   79    0        6       0      7      0     1
13:14:27  all    13     0   81    0        6       0      8      0     0
13:14:28  all    16     0   73    0       11       0      9      0     0
13:14:29  all     9     0   84    0        7       0      7      0     0
13:14:30  all    14     0   77    0        8       0      5      0     1
13:14:31  all    18     0   74    0        8       0     11      0     0
13:14:32  all    15     0   82    0        3       0      7      0     0
13:14:33  all    12     0   83    0        4       0      6      0     1
13:14:34  all    15     0   79    0        6       0      6      0     0
13:14:35  all    19     0   77    0        4       0     13      0     0
13:14:36  all    21     0   37    0        3       0      9      0    39
13:14:37  all    23     0   16    0        3       0     12      0    57
13:14:38  all    25     0   18    0        2       0     12      0    55
13:14:39  all    20     0   18    0        4       0     11      0    57
13:14:40  all    19     0   23    0        1       0     12      0    56
13:14:41  all    21     0   18    0        3       0     13      1    57
13:14:42  all    26     0   18    0        3       0     12      0    53
13:14:43  all    26     0   20    0        6       0     15      0    48
13:14:44  all    23     0   18    0        6       0     15      0    53
13:14:45  all    20     0   20    0        5       0     13      0    54
13:14:46  all    24     0   20    0        4       0     13      0    52
13:14:47  all    15     0   78    0        6       0      7      0     1
13:14:48  all    11     0   81    0        8       0      5      0     0
13:14:49  all    13     0   81    0        6       0      6      0     0
13:14:50  all    11     0   80    0        9       0      5      0     0
13:14:51  all    13     0   81    0        5       0      8      0     1
13:14:52  all    16     0   76    0        8       0      7      0     0
13:14:53  all    12     0   81    0        6       0      6      0     1
13:14:54  all    15     0   82    0        3       0     10      0     0
13:14:55  all    12     0   80    0        8       0      5      0     0
13:14:56  all    10     0   85    0        5       0      5      0     0
13:14:57  all    11     0   82    0        6       0      5      0     1
13:14:58  all    14     0   80    0        6       0      8      0     0
13:14:59  all    10     0   80    0        9       0      7      0     1
13:15:00  all    15     0   80    0        5       0     10      0     0
13:15:01  all    12     0   82    0        6       0      7      0     0
13:15:02  all    16     0   80    0        4       0      8      0     0
13:15:03  all    15     0   82    0        3       0      7      0     0
13:15:04  all    10     0   84    0        5       0      5      0     1
13:15:05  all    13     0   81    0        6       0      5      0     0
13:15:06  all    12     0   82    0        6       0      5      0     0
13:15:07  all    14     0   79    0        6       0      7      0     1
13:15:08  all    11     0   81    0        8       0      7      0     0
13:15:09  all    12     0   82    0        6       0      5      0     0
13:15:10  all    15     0   80    0        5       0      6      0     0
13:15:11  all    13     0   80    0        7       0      8      0     0
13:15:12  all    11     0   84    0        4       0      6      0     1
13:15:13  all    13     0   82    0        5       0      6      0     0
13:15:14  all    13     0   79    0        8       0      7      0     0
13:15:15  all    15     0   78    0        6       0      9      0     1
13:15:16  all    13     0   80    0        7       0      7      0     0
13:15:17  all    16     0   75    0        9       0      6      0     0
13:15:18  all    13     0   79    0        8       0      7      0     0
13:15:19  all    15     0   75    0       10       0      6      0     0
13:15:20  all    13     0   80    0        6       0      6      0     1
13:15:21  all    18     0   77    0        5       0     11      0     0
13:15:22  all    12     0   84    0        4       0      5      0     0
13:15:23  all    11     0   81    0        7       0      5      0     1
13:15:24  all    16     0   75    0        9       0      7      0     0
13:15:25  all    13     0   81    0        6       0      7      0     0
13:15:26  all    13     0   80    0        7       0      5      0     0
13:15:27  all    14     0   79    0        6       0      7      0     1
13:15:28  all    14     0   79    0        7       0      7      0     0
13:15:29  all    12     0   79    0        8       0      6      0     1
13:15:30  all    15     0   77    0        8       0      8      0     0
13:15:31  all    12     0   80    0        8       0      7      0     0
13:15:32  all    11     0   81    0        7       0      5      0     1
13:15:33  all    13     0   80    0        7       0      9      0     0
13:15:34  all    14     0   79    0        6       0      9      0     1
13:15:35  all    14     0   77    0        9       0      8      0     0
13:15:36  all    15     0   80    0        5       0      7      0     0
13:15:37  all    10     0   83    0        6       0      4      0     1
13:15:38  all    15     0   81    0        4       0      7      0     0
13:15:39  all    17     0   78    0        4       0     10      0     1
13:15:40  all    12     0   84    0        4       0      7      0     0
13:15:41  all    14     0   79    0        7       0      7      0     0
13:15:42  all    16     0   79    0        4       0      9      0     1
13:15:43  all    17     0   76    0        6       0     11      0     1
13:15:44  all    16     0   78    0        6       0      9      0     0
13:15:45  all    18     0   77    0        5       0     10      0     0
13:15:46  all    13     0   76    0       10       0      7      0     1
13:15:47  all    16     0   78    0        6       0      8      0     0
13:15:48  all    16     0   77    0        6       0      8      0     1
13:15:49  all    14     0   80    0        6       0      7      0     0
13:15:50  all    15     0   80    0        4       0      7      0     1
13:15:51  all    15     0   80    0        5       0      6      0     0
13:15:52  all    15     0   78    0        6       0      9      0     1
13:15:53  all    13     0   83    0        4       0      7      0     0
13:15:54  all    14     0   79    0        7       0      7      0     0
13:15:55  all    14     0   80    0        5       0      7      0     1
13:15:56  all    14     0   81    0        5       0      6      0     0
13:15:57  all    12     0   82    0        5       0      6      0     1
13:15:58  all    17     0   79    0        4       0      9      0     0
13:15:59  all    15     0   80    0        4       0     10      0     1
13:16:00  all    16     0   77    0        7       0      7      0     0
13:16:01  all    14     0   77    0        8       0      9      0     1
13:16:02  all    13     0   81    0        6       0      7      0     0
13:16:03  all    10     0   84    0        6       0      7      0     0
13:16:04  all    14     0   81    0        4       0      8      0     1
13:16:05  all    15     0   77    0        8       0     11      0     0
13:16:06  all    15     0   77    0        7       0      6      0     1
13:16:07  all    11     0   85    0        4       0      6      0     0
13:16:08  all    18     0   77    0        5       0     10      0     0
13:16:09  all     7     0   19    0        1       0      3      0    73
13:16:10  all     0     0    0    0        0       0      0      0   100
13:16:11  all     0     0    1    0        0       0      0      0    99
13:16:12  all     0     0    1    0        0       0      0      0    99
13:16:13  all     0     0    0    0        0       0      0      0   100
13:16:14  all     1     0    0    0        0       0      1      0    99
13:16:15  all     0     0    0    0        0       0      0      0   100
13:16:16  all     1     0    1    0        0       0      0      1    97
