
o41  4.10.0-40-generic  #44~16.04.1-Ubuntu SMP Thu Nov 9 15:37:44 UTC 2017  x86_64  2017/11/24

-------------------------- analysis date: 2017/11/24 --------------------------

20:53:34  cpu  %usr %nice %sys %irq %softirq  %steal %guest  %wait %idle  _cpu_
20:53:35  all   100     0    0    0        0       0    100      0     0
20:53:36  all   100     0    0    0        0       0    100      0     0
20:53:37  all   100     0    0    0        0       0    100      0     0
20:53:38  all   100     0    0    0        0       0    100      0     0
20:53:39  all   100     0    0    0        0       0    100      0     0
20:53:40  all   100     0    0    0        0       0    100      0     0
20:53:41  all   100     0    0    0        0       0    100      0     0
20:53:42  all   100     0    0    0        0       0    100      0     0
20:53:43  all    99     0    1    0        0       0     99      0     0
20:53:44  all    89     0    7    0        4       0     89      0     0
20:53:45  all    89     0    4    0        7       0     90      0     0
20:53:46  all    91     0    6    0        3       0     90      0     0
20:53:47  all    89     0    5    0        6       0     89      0     0
20:53:48  all    87     0    7    0        6       0     87      0     0
20:53:49  all    87     0    6    0        7       0     88      0     0
20:53:50  all    91     0    5    0        4       0     90      0     0
20:53:51  all    87     0    7    0        6       0     87      0     0
20:53:52  all    83     0    8    0        9       0     83      0     0
20:53:53  all    88     0    7    0        5       0     89      0     0
20:53:54  all    86     0    8    0        6       0     85      0     0
20:53:55  all    87     0    8    0        5       0     87      0     0
20:53:56  all    89     0    8    0        3       0     89      0     0
20:53:57  all    88     0    7    0        5       0     88      0     0
20:53:58  all    89     0    7    0        4       0     89      0     0
20:53:59  all    90     0    5    0        5       0     89      0     0
20:54:00  all    88     0    8    0        4       0     88      0     0
20:54:01  all    87     0    6    0        7       0     88      0     0
20:54:02  all    91     0    5    0        4       0     91      0     0
20:54:03  all    87     0    7    0        6       0     87      0     0
20:54:04  all    88     0    5    0        7       0     88      0     0
20:54:05  all    84     0    9    0        7       0     84      0     0
20:54:06  all    90     0    6    0        4       0     90      0     0
20:54:07  all    88     0    6    0        6       0     87      0     0
20:54:08  all    89     0    6    0        5       0     90      0     0
20:54:09  all    88     0    6    0        6       0     88      0     0
20:54:10  all    90     0    7    0        3       0     90      0     0
20:54:11  all    90     0    5    0        5       0     90      0     0
20:54:12  all    89     0    6    0        5       0     89      0     0
20:54:13  all    88     0    8    0        4       0     88      0     0
20:54:14  all    90     0    4    0        6       0     90      0     0
20:54:15  all    88     0    7    0        5       0     88      0     0
20:54:16  all    88     0    7    0        5       0     88      0     0
20:54:17  all    87     0    6    0        7       0     87      0     0
20:54:18  all    89     0    6    0        5       0     89      0     0
20:54:19  all    87     0    7    0        6       0     87      0     0
20:54:20  all    89     0    7    0        4       0     89      0     0
20:54:21  all    86     0    8    0        6       0     86      0     0
20:54:22  all    90     0    8    0        2       0     90      0     0
20:54:23  all    90     0    6    0        4       0     90      0     0
20:54:24  all    89     0    6    0        5       0     88      0     0
20:54:25  all    88     0    6    0        6       0     89      0     0
20:54:26  all    88     0    5    0        7       0     88      0     0
20:54:27  all    85     0    9    0        6       0     84      0     0
20:54:28  all    90     0    6    0        4       0     91      0     0
20:54:29  all    89     0    6    0        5       0     89      0     0
20:54:30  all    90     0    7    0        3       0     89      0     0
20:54:31  all    90     0    5    0        5       0     91      0     0
20:54:32  all    87     0    8    0        5       0     87      0     0
20:54:33  all    83     0   10    0        7       0     83      0     0
20:54:34  all    91     0    6    0        3       0     91      0     0
20:54:35  all    85     0    8    0        7       0     85      0     0
20:54:36  all    90     0    6    0        4       0     89      0     0
20:54:37  all    89     0    7    0        4       0     90      0     0
20:54:38  all    88     0    8    0        4       0     88      0     0
20:54:39  all    87     0    7    0        6       0     86      0     0
20:54:40  all    87     0    7    0        6       0     88      0     0
20:54:41  all    90     0    7    0        3       0     90      0     0
20:54:42  all    86     0    6    0        8       0     86      0     0
20:54:43  all    87     0   10    0        3       0     87      0     0
20:54:44  all    86     0   10    0        4       0     86      0     0
20:54:45  all    82     0   12    0        6       0     82      0     0
20:54:46  all    85     0    8    0        7       0     85      0     0
20:54:47  all    88     0    7    0        5       0     87      0     0
20:54:48  all    87     0    8    0        5       0     87      0     0
20:54:49  all    89     0    5    0        6       0     89      0     0
20:54:50  all    85     0    9    0        6       0     85      0     0
20:54:51  all    90     0    6    0        4       0     91      0     0
20:54:52  all    86     0    8    0        6       0     85      0     0
20:54:53  all    87     0    6    0        7       0     87      0     0
20:54:54  all    93     0    4    0        3       0     93      0     0
20:54:55  all    87     0    8    0        5       0     87      0     0
20:54:56  all    87     0    7    0        6       0     87      0     0
20:54:57  all    87     0    8    0        5       0     87      0     0
20:54:58  all    87     0    7    0        6       0     87      0     0
20:54:59  all    85     0    9    0        6       0     85      0     0
20:55:00  all    90     0    6    0        4       0     90      0     0
20:55:01  all    84     0   11    0        5       0     84      0     0
20:55:02  all    88     0    8    0        4       0     89      0     0
20:55:03  all    89     0    5    0        6       0     89      0     0
20:55:04  all    88     0    5    0        7       0     87      0     0
20:55:05  all    90     0    7    0        3       0     90      0     0
20:55:06  all    88     0    6    0        6       0     88      0     0
20:55:07  all    89     0    4    0        7       0     89      0     0
20:55:08  all    91     0    6    0        3       0     91      0     0
20:55:09  all    88     0    7    0        5       0     89      0     0
20:55:10  all    84     0    8    0        8       0     83      0     0
20:55:11  all    88     0    7    0        5       0     88      0     0
20:55:12  all    91     0    6    0        3       0     91      0     0
20:55:13  all    87     0    5    0        8       0     87      0     0
20:55:14  all    85     0    9    0        6       0     85      0     0
20:55:15  all    88     0    7    0        5       0     88      0     0
20:55:16  all    88     0    7    0        5       0     89      0     0
20:55:17  all    88     0    4    0        8       0     87      0     0
20:55:18  all    85     0    8    0        7       0     85      0     0
20:55:19  all    91     0    4    0        5       0     91      0     0
20:55:20  all    86     0    6    0        8       0     86      0     0
20:55:21  all    90     0    8    0        2       0     90      0     0
20:55:22  all    87     0    6    0        7       0     87      0     0
20:55:23  all    90     0    7    0        3       0     90      0     0
20:55:24  all    86     0    7    0        7       0     86      0     0
20:55:25  all    92     0    5    0        3       0     93      0     0
20:55:26  all    89     0    7    0        4       0     88      0     0
20:55:27  all    88     0    6    0        6       0     89      0     0
20:55:28  all    83     0    9    0        8       0     82      0     0
20:55:29  all    89     0    7    0        4       0     90      0     0
20:55:30  all    88     0    6    0        6       0     87      0     0
20:55:31  all    87     0    7    0        6       0     87      0     0
20:55:32  all    90     0    6    0        4       0     90      0     0
20:55:33  all    86     0    7    0        7       0     86      0     0
20:55:34  all    87     0    8    0        5       0     86      0     0
20:55:35  all    86     0    7    0        7       0     86      0     0
20:55:36  all    93     0    4    0        3       0     94      0     0
20:55:37  all    88     0    5    0        7       0     87      0     0
20:55:38  all    90     0    8    0        2       0     91      0     0
20:55:39  all    88     0    7    0        5       0     88      0     0
20:55:40  all    86     0    7    0        7       0     86      0     0
20:55:41  all    88     0    7    0        5       0     87      0     0
20:55:42  all    85     0    8    0        7       0     86      0     0
20:55:43  all    88     0    5    0        7       0     88      0     0
20:55:44  all   100     0    0    0        0       0    100      0     0
20:55:45  all   100     0    0    0        0       0    100      0     0
20:55:46  all   100     0    0    0        0       0    100      0     0
20:55:47  all   100     0    0    0        0       0    100      0     0
20:55:48  all   100     0    0    0        0       0    100      0     0
20:55:49  all    96     0    4    0        0       0     93      0     0
20:55:50  all   100     0    0    0        0       0    100      0     0
20:55:51  all   100     0    0    0        0       0    100      0     0
