
o41  4.10.0-40-generic  #44~16.04.1-Ubuntu SMP Thu Nov 9 15:37:44 UTC 2017  x86_64  2017/11/29

-------------------------- analysis date: 2017/11/29 --------------------------

16:47:20  cpu  %usr %nice %sys %irq %softirq  %steal %guest  %wait %idle  _cpu_
16:47:21  all   100     0    0    0        0       0    100      0     0
16:47:22  all   100     0    0    0        0       0    100      0     0
16:47:23  all   100     0    0    0        0       0    100      0     0
16:47:24  all   100     0    0    0        0       0    100      0     0
16:47:25  all   100     0    0    0        0       0     99      0     0
16:47:26  all   100     0    0    0        0       0    100      0     0
16:47:27  all   100     0    0    0        0       0    100      0     0
16:47:28  all   100     0    0    0        0       0    100      0     0
16:47:29  all    97     0    3    0        0       0     98      0     0
16:47:30  all    99     0    1    0        0       0     98      0     0
16:47:31  all    98     0    2    0        0       0     98      0     0
16:47:32  all    98     0    2    0        0       0     99      0     0
16:47:33  all    98     0    2    0        0       0     97      0     0
16:47:34  all    98     0    2    0        0       0     98      0     0
16:47:35  all    99     0    1    0        0       0    100      0     0
16:47:36  all    98     0    2    0        0       0     97      0     0
16:47:37  all    98     0    2    0        0       0     98      0     0
16:47:38  all   100     0    0    0        0       0    101      0     0
16:47:39  all   100     0    0    0        0       0    100      0     0
16:47:40  all    96     0    4    0        0       0     96      0     0
16:47:41  all    99     0    1    0        0       0     99      0     0
16:47:42  all    99     0    1    0        0       0     98      0     0
16:47:43  all    99     0    1    0        0       0    100      0     0
16:47:44  all    99     0    1    0        0       0     99      0     0
16:47:45  all    98     0    2    0        0       0     98      0     0
16:47:46  all    99     0    1    0        0       0     99      0     0
16:47:47  all    97     0    3    0        0       0     97      0     0
16:47:48  all   100     0    0    0        0       0    100      0     0
16:47:49  all    98     0    2    0        0       0     97      0     0
16:47:50  all   100     0    0    0        0       0    100      0     0
16:47:51  all   100     0    0    0        0       0    101      0     0
16:47:52  all    97     0    3    0        0       0     97      0     0
16:47:53  all   100     0    0    0        0       0    100      0     0
16:47:54  all    98     0    2    0        0       0     98      0     0
16:47:55  all    98     0    2    0        0       0     97      0     0
16:47:56  all    99     0    1    0        0       0     99      0     0
16:47:57  all    97     0    3    0        0       0     97      0     0
16:47:58  all   100     0    0    0        0       0    100      0     0
16:47:59  all    99     0    1    0        0       0     99      0     0
16:48:00  all    98     0    2    0        0       0     98      0     0
16:48:01  all   100     0    0    0        0       0    101      0     0
16:48:02  all    98     0    2    0        0       0     98      0     0
16:48:03  all    98     0    2    0        0       0     97      0     0
16:48:04  all    99     0    1    0        0       0     99      0     0
16:48:05  all    97     0    3    0        0       0     98      0     0
16:48:06  all    99     0    1    0        0       0     98      0     0
16:48:07  all   100     0    0    0        0       0    101      0     0
16:48:08  all    97     0    3    0        0       0     97      0     0
16:48:09  all   100     0    0    0        0       0    100      0     0
16:48:10  all    99     0    1    0        0       0     99      0     0
16:48:11  all    98     0    2    0        0       0     96      0     0
16:48:12  all    99     0    1    0        0       0    100      0     0
16:48:13  all   100     0    0    0        0       0    100      0     0
16:48:14  all    98     0    2    0        0       0     98      0     0
16:48:15  all    99     0    1    0        0       0     99      0     0
16:48:16  all    98     0    2    0        0       0     97      0     0
16:48:17  all    99     0    1    0        0       0    100      0     0
16:48:18  all    98     0    2    0        0       0     98      0     0
16:48:19  all    97     0    3    0        0       0     96      0     0
16:48:20  all   100     0    0    0        0       0    101      0     0
16:48:21  all    99     0    1    0        0       0     99      0     0
16:48:22  all    98     0    2    0        0       0     98      0     0
16:48:23  all    98     0    2    0        0       0     98      0     0
16:48:24  all   100     0    0    0        0       0    100      0     0
16:48:25  all    98     0    2    0        0       0     98      0     0
16:48:26  all    99     0    1    0        0       0     98      0     0
16:48:27  all    98     0    2    0        0       0     99      0     0
16:48:28  all    99     0    1    0        0       0     99      0     0
16:48:29  all    99     0    1    0        0       0     98      0     0
16:48:30  all    97     0    3    0        0       0     98      0     0
16:48:31  all    99     0    1    0        0       0     98      0     0
16:48:32  all    99     0    1    0        0       0    100      0     0
16:48:33  all    98     0    2    0        0       0     98      0     0
16:48:34  all   100     0    0    0        0       0    100      0     0
16:48:35  all    97     0    3    0        0       0     97      0     0
16:48:36  all    97     0    3    0        0       0     97      0     0
16:48:37  all    98     0    2    0        0       0     98      0     0
16:48:38  all   100     0    0    0        0       0    100      0     0
16:48:39  all   100     0    0    0        0       0    100      0     0
16:48:40  all    98     0    2    0        0       0     98      0     0
16:48:41  all    98     0    2    0        0       0     98      0     0
16:48:42  all    98     0    2    0        0       0     98      0     0
16:48:43  all    97     0    3    0        0       0     96      0     0
16:48:44  all   100     0    0    0        0       0    101      0     0
16:48:45  all    99     0    1    0        0       0     99      0     0
16:48:46  all    98     0    2    0        0       0     98      0     0
16:48:47  all    98     0    2    0        0       0     98      0     0
16:48:48  all    98     0    2    0        0       0     98      0     0
16:48:49  all    98     0    2    0        0       0     98      0     0
16:48:50  all    99     0    1    0        0       0     98      0     0
16:48:51  all    99     0    1    0        0       0    100      0     0
16:48:52  all    99     0    1    0        0       0     98      0     0
16:48:53  all    99     0    1    0        0       0    100      0     0
16:48:54  all    98     0    2    0        0       0     98      0     0
16:48:55  all    98     0    2    0        0       0     98      0     0
16:48:56  all    99     0    1    0        0       0     99      0     0
16:48:57  all   100     0    0    0        0       0    100      0     0
16:48:58  all    99     0    1    0        0       0     99      0     0
16:48:59  all   100     0    0    0        0       0    100      0     0
16:49:00  all    99     0    1    0        0       0     98      0     0
16:49:01  all   100     0    0    0        0       0    101      0     0
16:49:02  all    96     0    4    0        0       0     96      0     0
16:49:03  all    99     0    1    0        0       0     99      0     0
16:49:04  all    99     0    1    0        0       0     99      0     0
16:49:05  all    97     0    3    0        0       0     97      0     0
16:49:06  all   100     0    0    0        0       0    100      0     0
16:49:07  all   100     0    0    0        0       0    100      0     0
16:49:08  all    97     0    3    0        0       0     97      0     0
16:49:09  all    99     0    1    0        0       0     99      0     0
16:49:10  all    98     0    2    0        0       0     98      0     0
16:49:11  all   100     0    0    0        0       0    100      0     0
16:49:12  all   100     0    0    0        0       0    100      0     0
16:49:13  all    98     0    2    0        0       0     98      0     0
16:49:14  all    99     0    1    0        0       0     98      0     0
16:49:15  all    97     0    3    0        0       0     98      0     0
16:49:16  all   100     0    0    0        0       0     99      0     0
16:49:17  all    98     0    2    0        0       0     98      0     0
16:49:18  all   100     0    0    0        0       0    100      0     0
16:49:19  all    99     0    1    0        0       0     99      0     0
16:49:20  all    98     0    2    0        0       0     98      0     0
16:49:21  all    98     0    2    0        0       0     98      0     0
16:49:22  all    99     0    1    0        0       0     99      0     0
16:49:23  all    96     0    4    0        0       0     95      0     0
16:49:24  all   100     0    0    0        0       0    101      0     0
16:49:25  all    99     0    1    0        0       0     99      0     0
16:49:26  all    99     0    1    0        0       0     98      0     0
16:49:27  all   100     0    0    0        0       0    101      0     0
16:49:28  all    97     0    3    0        0       0     97      0     0
16:49:29  all    99     0    1    0        0       0     98      0     0
16:49:30  all   100     0    0    0        0       0    101      0     0
16:49:31  all   100     0    0    0        0       0     99      0     0
16:49:32  all    99     0    1    0        0       0     99      0     0
16:49:33  all   100     0    0    0        0       0    100      0     0
16:49:34  all    99     0    1    0        0       0     99      0     0
16:49:35  all   100     0    0    0        0       0    100      0     0
16:49:36  all   100     0    0    0        0       0    100      0     0
16:49:37  all   100     0    0    0        0       0    100      0     0
16:49:38  all   100     0    0    0        0       0     99      0     0
16:49:39  all   100     0    0    0        0       0    100      0     0
16:49:40  all   100     0    0    0        0       0    100      0     0
16:49:41  all    99     0    1    0        0       0     98      0     0
16:49:42  all   100     0    0    0        0       0    101      0     0
16:49:43  all    99     0    1    0        0       0     98      0     0
16:49:44  all   100     0    0    0        0       0    100      0     0
16:49:45  all   100     0    0    0        0       0    100      0     0
16:49:46  all   100     0    0    0        0       0    100      0     0
16:49:47  all    99     0    1    0        0       0     98      0     0
16:49:48  all   100     0    0    0        0       0    101      0     0
16:49:49  all   100     0    0    0        0       0    100      0     0
16:49:50  all   100     0    0    0        0       0     99      0     0
16:49:51  all   100     0    0    0        0       0    100      0     0
16:49:52  all   100     0    0    0        0       0     99      0     0
16:49:53  all    99     0    1    0        0       0     99      0     0
