
o41  4.10.0-40-generic  #44~16.04.1-Ubuntu SMP Thu Nov 9 15:37:44 UTC 2017  x86_64  2017/11/29

-------------------------- analysis date: 2017/11/29 --------------------------

16:54:40  cpu  %usr %nice %sys %irq %softirq  %steal %guest  %wait %idle  _cpu_
16:54:41  all    99     0    1    0        0       0     98      0     0
16:54:42  all   100     0    0    0        0       0    101      0     0
16:54:43  all    99     0    1    0        0       0     98      0     0
16:54:44  all   100     0    0    0        0       0    100      0     0
16:54:45  all   100     0    0    0        0       0    100      0     0
16:54:46  all    99     0    1    0        0       0     99      0     0
16:54:47  all   100     0    0    0        0       0    100      0     0
16:54:48  all    99     0    1    0        0       0     98      0     0
16:54:49  all    81     0   12    0        7       0     74      0     0
16:54:50  all    84     0   13    0        3       0     74      0     0
16:54:51  all    83     0    9    0        8       0     74      0     0
16:54:52  all    83     0   13    0        4       0     78      0     0
16:54:53  all    80     0   14    0        6       0     74      0     0
16:54:54  all    80     0   15    0        5       0     74      0     0
16:54:55  all    82     0   13    0        5       0     76      0     0
16:54:56  all    76     0   18    0        6       0     70      0     0
16:54:57  all    79     0   14    0        7       0     74      0     0
16:54:58  all    80     0   13    0        7       0     73      0     0
16:54:59  all    76     0   17    0        7       0     71      0     0
16:55:00  all    84     0   10    0        6       0     77      0     0
16:55:01  all    84     0   10    0        6       0     76      0     0
16:55:02  all    82     0   11    0        7       0     75      0     0
16:55:03  all    85     0   12    0        3       0     79      0     0
16:55:04  all    75     0   18    0        7       0     68      0     0
16:55:05  all    83     0   10    0        7       0     77      0     0
16:55:06  all    82     0   12    0        6       0     76      0     0
16:55:07  all    82     0   11    0        7       0     77      0     0
16:55:08  all    80     0   13    0        7       0     73      0     0
16:55:09  all    84     0   11    0        5       0     75      0     0
16:55:10  all    80     0   14    0        6       0     74      0     0
16:55:11  all    84     0   10    0        6       0     77      0     0
16:55:12  all    83     0   11    0        6       0     76      0     0
16:55:13  all    82     0   12    0        6       0     73      0     0
16:55:14  all    81     0   14    0        5       0     75      0     0
16:55:15  all    79     0   12    0        9       0     73      0     0
16:55:16  all    78     0   16    0        6       0     72      0     0
16:55:17  all    78     0   16    0        6       0     74      0     0
16:55:18  all    82     0   12    0        6       0     73      0     0
16:55:19  all    85     0   11    0        4       0     76      0     0
16:55:20  all    81     0   12    0        7       0     73      0     0
16:55:21  all    84     0    7    0        9       0     76      0     0
16:55:22  all    81     0   15    0        4       0     74      0     0
16:55:23  all    80     0   13    0        7       0     75      0     0
16:55:24  all    82     0   13    0        5       0     75      0     0
16:55:25  all    82     0   12    0        6       0     76      0     0
16:55:26  all    80     0   13    0        7       0     73      0     0
16:55:27  all    79     0   12    0        9       0     72      0     0
16:55:28  all    82     0   12    0        6       0     76      0     0
16:55:29  all    80     0   14    0        6       0     75      0     0
16:55:30  all    84     0   10    0        6       0     78      0     0
16:55:31  all    80     0   12    0        8       0     72      0     0
16:55:32  all    77     0   14    0        9       0     67      0     0
16:55:33  all    82     0   11    0        7       0     70      0     0
16:55:34  all    85     0   10    0        5       0     75      0     0
16:55:35  all    77     0   14    0        9       0     72      0     0
16:55:36  all    81     0   15    0        4       0     73      0     0
16:55:37  all    78     0   16    0        6       0     69      0     0
16:55:38  all    84     0   11    0        5       0     76      0     0
16:55:39  all    84     0   11    0        5       0     77      0     0
16:55:40  all    83     0   11    0        6       0     78      0     0
16:55:41  all    81     0   13    0        6       0     75      0     0
16:55:42  all    82     0   12    0        6       0     75      0     0
16:55:43  all    83     0   12    0        5       0     77      0     0
16:55:44  all    85     0   11    0        4       0     78      0     0
16:55:45  all    79     0   14    0        7       0     73      0     0
16:55:46  all    83     0   12    0        5       0     77      0     0
16:55:47  all    86     0    9    0        5       0     77      0     0
16:55:48  all    81     0   14    0        5       0     74      0     0
16:55:49  all    82     0   12    0        6       0     75      0     0
16:55:50  all    82     0   12    0        6       0     75      0     0
16:55:51  all    82     0   13    0        5       0     74      0     0
16:55:52  all    86     0    9    0        5       0     79      0     0
16:55:53  all    78     0   17    0        5       0     70      0     0
16:55:54  all    83     0   11    0        6       0     77      0     0
16:55:55  all    82     0   12    0        6       0     77      0     0
16:55:56  all    80     0   14    0        6       0     75      0     0
16:55:57  all    84     0   10    0        6       0     77      0     0
16:55:58  all    81     0   13    0        6       0     73      0     0
16:55:59  all    85     0   11    0        4       0     77      0     0
16:56:00  all    78     0   14    0        8       0     72      0     0
16:56:01  all    81     0   12    0        7       0     74      0     0
16:56:02  all    76     0   17    0        7       0     66      0     0
16:56:03  all    80     0   14    0        6       0     71      0     0
16:56:04  all    86     0    8    0        6       0     79      0     0
16:56:05  all    83     0   12    0        5       0     74      0     0
16:56:06  all    84     0    9    0        7       0     78      0     0
16:56:07  all    84     0   11    0        5       0     77      0     0
16:56:08  all    82     0   13    0        5       0     76      0     0
16:56:09  all    80     0   12    0        8       0     74      0     0
16:56:10  all    85     0   10    0        5       0     80      0     0
16:56:11  all    84     0   10    0        6       0     79      0     0
16:56:12  all    83     0   12    0        5       0     79      0     0
16:56:13  all    82     0   12    0        6       0     73      0     0
16:56:14  all    80     0   14    0        6       0     75      0     0
16:56:15  all    80     0   15    0        5       0     75      0     0
16:56:16  all    85     0    9    0        6       0     77      0     0
16:56:17  all    82     0   13    0        5       0     76      0     0
16:56:18  all    80     0   14    0        6       0     74      0     0
16:56:19  all    83     0   11    0        6       0     77      0     0
16:56:20  all    81     0   11    0        8       0     73      0     0
16:56:21  all    84     0   11    0        5       0     77      0     0
16:56:22  all    82     0   12    0        6       0     76      0     0
16:56:23  all    81     0   14    0        5       0     74      0     0
16:56:24  all    80     0   12    0        8       0     72      0     0
16:56:25  all    82     0   12    0        6       0     77      0     0
16:56:26  all    83     0   13    0        4       0     74      0     0
16:56:27  all    82     0   13    0        5       0     77      0     0
16:56:28  all    81     0   12    0        7       0     74      0     0
16:56:29  all    82     0   12    0        6       0     76      0     0
16:56:30  all    81     0   11    0        8       0     73      0     0
16:56:31  all    79     0   15    0        6       0     72      0     0
16:56:32  all    82     0   14    0        4       0     77      0     0
16:56:33  all    83     0   10    0        7       0     77      0     0
16:56:34  all    82     0   13    0        5       0     75      0     0
16:56:35  all    81     0   13    0        6       0     75      0     0
16:56:36  all    84     0   12    0        4       0     77      0     0
16:56:37  all    80     0   14    0        6       0     75      0     0
16:56:38  all    86     0   10    0        4       0     79      0     0
16:56:39  all    78     0   15    0        7       0     72      0     0
16:56:40  all    85     0   11    0        4       0     77      0     0
16:56:41  all    83     0   12    0        5       0     74      0     0
16:56:42  all    87     0    8    0        5       0     79      0     0
16:56:43  all    82     0   15    0        3       0     75      0     0
16:56:44  all    83     0   13    0        4       0     77      0     0
16:56:45  all    80     0   12    0        8       0     75      0     0
16:56:46  all    83     0   11    0        6       0     78      0     0
16:56:47  all    83     0   12    0        5       0     76      0     0
16:56:48  all    84     0   11    0        5       0     77      0     0
16:56:49  all    97     0    2    0        1       0     97      0     0
16:56:50  all   100     0    0    0        0       0    100      0     0
16:56:51  all   100     0    0    0        0       0    100      0     0
16:56:52  all   100     0    0    0        0       0    100      0     0
16:56:53  all   100     0    0    0        0       0    100      0     0
16:56:54  all   100     0    0    0        0       0    100      0     0
16:56:55  all   100     0    0    0        0       0    100      0     0
16:56:56  all   100     0    0    0        0       0    100      0     0
16:56:57  all   100     0    0    0        0       0    100      0     0
16:56:58  all   100     0    0    0        0       0    100      0     0
