
o41  4.10.0-40-generic  #44~16.04.1-Ubuntu SMP Thu Nov 9 15:37:44 UTC 2017  x86_64  2017/11/23

-------------------------- analysis date: 2017/11/23 --------------------------

16:12:14  cpu  %usr %nice %sys %irq %softirq  %steal %guest  %wait %idle  _cpu_
16:12:15  all     0     0    0    0        0       0      0      0   100
16:12:16  all     0     0    2    0        0       0      0      0    98
16:12:17  all     0     0    0    0        0       0      0      0   100
16:12:18  all     0     0    0    0        0       0      0      0   100
16:12:19  all     0     0    0    0        0       0      0      0   100
16:12:20  all     0     0    0    0        0       0      0      0   100
16:12:21  all     0     0    0    0        0       0      0      0   100
16:12:22  all     0     0    0    0        0       0      0      0   100
16:12:23  all     0     0    0    0        0       0      0      0   100
16:12:24  all     3     0   27    0        0       0      4      0    66
16:12:25  all     6     0   88    0        0       0      6      0     1
16:12:26  all     6     0   89    0        0       0      6      0     0
16:12:27  all     6     0   90    0        0       0      5      0     0
16:12:28  all     4     0   92    0        0       0      4      0     0
16:12:29  all     7     0   85    0        0       0      7      0     0
16:12:30  all     7     0   87    0        0       0      7      0     0
16:12:31  all     3     0   93    0        0       0      4      0     0
16:12:32  all     6     0   90    0        0       0      5      0     0
16:12:33  all     5     0   90    0        0       0      6      0     0
16:12:34  all     5     0   91    0        0       0      4      0     0
16:12:35  all     6     0   90    0        0       0      5      0     0
16:12:36  all     4     0   90    0        0       0      5      0     1
16:12:37  all     6     0   89    0        0       0      6      0     0
16:12:38  all     6     0   87    0        0       0      6      0     0
16:12:39  all     5     0   91    0        0       0      4      0     0
16:12:40  all     6     0   88    0        0       0      7      0     0
16:12:41  all     5     0   90    0        0       0      5      0     0
16:12:42  all     7     0   87    0        0       0      7      0     0
16:12:43  all     4     0   91    0        0       0      4      0     1
16:12:44  all     6     0   87    0        0       0      6      0     0
16:12:45  all     4     0   92    0        0       0      4      0     0
16:12:46  all     5     0   90    0        0       0      5      0     0
16:12:47  all     4     0   92    0        0       0      4      0     0
16:12:48  all     6     0   89    0        0       0      6      0     0
16:12:49  all     5     0   90    0        0       0      5      0     0
16:12:50  all     5     0   90    0        0       0      5      0     0
16:12:51  all     8     0   84    0        0       0      8      0     0
16:12:52  all     5     0   91    0        0       0      4      0     0
16:12:53  all     4     0   90    0        0       0      5      0     1
16:12:54  all     6     0   87    0        0       0      6      0     0
16:12:55  all     3     0   94    0        0       0      3      0     0
16:12:56  all     6     0   87    0        0       0      6      0     0
16:12:57  all     3     0   94    0        0       0      3      0     0
16:12:58  all     6     0   90    0        0       0      5      0     0
16:12:59  all     6     0   87    0        0       0      6      0     1
16:13:00  all     8     0   83    0        0       0      8      0     0
16:13:01  all     3     0   94    0        0       0      3      0     0
16:13:02  all     4     0   93    0        0       0      3      0     0
16:13:03  all     3     0   93    0        0       0      4      0     0
16:13:04  all     6     0   89    0        0       0      6      0     0
16:13:05  all     3     0   94    0        0       0      3      0     0
16:13:06  all     5     0   91    0        0       0      5      0     0
16:13:07  all     6     0   89    0        0       0      6      0     0
16:13:08  all     5     0   90    0        0       0      4      0     1
16:13:09  all     3     0   93    0        0       0      4      0     0
16:13:10  all     4     0   92    0        0       0      4      0     0
16:13:11  all     4     0   92    0        0       0      4      0     0
16:13:12  all     5     0   90    0        0       0      5      0     0
16:13:13  all     4     0   92    0        0       0      4      0     0
16:13:14  all     4     0   92    0        0       0      4      0     1
16:13:15  all     4     0   92    0        0       0      4      0     0
16:13:16  all     6     0   87    0        0       0      6      0     0
16:13:17  all     5     0   91    0        0       0      4      0     0
16:13:18  all     6     0   88    0        0       0      7      0     0
16:13:19  all     4     0   93    0        0       0      3      0     0
16:13:20  all     6     0   88    0        0       0      7      0     0
16:13:21  all     5     0   91    0        0       0      5      0     0
16:13:22  all     4     0   92    0        0       0      4      0     0
16:13:23  all     5     0   90    0        0       0      5      0     1
16:13:24  all     4     0   92    0        0       0      4      0     0
16:13:25  all     6     0   89    0        0       0      6      0     0
16:13:26  all     5     0   91    0        0       0      5      0     0
16:13:27  all     5     0   91    0        0       0      4      0     0
16:13:28  all     2     0   95    0        0       0      3      0     0
16:13:29  all     6     0   86    0        0       0      6      0     1
16:13:30  all     4     0   92    0        0       0      4      0     0
16:13:31  all     5     0   90    0        0       0      5      0     0
16:13:32  all     6     0   89    0        0       0      6      0     0
16:13:33  all     4     0   92    0        0       0      4      0     0
16:13:34  all     6     0   89    0        0       0      6      0     0
16:13:35  all     4     0   92    0        0       0      4      0     0
16:13:36  all     4     0   92    0        0       0      4      0     0
16:13:37  all     5     0   90    0        0       0      5      0     0
16:13:38  all     7     0   88    0        0       0      6      0     0
16:13:39  all     4     0   91    0        0       0      5      0     1
16:13:40  all     6     0   90    0        0       0      5      0     0
16:13:41  all     4     0   91    0        0       0      5      0     0
16:13:42  all     5     0   90    0        0       0      5      0     0
16:13:43  all     5     0   91    0        0       0      4      0     0
16:13:44  all     4     0   92    0        0       0      4      0     0
16:13:45  all     4     0   91    0        0       0      4      0     1
16:13:46  all     6     0   88    0        0       0      7      0     0
16:13:47  all     4     0   92    0        0       0      4      0     0
16:13:48  all     6     0   90    0        0       0      5      0     0
16:13:49  all     6     0   89    0        0       0      6      0     0
16:13:50  all     2     0   96    0        0       0      2      0     0
16:13:51  all     2     0   95    0        0       0      3      0     0
16:13:52  all     6     0   89    0        0       0      6      0     0
16:13:53  all     7     0   85    0        0       0      7      0     0
16:13:54  all     6     0   89    0        0       0      5      0     1
16:13:55  all     4     0   92    0        0       0      4      0     0
16:13:56  all     5     0   90    0        0       0      6      0     0
16:13:57  all     5     0   91    0        0       0      4      0     0
16:13:58  all     6     0   89    0        0       0      6      0     0
16:13:59  all     6     0   88    0        0       0      6      0     1
16:14:00  all     6     0   86    0        0       0      7      0     0
16:14:01  all     5     0   90    0        0       0      5      0     0
16:14:02  all     5     0   90    0        0       0      5      0     0
16:14:03  all     5     0   90    0        0       0      5      0     0
16:14:04  all     6     0   87    0        0       0      6      0     0
16:14:05  all     4     0   92    0        0       0      4      0     0
16:14:06  all     5     0   91    0        0       0      4      0     0
16:14:07  all     7     0   86    0        0       0      7      0     0
16:14:08  all     5     0   90    0        0       0      5      0     0
16:14:09  all     6     0   89    0        0       0      5      0     1
16:14:10  all     4     0   92    0        0       0      4      0     0
16:14:11  all     7     0   85    0        0       0      7      0     0
16:14:12  all     6     0   89    0        0       0      6      0     0
16:14:13  all     2     0   95    0        0       0      3      0     0
16:14:14  all     5     0   90    0        0       0      5      0     0
16:14:15  all     3     0   93    0        0       0      3      0     1
16:14:16  all     6     0   90    0        0       0      5      0     0
16:14:17  all     4     0   91    0        0       0      5      0     0
16:14:18  all     6     0   89    0        0       0      6      0     0
16:14:19  all     6     0   89    0        0       0      6      0     0
16:14:20  all     4     0   93    0        0       0      3      0     0
16:14:21  all     6     0   88    0        0       0      7      0     0
16:14:22  all     6     0   89    0        0       0      6      0     0
16:14:23  all     6     0   89    0        0       0      6      0     0
16:14:24  all     4     0   65    0        0       0      4      0    27
16:14:25  all     0     0    0    0        0       0      0      0   100
16:14:26  all     0     0    1    0        0       0      0      0    99
16:14:27  all     0     0    0    0        0       0      0      0   100
16:14:28  all     0     0    1    0        0       0      0      0    99
16:14:29  all     1     0    0    0        0       0      0      0    99
16:14:30  all     0     0    0    0        0       0      0      0   100
16:14:31  all     1     0    0    0        0       0      0      0    99
16:14:32  all     0     0    1    0        0       0      0      0    99
