
o41  4.14.3  #1 SMP Sat Dec 2 23:29:58 EST 2017  x86_64  2017/12/03

-------------------------- analysis date: 2017/12/03 --------------------------

15:54:58  cpu  %usr %nice %sys %irq %softirq  %steal %guest  %wait %idle  _cpu_
15:54:59  all     0     0    0    0        0       0      0      0   100
15:55:00  all     0     0    0    0        0       0      0      0   100
15:55:01  all     0     0    1    0        0       0      0      0    99
15:55:02  all     0     0    0    0        0       0      0      0   100
15:55:03  all     0     0    0    0        0       0      0      1    99
15:55:04  all     1     0    1    0        0       0      1      1    97
15:55:05  all     0     0    0    0        0       0      0      0   100
15:55:06  all     0     0    0    0        0       0      0      0   100
15:55:07  all     0     0    0    0        0       0      1      0   100
15:55:08  all     0     0    0    0        0       0      0      0   100
15:55:09  all     0     0    0    0        0       0      0      1    99
15:55:10  all     1     0    0    0        0       0      0      0    99
15:55:11  all    13     0   26    0        3       0      9      0    58
15:55:12  all    15     0   77    0        7       0      8      0     1
15:55:13  all    17     0   77    0        5       0      9      0     1
15:55:14  all    21     0   74    0        3       0     10      0     2
15:55:15  all    11     0   81    0        7       0      5      0     1
15:55:16  all    12     0   80    0        7       0      5      0     1
15:55:17  all    12     0   83    0        4       0      6      0     1
15:55:18  all    11     0   80    0        8       0      6      0     1
15:55:19  all    12     0   81    0        6       0      6      0     1
15:55:20  all    10     0   81    0        8       0      5      0     1
15:55:21  all    10     0   84    0        4       0      6      0     2
15:55:22  all    12     0   82    0        5       0      5      0     1
15:55:23  all    15     0   79    0        4       0      6      0     2
15:55:24  all    14     0   77    0        5       0      7      0     4
15:55:25  all    12     0   81    0        6       0      7      0     1
15:55:26  all    12     0   78    0        8       0      8      0     2
15:55:27  all    14     0   81    0        4       0      6      0     1
15:55:28  all    12     0   75    0       10       0      6      0     3
15:55:29  all    15     0   77    0        6       0      8      0     2
15:55:30  all    16     0   76    0        6       0      6      0     2
15:55:31  all     9     0   81    0        8       0      4      0     2
15:55:32  all    12     0   81    0        6       0      7      0     1
15:55:33  all     8     0   81    0        8       0      5      0     3
15:55:34  all    14     0   80    0        3       0      8      0     3
15:55:35  all    11     0   84    0        4       0      6      0     1
15:55:36  all    14     0   79    0        6       0      6      0     1
15:55:37  all    10     0   83    0        6       0      6      0     1
15:55:38  all    14     0   79    0        6       0      6      0     1
15:55:39  all    14     0   79    0        6       0      9      0     1
15:55:40  all    13     0   80    0        6       0      6      0     1
15:55:41  all    13     0   83    0        3       0      8      0     1
15:55:42  all    11     0   83    0        4       0      6      0     2
15:55:43  all    13     0   78    0        7       0      7      0     2
15:55:44  all    14     0   76    0        6       0      7      0     4
15:55:45  all    13     0   79    0        6       0      7      0     2
15:55:46  all    16     0   75    0        5       0      8      0     4
15:55:47  all    12     0   82    0        5       0      8      0     1
15:55:48  all    16     0   79    0        3       0      7      0     2
15:55:49  all    13     0   82    0        5       0      7      0     0
15:55:50  all    14     0   77    0        7       0      7      0     2
15:55:51  all    11     0   80    0        6       0      7      0     3
15:55:52  all    14     0   80    0        4       0      8      0     2
15:55:53  all    15     0   80    0        4       0      8      0     1
15:55:54  all    11     0   77    0       10       0      4      0     2
15:55:55  all    15     0   81    0        4       0      8      0     0
15:55:56  all    14     0   78    0        6       0      7      0     2
15:55:57  all    17     0   81    0        2       0      1      0     0
15:55:58  all    10     0   84    0        5       0      7      0     1
15:55:59  all    16     0   71    0       12       0     15      0     1
15:56:00  all     6     0   85    0        9       0      5      0     0
15:56:01  all    11     0   89    0        0       0      3      0     0
15:56:02  all    15     0   84    0        0       0      3      0     1
15:56:03  all    16     0   84    0        0       0      6      0     0
15:56:04  all     8     0   91    0        0       0      6      0     1
15:56:05  all    10     0   88    0        1       0      3      0     1
15:56:06  all    11     0   82    0        3       0      7      0     4
15:56:07  all    17     0   83    0        0       0      6      0     0
15:56:08  all    16     0   78    0        6       0      1      0     0
15:56:09  all    12     0   82    0        5       0      2      0     1
15:56:10  all     7     0   82    0       10       0      5      0     1
15:56:11  all    15     0   80    0        5       0      8      0     0
15:56:12  all    14     0   79    0        5       0      7      0     2
15:56:13  all    12     0   82    0        5       0      7      0     1
15:56:14  all    14     0   79    0        6       0      7      0     1
15:56:15  all    15     0   78    0        6       0      9      0     1
15:56:16  all    14     0   78    0        7       0      7      0     1
15:56:17  all    13     0   82    0        4       0      6      0     1
15:56:18  all    12     0   81    0        6       0      5      0     1
15:56:19  all    14     0   80    0        4       0      5      0     2
15:56:20  all    16     0   72    0        9       0     10      0     3
15:56:21  all    16     0   77    0        4       0      8      0     3
15:56:22  all    17     0   79    0        2       0      9      0     2
15:56:23  all    11     0   82    0        6       0      5      0     1
15:56:24  all    22     0   25    0        6       0      9      1    46
15:56:25  all    24     0   18    0        4       0     11      1    52
15:56:26  all    23     0   20    0        3       0     10      0    54
15:56:27  all    24     0   18    0        3       0     13      0    54
15:56:28  all    24     0   17    0        6       0     14      0    52
15:56:29  all    23     0   22    0        3       0     11      0    53
15:56:30  all    22     0   19    0        6       0      9      0    52
15:56:31  all    22     0   18    0        5       0     11      0    54
15:56:32  all    20     0   21    0        4       0     12      0    55
15:56:33  all    22     0   16    0        7       0     14      0    56
15:56:34  all    23     0   16    0        7       0     10      0    55
15:56:35  all    22     0   19    0        4       0     12      0    54
15:56:36  all    24     0   20    0        3       0     10      0    53
15:56:37  all    21     0   20    0        6       0     11      0    52
15:56:38  all    24     0   18    0        4       0     15      0    53
15:56:39  all    21     0   18    0        7       0     10      0    54
15:56:40  all    21     0   20    0        5       0     12      0    54
15:56:41  all    22     0   18    0        7       0     10      0    53
15:56:42  all    23     0   19    0        6       0     12      0    52
15:56:43  all    24     0   20    0        4       0      8      0    52
15:56:44  all    25     0   19    0        5       0     16      0    51
15:56:45  all    22     0   22    0        2       0     13      0    53
15:56:46  all    23     0   20    0        7       0     12      0    51
15:56:47  all    25     0   22    0        2       0      9      0    52
15:56:48  all    26     0   17    0        7       0     15      0    50
15:56:49  all    23     0   20    0        3       0     13      0    53
15:56:50  all    23     0   16    0        9       0     13      0    52
15:56:51  all    22     0   20    0        7       0      8      0    51
15:56:52  all    28     0   15    0        8       0     13      0    49
15:56:53  all    28     0   15    0        5       0     11      0    52
15:56:54  all    23     0   19    0        6       0     12      0    52
15:56:55  all    24     0   18    0        5       0     11      0    53
15:56:56  all    25     0   17    0        9       0     15      0    48
15:56:57  all    21     0   19    0        7       0     10      0    53
15:56:58  all    21     0   20    0        5       0     10      0    54
15:56:59  all    24     0   18    0        5       0     12      0    52
15:57:00  all    23     0   18    0        5       0     12      0    55
15:57:01  all    22     0   17    0        5       0     12      0    55
15:57:02  all    27     0   17    0        4       0     14      0    52
15:57:03  all    22     0   19    0        6       0     10      0    52
15:57:04  all    22     0   17    0       10       0     12      0    51
15:57:05  all    24     0   20    0        6       0     11      0    49
15:57:06  all    25     0   15    0        4       0     12      0    55
15:57:07  all    24     0   19    0        2       0      9      0    55
15:57:08  all    23     0   21    0        4       0     12      0    52
15:57:09  all    23     0   19    0        4       0     11      0    54
15:57:10  all    23     0   20    0        4       0     12      0    52
15:57:11  all    12     0   49    0        3       0      5      0    36
15:57:12  all     0     0    1    0        0       0      0      0    99
15:57:13  all     0     0    0    0        0       0      0      0   100
15:57:14  all     0     0    1    0        0       0      0      0    99
15:57:15  all     0     0    0    0        0       0      0      0   100
15:57:16  all     0     0    0    0        0       0      0      0   100
15:57:17  all     1     0    2    0        0       0      0      1    96
15:57:18  all     1     0    0    0        0       0      0      0    99
15:57:19  all     0     0    0    0        0       0      0      0   100
15:57:20  all     1     0    0    0        0       0      0      0    99
