
o41  4.14.3  #1 SMP Sat Dec 2 23:29:58 EST 2017  x86_64  2017/12/03

-------------------------- analysis date: 2017/12/03 --------------------------

15:24:33  cpu  %usr %nice %sys %irq %softirq  %steal %guest  %wait %idle  _cpu_
15:24:34  all     0     0    0    0        0       0      0      0   100
15:24:35  all     0     0    0    0        0       0      0      0   100
15:24:36  all     0     0    0    0        0       0      0      0   100
15:24:37  all     0     0    0    0        0       0      0      0   100
15:24:38  all     0     0    0    0        0       0      0      0   100
15:24:39  all     2     0    5    0        1       0      0      0    91
15:24:40  all     0     0    5    0        0       0      0      0    95
15:24:41  all     0     0    3    0        2       0      0      0    95
15:24:42  all     0     0    3    0        1       0      0      0    96
15:24:43  all     1     0    2    0        1       0      0      0    96
15:24:44  all     0     0    1    0        0       0      0      1    98
15:24:45  all     0     0    2    0        1       0      0      0    97
15:24:46  all     0     0    7    0        0       0      0      0    93
15:24:47  all     0     0    1    0        2       0      0      0    97
15:24:48  all     0     0    1    0        0       0      0      0    99
15:24:49  all     0     0    1    0        1       0      0      0    98
15:24:50  all     1     0    4    0        0       0      0      0    95
15:24:51  all     0     0    2    0        1       0      0      0    97
15:24:52  all     0     0    4    0        0       0      0      0    96
15:24:53  all     0     0    2    0        1       0      0      0    97
15:24:54  all     0     0    2    0        2       0      0      0    96
15:24:55  all     0     0    4    0        0       0      0      0    96
15:24:56  all     0     0    3    0        2       0      0      0    95
15:24:57  all     1     0    3    0        0       0      0      0    96
15:24:58  all     0     0    2    0        1       0      0      0    97
15:24:59  all     0     0    2    0        0       0      0      0    98
15:25:00  all     0     0    3    0        2       0      0      0    95
15:25:01  all     1     0    2    0        1       0      0      0    96
15:25:02  all     0     0    4    0        0       0      0      0    96
15:25:03  all     0     0    2    0        1       0      0      0    97
15:25:04  all     1     0    2    0        1       0      0      0    96
15:25:05  all     0     0    2    0        2       0      0      0    96
15:25:06  all     0     0    3    0        1       0      0      1    95
15:25:07  all     0     0    3    0        0       0      0      0    97
15:25:08  all     0     0    3    0        1       0      0      0    96
15:25:09  all     0     0    3    0        1       0      0      0    96
15:25:10  all     1     0    3    0        0       0      0      0    96
15:25:11  all     0     0    2    0        1       0      0      0    97
15:25:12  all     1     0    2    0        0       0      0      0    97
15:25:13  all     0     0    3    0        1       0      0      0    96
15:25:14  all     1     0    3    0        0       0      0      0    96
15:25:15  all     0     0    2    0        1       0      0      0    97
15:25:16  all     0     0    4    0        0       0      0      0    96
15:25:17  all     0     0    3    0        1       0      0      0    96
15:25:18  all     0     0    3    0        0       0      0      0    97
15:25:19  all     0     0    4    0        1       0      0      0    95
15:25:20  all     0     0    3    0        0       0      0      0    97
15:25:21  all     0     0    3    0        0       0      0      0    97
15:25:22  all     1     0    3    0        1       0      0      0    95
15:25:23  all     0     0    3    0        1       0      0      0    96
15:25:24  all     0     0    2    0        1       0      0      0    97
15:25:25  all     0     0    4    0        0       0      0      0    96
15:25:26  all     0     0    2    0        2       0      0      0    96
15:25:27  all     0     0    4    0        0       0      0      0    96
15:25:28  all     0     0    3    0        1       0      0      0    96
15:25:29  all     1     0    3    0        1       0      0      0    95
15:25:30  all     1     0    1    0        0       0      0      0    98
15:25:31  all     0     0    4    0        1       0      0      0    95
15:25:32  all     0     0    3    0        1       0      0      1    95
15:25:33  all     1     0    2    0        1       0      0      0    96
15:25:34  all     0     0    2    0        1       0      0      0    97
15:25:35  all     0     0    4    0        0       0      0      0    96
15:25:36  all     1     0    3    0        1       0      0      0    95
15:25:37  all     0     0    2    0        1       0      0      0    97
15:25:38  all     1     0    2    0        1       0      0      0    96
15:25:39  all     0     0    3    0        0       0      0      0    97
15:25:40  all     0     0    3    0        1       0      0      0    96
15:25:41  all     0     0    3    0        0       0      0      0    97
15:25:42  all     1     0    4    0        0       0      0      0    95
15:25:43  all     0     0    3    0        0       0      0      0    97
15:25:44  all     0     0    4    0        0       0      0      0    96
15:25:45  all     0     0    3    0        1       0      0      0    96
15:25:46  all     1     0    2    0        2       0      0      0    95
15:25:47  all     0     0    4    0        1       0      0      0    95
15:25:48  all     0     0    1    0        0       0      0      0    99
15:25:49  all     0     0    4    0        1       0      0      0    95
15:25:50  all     0     0    3    0        1       0      0      0    96
15:25:51  all     0     0    2    0        2       0      0      0    96
15:25:52  all     1     0    2    0        1       0      0      0    96
15:25:53  all     0     0    4    0        0       0      0      0    96
15:25:54  all     0     0    4    0        0       0      0      0    96
15:25:55  all     0     0    3    0        1       0      0      0    96
15:25:56  all     0     0    4    0        0       0      0      0    96
15:25:57  all     0     0    3    0        1       0      0      0    96
15:25:58  all     0     0    3    0        1       0      0      0    96
15:25:59  all     0     0    3    0        1       0      0      0    96
15:26:00  all     1     0    2    0        1       0      0      0    96
15:26:01  all     0     0    2    0        1       0      0      0    97
15:26:02  all     0     0    3    0        0       0      0      0    97
15:26:03  all     1     0    3    0        1       0      0      0    95
15:26:04  all     0     0    4    0        0       0      0      0    96
15:26:05  all     1     0    2    0        1       0      0      0    96
15:26:06  all     0     0    2    0        1       0      0      0    97
15:26:07  all     0     0    3    0        1       0      0      0    96
15:26:08  all     0     0    3    0        0       0      0      0    97
15:26:09  all     0     0    3    0        1       0      0      0    96
15:26:10  all     0     0    3    0        0       0      0      0    97
15:26:11  all     0     0    3    0        1       0      0      0    96
15:26:12  all     0     0    3    0        1       0      0      0    96
15:26:13  all     0     0    3    0        0       0      0      0    97
15:26:14  all     0     0    3    0        0       0      0      0    97
15:26:15  all     0     0    3    0        0       0      0      0    97
15:26:16  all     0     0    3    0        2       0      0      0    95
15:26:17  all     0     0    1    0        0       0      0      0    99
15:26:18  all     0     0    3    0        1       0      0      0    96
15:26:19  all     0     0    3    0        0       0      0      0    97
15:26:20  all     0     0    3    0        0       0      0      0    97
15:26:21  all     0     0    4    0        1       0      0      0    95
15:26:22  all     0     0    2    0        1       0      0      0    97
15:26:23  all     0     0    3    0        0       0      0      0    97
15:26:24  all     0     0    3    0        0       0      0      0    97
15:26:25  all     0     0    3    0        1       0      0      0    96
15:26:26  all     0     0    3    0        0       0      0      0    97
15:26:27  all     0     0    3    0        0       0      0      0    97
15:26:28  all     0     0    3    0        2       0      0      0    95
15:26:29  all     0     0    3    0        0       0      0      0    97
15:26:30  all     0     0    3    0        1       0      0      0    96
15:26:31  all     0     0    2    0        1       0      0      0    97
15:26:32  all     0     0    3    0        2       0      0      0    95
15:26:33  all     0     0    3    0        2       0      0      0    95
15:26:34  all     0     0    2    0        0       0      0      0    98
15:26:35  all     0     0    4    0        0       0      0      0    96
15:26:36  all     0     0    2    0        1       0      0      0    97
15:26:37  all     0     0    3    0        1       0      0      0    96
15:26:38  all     0     0    3    0        1       0      0      0    96
15:26:39  all     0     0    0    0        0       0      0      0   100
15:26:40  all     0     0    0    0        0       0      0      0   100
15:26:41  all     0     0    0    0        0       0      0      0   100
15:26:42  all     0     0    0    0        0       0      0      0   100
15:26:43  all     0     0    0    0        0       0      0      0   100
