
o41  4.10.0-40-generic  #44~16.04.1-Ubuntu SMP Thu Nov 9 15:37:44 UTC 2017  x86_64  2017/11/29

-------------------------- analysis date: 2017/11/29 --------------------------

14:54:02  cpu  %usr %nice %sys %irq %softirq  %steal %guest  %wait %idle  _cpu_
14:54:03  all     0     0    0    0        0       0      0      0   100
14:54:04  all     0     0    1    0        0       0      0      0    99
14:54:05  all     0     0    0    0        0       0      0      0   100
14:54:06  all     0     0    0    0        0       0      0      0   100
14:54:07  all     0     0    0    0        0       0      0      0   100
14:54:08  all     1     0    0    0        0       0      1      0    99
14:54:09  all     0     0    0    0        0       0      0      0   100
14:54:10  all     0     0    0    0        0       0      0      0   100
14:54:11  all     0     0    0    0        0       0      0      0   100
14:54:12  all     3     0   19    0        0       0      2      0    78
14:54:13  all     7     0   93    0        0       0      8      0     0
14:54:14  all     5     0   94    0        0       0      4      0     1
14:54:15  all     4     0   96    0        0       0      5      0     0
14:54:16  all     7     0   93    0        0       0      7      0     0
14:54:17  all     3     0   97    0        0       0      3      0     0
14:54:18  all     6     0   94    0        0       0      6      0     0
14:54:19  all     6     0   94    0        0       0      6      0     0
14:54:20  all     5     0   95    0        0       0      5      0     0
14:54:21  all     4     0   96    0        0       0      4      0     0
14:54:22  all     5     0   94    0        0       0      5      0     1
14:54:23  all     6     0   94    0        0       0      6      0     0
14:54:24  all     6     0   94    0        0       0      5      0     0
14:54:25  all     4     0   96    0        0       0      5      0     0
14:54:26  all     7     0   93    0        0       0      7      0     0
14:54:27  all     5     0   94    0        0       0      5      0     1
14:54:28  all     6     0   94    0        0       0      6      0     0
14:54:29  all     7     0   93    0        0       0      7      0     0
14:54:30  all     6     0   94    0        0       0      6      0     0
14:54:31  all     6     0   94    0        0       0      5      0     0
14:54:32  all     4     0   96    0        0       0      5      0     0
14:54:33  all     5     0   95    0        0       0      5      0     0
14:54:34  all     4     0   96    0        0       0      4      0     0
14:54:35  all     3     0   96    0        0       0      3      0     1
14:54:36  all     5     0   95    0        0       0      5      0     0
14:54:37  all     5     0   95    0        0       0      5      0     0
14:54:38  all     5     0   95    0        0       0      5      0     0
14:54:39  all     6     0   93    0        0       0      6      0     1
14:54:40  all     5     0   95    0        0       0      4      0     0
14:54:41  all     5     0   95    0        0       0      5      0     0
14:54:42  all     5     0   95    0        0       0      5      0     0
14:54:43  all     6     0   94    0        0       0      6      0     0
14:54:44  all     5     0   95    0        0       0      5      0     0
14:54:45  all     4     0   96    0        0       0      5      0     0
14:54:46  all     4     0   96    0        0       0      4      0     0
14:54:47  all     4     0   96    0        0       0      4      0     0
14:54:48  all     6     0   93    0        0       0      6      0     1
14:54:49  all     5     0   95    0        0       0      5      0     0
14:54:50  all     5     0   95    0        0       0      5      0     0
14:54:51  all     4     0   96    0        0       0      3      0     0
14:54:52  all     4     0   96    0        0       0      4      0     0
14:54:53  all     4     0   96    0        0       0      5      0     0
14:54:54  all     6     0   93    0        0       0      5      0     1
14:54:55  all     4     0   96    0        0       0      5      0     0
14:54:56  all     6     0   94    0        0       0      6      0     0
14:54:57  all     6     0   94    0        0       0      6      0     0
14:54:58  all     6     0   94    0        0       0      5      0     0
14:54:59  all     5     0   95    0        0       0      5      0     0
14:55:00  all     5     0   95    0        0       0      5      0     0
14:55:01  all     6     0   93    0        0       0      6      0     1
14:55:02  all     6     0   94    0        0       0      6      0     0
14:55:03  all     5     0   95    0        0       0      5      0     0
14:55:04  all     6     0   94    0        0       0      6      0     0
14:55:05  all     6     0   94    0        0       0      6      0     0
14:55:06  all     4     0   96    0        0       0      4      0     0
14:55:07  all     3     0   96    0        0       0      4      0     1
14:55:08  all     8     0   92    0        0       0      7      0     0
14:55:09  all     3     0   97    0        0       0      3      0     0
14:55:10  all     6     0   94    0        0       0      6      0     0
14:55:11  all     4     0   96    0        0       0      4      0     0
14:55:12  all     5     0   95    0        0       0      5      0     0
14:55:13  all     6     0   94    0        0       0      6      0     0
14:55:14  all     5     0   95    0        0       0      5      0     0
14:55:15  all     5     0   95    0        0       0      5      0     0
14:55:16  all     6     0   93    0        0       0      6      0     1
14:55:17  all     6     0   94    0        0       0      6      0     0
14:55:18  all     5     0   95    0        0       0      5      0     0
14:55:19  all     5     0   95    0        0       0      5      0     0
14:55:20  all     4     0   96    0        0       0      4      0     0
14:55:21  all     6     0   93    0        0       0      6      0     1
14:55:22  all     6     0   94    0        0       0      5      0     0
14:55:23  all     4     0   96    0        0       0      5      0     0
14:55:24  all     5     0   95    0        0       0      5      0     0
14:55:25  all     4     0   96    0        0       0      4      0     0
14:55:26  all     7     0   93    0        0       0      6      0     0
14:55:27  all     5     0   95    0        0       0      6      0     0
14:55:28  all     4     0   96    0        0       0      4      0     0
14:55:29  all     5     0   95    0        0       0      5      0     0
14:55:30  all     4     0   95    0        0       0      4      0     1
14:55:31  all     4     0   96    0        0       0      4      0     0
14:55:32  all     5     0   95    0        0       0      5      0     0
14:55:33  all     5     0   95    0        0       0      5      0     0
14:55:34  all     6     0   94    0        0       0      5      0     0
14:55:35  all     4     0   96    0        0       0      5      0     0
14:55:36  all     6     0   93    0        0       0      5      0     1
14:55:37  all     4     0   96    0        0       0      5      0     0
14:55:38  all     8     0   92    0        0       0      8      0     0
14:55:39  all     4     0   96    0        0       0      4      0     0
14:55:40  all     5     0   95    0        0       0      5      0     0
14:55:41  all     6     0   94    0        0       0      6      0     0
14:55:42  all     7     0   93    0        0       0      7      0     0
14:55:43  all     5     0   95    0        0       0      5      0     0
14:55:44  all     6     0   93    0        0       0      6      0     1
14:55:45  all     5     0   95    0        0       0      5      0     0
14:55:46  all     6     0   94    0        0       0      5      0     0
14:55:47  all     6     0   94    0        0       0      6      0     0
14:55:48  all     4     0   96    0        0       0      5      0     0
14:55:49  all     4     0   96    0        0       0      4      0     0
14:55:50  all     4     0   95    0        0       0      4      0     1
14:55:51  all     7     0   93    0        0       0      7      0     0
14:55:52  all     5     0   95    0        0       0      5      0     0
14:55:53  all     6     0   94    0        0       0      5      0     0
14:55:54  all     5     0   95    0        0       0      6      0     0
14:55:55  all     5     0   95    0        0       0      5      0     0
14:55:56  all     6     0   94    0        0       0      6      0     0
14:55:57  all     5     0   94    0        0       0      5      0     1
14:55:58  all     3     0   97    0        0       0      3      0     0
14:55:59  all     8     0   92    0        0       0      7      0     0
14:56:00  all     6     0   94    0        0       0      7      0     0
14:56:01  all     6     0   94    0        0       0      5      0     0
14:56:02  all     4     0   96    0        0       0      4      0     0
14:56:03  all     4     0   96    0        0       0      5      0     0
14:56:04  all     6     0   93    0        0       0      5      0     1
14:56:05  all     6     0   94    0        0       0      6      0     0
14:56:06  all     4     0   96    0        0       0      4      0     0
14:56:07  all     4     0   96    0        0       0      5      0     0
14:56:08  all     6     0   94    0        0       0      6      0     0
14:56:09  all     5     0   95    0        0       0      4      0     0
14:56:10  all     4     0   96    0        0       0      5      0     0
14:56:11  all     5     0   95    0        0       0      4      0     0
14:56:12  all     5     0   78    0        0       0      5      0    17
14:56:13  all     0     0    1    0        0       0      0      0    99
14:56:14  all     0     0    0    0        0       0      0      0   100
14:56:15  all     0     0    0    0        0       0      0      0   100
14:56:16  all     0     0    0    0        0       0      0      0   100
14:56:17  all     1     0    1    0        0       0      0      0    98
14:56:18  all     0     0    0    0        0       0      0      0   100
14:56:19  all     0     0    1    0        0       0      0      0    99
14:56:20  all     0     0    0    0        0       0      0      0   100
14:56:21  all     0     0    0    0        0       0      0      0   100
