
itri  4.4.0-87-generic  #110-Ubuntu SMP Tue Jul 18 12:55:35 UTC 2017  x86_64  2018/01/02

-------------------------- analysis date: 2018/01/02 --------------------------

20:55:53  cpu  %usr %nice %sys %irq %softirq  %steal %guest  %wait %idle  _cpu_
20:55:54  all     0     0    0    0        0       0      0      0   100
20:55:55  all     0     0    0    0        0       0      0      0   100
20:55:56  all     0     0    0    0        0       0      0      0   100
20:55:57  all     0     0    0    0        0       1      0      0    99
20:55:58  all     0     0    1    0        0       0      0      0    99
20:55:59  all     0     0    0    0        1      18      0      0    81
20:56:00  all     0     0    1    0        0      15      0      0    84
20:56:01  all     0     0    1    0        0      16      0      0    83
20:56:02  all     0     0    2    0        0      15      0      0    83
20:56:03  all     0     0    1    0        0      15      0      0    84
20:56:04  all     0     0    0    0        0      16      0      0    84
20:56:05  all     0     0    1    0        0      15      0      0    84
20:56:06  all     0     0    2    0        0      15      0      0    83
20:56:07  all     0     0    0    0        0      16      0      0    84
20:56:08  all     0     0    1    0        0      16      0      0    83
20:56:09  all     0     0    1    0        0      15      0      0    84
20:56:10  all     0     0    2    0        0      15      0      0    83
20:56:11  all     0     0    0    0        1      16      0      0    83
20:56:12  all     0     0    1    0        0      16      0      0    83
20:56:13  all     0     0    1    0        0      14      0      0    85
20:56:14  all     0     0    0    0        0      16      0      0    84
20:56:15  all     0     0    2    0        1      14      0      0    83
20:56:16  all     0     0    0    0        1      16      0      0    83
20:56:17  all     0     0    1    0        1      15      0      0    83
20:56:18  all     0     0    2    0        0      15      0      0    83
20:56:19  all     0     0    0    0        0      15      0      0    85
20:56:20  all     0     0    0    0        0      16      0      0    84
20:56:21  all     0     0    1    0        0      16      0      0    83
20:56:22  all     0     0    0    0        1      15      0      0    84
20:56:23  all     0     0    1    0        0      15      0      0    84
20:56:24  all     0     0    1    0        0      16      0      0    83
20:56:25  all     0     0    0    0        0      16      0      0    84
20:56:26  all     0     0    2    0        0      14      0      0    84
20:56:27  all     0     0    1    0        0      16      0      0    83
20:56:28  all     0     0    0    0        1      15      0      0    84
20:56:29  all     0     0    2    0        0      15      0      0    83
20:56:30  all     0     0    1    0        0      16      0      0    83
20:56:31  all     0     0    1    0        0      15      0      0    84
20:56:32  all     0     0    1    0        0      15      0      0    84
20:56:33  all     0     0    1    0        1      15      0      0    83
20:56:34  all     0     0    1    0        0      16      0      0    83
20:56:35  all     0     0    2    0        1      14      0      0    83
20:56:36  all     0     0    0    0        0      15      0      0    85
20:56:37  all     0     0    1    0        0      16      0      0    83
20:56:38  all     0     0    1    0        0      15      0      0    84
20:56:39  all     0     0    1    0        0      15      0      0    84
20:56:40  all     0     0    1    0        0      16      0      0    83
20:56:41  all     0     0    0    0        0      15      0      0    85
20:56:42  all     0     0    1    0        0      15      0      0    84
20:56:43  all     0     0    2    0        0      15      0      0    83
20:56:44  all     0     0    1    0        0      16      0      0    83
20:56:45  all     0     0    0    0        0      15      0      0    85
20:56:46  all     0     0    0    0        0      15      0      0    85
20:56:47  all     0     0    2    0        0      15      0      0    83
20:56:48  all     0     0    1    0        1      15      0      0    83
20:56:49  all     0     0    0    0        1      16      0      0    83
20:56:50  all     0     0    1    0        0      15      0      0    84
20:56:51  all     0     0    1    0        0      16      0      0    83
20:56:52  all     0     0    0    0        0      14      0      0    86
20:56:53  all     0     0    1    0        0      16      0      0    83
20:56:54  all     0     0    0    0        0      15      0      0    85
20:56:55  all     0     0    1    0        0      16      0      0    83
20:56:56  all     0     0    0    0        0      15      0      0    85
20:56:57  all     0     0    2    0        0      15      0      0    83
20:56:58  all     0     0    1    0        2      15      0      4    78
20:56:59  all     0     0    0    0        0      16      0      0    84
20:57:00  all     0     0    1    0        1      15      0      0    83
20:57:01  all     0     0    0    0        0      15      0      0    85
20:57:02  all     0     0    1    0        0      16      0      0    83
20:57:03  all     0     0    1    0        0      15      0      0    84
20:57:04  all     0     0    1    0        0      16      0      0    83
20:57:05  all     0     0    0    0        1      15      0      0    84
20:57:06  all     0     0    2    0        0      15      0      0    83
20:57:07  all     0     0    0    0        0      15      0      0    85
20:57:08  all     0     0    2    0        0      15      0      0    83
20:57:09  all     0     0    1    0        0      15      0      0    84
20:57:10  all     0     0    1    0        1      15      0      0    83
20:57:11  all     0     0    0    0        0      15      0      0    85
20:57:12  all     0     0    0    0        1      15      0      0    84
20:57:13  all     0     0    1    0        0      16      0      0    83
20:57:14  all     0     0    0    0        0      15      0      0    85
20:57:15  all     0     0    1    0        0      15      0      0    84
20:57:16  all     0     0    0    0        0      15      0      0    85
20:57:17  all     0     0    2    0        0      16      0      0    83
20:57:18  all     0     0    1    0        1      15      0      0    83
20:57:19  all     0     0    1    0        0      15      0      0    84
20:57:20  all     0     0    0    0        1      16      0      0    83
20:57:21  all     0     0    1    0        0      15      0      0    84
20:57:22  all     0     0    1    0        0      15      0      0    84
20:57:23  all     0     0    1    0        0      16      0      0    83
20:57:24  all     0     0    0    0        0      15      0      0    85
20:57:25  all     0     0    1    0        0      16      0      0    83
20:57:26  all     0     0    0    0        0      15      0      0    85
20:57:27  all     0     0    1    0        1      15      0      0    83
20:57:28  all     0     0    1    0        0      15      0      0    84
20:57:29  all     0     0    1    0        1      16      0      0    83
20:57:30  all     0     0    1    0        0      15      0      0    84
20:57:31  all     0     0    0    0        0      16      0      0    84
20:57:32  all     0     0    0    0        0      15      0      0    85
20:57:33  all     0     0    2    0        0      15      0      0    83
20:57:34  all     0     0    1    0        0      16      0      0    83
20:57:35  all     0     0    1    0        0      15      0      0    84
20:57:36  all     0     0    1    0        1      15      0      0    83
20:57:37  all     0     0    1    0        0      15      0      0    84
20:57:38  all     0     0    1    0        0      16      0      0    83
20:57:39  all     0     0    1    0        0      15      0      0    84
20:57:40  all     0     0    0    0        0      15      0      0    85
20:57:41  all     0     0    0    0        0      15      0      0    85
20:57:42  all     0     0    1    0        0      16      0      0    83
20:57:43  all     0     0    1    0        1      15      0      0    83
20:57:44  all     0     0    0    0        0      15      0      0    85
20:57:45  all     0     0    1    0        1      15      0      0    83
20:57:46  all     0     0    0    0        0      15      0      0    85
20:57:47  all     0     0    1    0        0      15      0      0    84
20:57:48  all     0     0    0    0        0      15      0      0    85
20:57:49  all     0     0    1    0        0      16      0      0    83
20:57:50  all     0     0    0    0        0      15      0      0    85
20:57:51  all     0     0    2    0        0      15      0      0    83
20:57:52  all     0     0    1    0        1      16      0      0    83
20:57:53  all     0     0    2    0        0      15      0      0    83
20:57:54  all     0     0    0    0        0      16      0      0    84
20:57:55  all     0     0    1    0        0      15      0      0    84
20:57:56  all     0     0    2    0        0      15      0      0    83
20:57:57  all     0     0    0    0        0      16      0      0    84
20:57:58  all     0     0    1    0        0      15      0      0    84
20:57:59  all     1     0    0    0        0       2      0      0    97
20:58:00  all     0     0    0    0        0       0      0      0   100
20:58:01  all     0     0    0    0        0       1      0      0    99
20:58:02  all     0     0    0    0        0       0      0      0   100
20:58:03  all     1     0    0    0        0       1      0      0    98
