
ubuntu  4.10.0-42-generic  #46~16.04.1-Ubuntu SMP Mon Dec 4 15:57:59 UTC 2017  x86_64  2018/01/31

-------------------------- analysis date: 2018/01/31 --------------------------

15:20:24  cpu  %usr %nice %sys %irq %softirq  %steal %guest  %wait %idle  _cpu_
15:20:25  all     0     0    0    0        0       0      0      0   200
            0     1     0    0    0        0       0      0      0    99
            1     0     0    0    0        0       0      0      0   100
15:20:26  all     0     0    0    0        0       0      0      0   200
            0     0     0    0    0        0       0      0      0   100
            1     0     0    0    0        0       0      0      0   100
15:20:27  all     1     0    0    0        0       0      0      0   199
            0     0     0    0    0        0       0      0      0   100
            1     0     0    0    0        0       0      0      0   100
15:20:28  all     0     0    1    0        0       0      0      0   199
            0     0     0    0    0        0       0      0      0   100
            1     0     0    0    0        0       0      0      0   100
15:20:29  all     0     0    0    0        0       0      0      0   200
            0     1     0    0    0        0       0      0      0    99
            1     0     0    0    0        0       0      0      0   100
15:20:30  all     0     0    0    0        0       0      0      0   200
            0     0     0    0    0        0       0      0      0   100
            1     0     0    0    0        0       0      0      0   100
15:20:31  all     0     0    1    0        0       0      0      1   198
            0     0     0    1    0        0       0      0      0    99
            1     0     0    0    0        0       0      0      0   100
15:20:32  all     0     0    0    0        0       0      0      0   200
            0     0     0    0    0        0       0      0      0   100
            1     0     0    0    0        0       0      0      0   100
15:20:33  all     1     0    0    0        0       0      0      0   199
            0     0     0    1    0        0       0      0      0    99
            1     0     0    0    0        0       0      0      0   100
15:20:34  all     4     0    2    0        0       0      3      0   194
            0     4     0    0    0        0       0      3      0    96
            1     0     0    1    0        0       0      0      0    99
15:20:35  all    44     0   46    0       10       0     44      0   101
            0    44     0    9    0        0       0     43      0    48
            1     0     0   37    0       10       0      0      0    53
15:20:36  all    47     0   34    0        5       0     47      0   113
            0    44     0    2    0        0       0     44      0    54
            1     0     0   34    0        7       0      0      0    59
15:20:37  all    46     0   34    0        4       0     45      0   116
            0    41     0    6    0        0       0     41      0    53
            1     1     0   30    0        5       0      0      0    64
15:20:38  all    45     0   41    0        5       0     45      0   109
            0    42     0    6    0        0       0     43      0    52
            1     0     0   37    0        4       0      0      0    58
15:20:39  all    43     0   38    0        6       0     43      0   112
            0    41     0    5    0        0       0     41      0    54
            1     0     0   34    0        7       0      0      0    59
15:20:40  all    46     0   36    0        5       0     46      0   112
            0    43     0    7    0        0       0     42      0    50
            1     0     0   32    0        7       0      0      0    61
15:20:41  all    44     0   34    0        7       0     44      0   116
            0    39     0    6    0        0       0     40      0    55
            1     0     0   29    0        7       0      0      0    63
15:20:42  all    42     0   32    0       12       0     42      0   114
            0    40     0    5    0        0       0     40      0    55
            1     0     0   28    0       12       0      0      0    60
15:20:43  all    47     0   33    0        6       0     47      0   113
            0    44     0    5    0        0       0     44      0    51
            1     0     0   31    0        7       0      0      0    62
15:20:44  all    43     0   39    0        6       0     43      0   112
            0    39     0    8    0        0       0     39      0    53
            1     0     0   32    0        7       0      0      0    61
15:20:45  all    43     0   37    0        8       0     43      0   112
            0    40     0   10    0        0       0     40      0    50
            1     0     0   30    0        9       0      0      0    60
15:20:46  all    44     0   39    0        6       0     44      0   111
            0    41     0    5    0        0       0     41      0    54
            1     0     0   35    0        6       0      0      0    59
15:20:47  all    45     0   38    0        4       0     45      0   112
            0    42     0    5    0        0       0     42      0    53
            1     0     0   34    0        5       0      0      0    61
15:20:48  all    41     0   36    0        3       0     41      0   119
            0    39     0    4    0        0       0     39      0    57
            1     0     0   34    0        4       0      0      0    63
15:20:49  all    44     0   34    0        6       0     44      0   116
            0    41     0    4    0        0       0     41      0    55
            1     0     0   32    0        6       0      0      0    62
15:20:50  all    44     0   31    0        8       0     44      0   117
            0    40     0    5    0        0       0     40      0    55
            1     0     0   29    0        8       0      0      0    63
15:20:51  all    43     0   35    0        7       0     43      0   115
            0    40     0    7    0        0       0     40      0    53
            1     0     0   30    0        7       0      0      0    63
15:20:52  all    46     0   35    0        6       0     46      0   112
            0    44     0    4    0        0       0     43      0    52
            1     0     0   33    0        8       0      0      0    59
15:20:53  all    48     0   31    0        7       0     48      0   115
            0    43     0    2    0        0       0     44      0    55
            1     0     0   30    0        6       0      0      0    63
15:20:54  all    42     0   36    0        6       0     42      0   117
            0    40     0    6    0        0       0     40      0    54
            1     0     0   32    0        7       0      0      0    61
15:20:55  all    38     0   37    0        6       0     38      0   119
            0    37     0    5    0        0       0     37      0    57
            1     0     0   33    0        6       0      0      0    61
15:20:56  all    47     0   36    0        2       0     47      0   116
            0    42     0    4    0        0       0     42      0    54
            1     0     0   35    0        1       0      0      0    64
15:20:57  all    40     0   35    0        8       0     40      1   116
            0    38     0    7    0        0       0     38      1    54
            1     0     0   29    0        8       0      0      0    63
15:20:58  all    43     0   39    0        5       0     43      0   113
            0    42     0    4    0        0       0     42      0    54
            1     0     0   36    0        6       0      0      0    59
15:20:59  all    40     0   43    0        3       0     40      0   114
            0    39     0    6    0        0       0     38      0    55
            1     0     0   38    0        4       0      0      0    58
15:21:00  all    38     0   36    0        7       0     38      0   119
            0    35     0    8    0        0       0     37      0    57
            1     0     0   30    0        6       0      0      0    64
15:21:01  all    45     0   31    0        3       0     45      0   120
            0    40     0    6    0        0       0     40      0    54
            1     0     0   28    0        4       0      0      0    68
15:21:02  all    46     0   32    0        7       0     46      0   115
            0    43     0    5    0        0       0     43      0    52
            1     0     0   29    0        7       0      0      0    63
15:21:03  all    44     0   44    0        2       0     44      0   109
            0    42     0    6    0        0       0     42      0    52
            1     0     0   38    0        3       0      0      1    57
15:21:04  all    43     0   35    0        6       0     43      0   117
            0    40     0    6    0        0       0     40      0    54
            1     0     0   32    0        5       0      0      0    63
15:21:05  all    42     0   39    0        4       0     42      0   115
            0    39     0    8    0        0       0     39      0    53
            1     0     0   33    0        6       0      0      0    62
15:21:06  all    47     0   34    0        5       0     47      0   113
            0    42     0    6    0        0       0     42      0    52
            1     0     0   31    0        6       0      0      0    63
15:21:07  all    47     0   33    0        7       0     47      0   114
            0    43     0    5    0        0       0     43      0    52
            1     0     0   30    0        7       0      0      0    63
15:21:08  all    45     0   36    0        4       0     45      0   115
            0    44     0    2    0        0       0     44      0    54
            1     0     0   35    0        5       0      0      0    60
15:21:09  all    44     0   40    0        5       0     44      0   111
            0    41     0    6    0        0       0     41      0    53
            1     0     0   36    0        6       0      0      0    58
15:21:10  all    45     0   36    0        6       0     45      0   112
            0    43     0    3    0        0       0     43      0    54
            1     0     0   34    0        6       0      0      0    60
15:21:11  all    45     0   38    0        5       0     45      0   112
            0    41     0    5    0        0       0     41      0    54
            1     0     0   35    0        6       0      0      0    59
15:21:12  all    44     0   35    0        4       0     44      0   117
            0    41     0    5    0        0       0     40      0    54
            1     0     0   31    0        5       0      0      0    64
15:21:13  all    43     0   40    0        4       0     43      0   112
            0    40     0    7    0        0       0     40      0    53
            1     0     0   35    0        5       0      0      0    60
15:21:14  all    43     0   40    0        4       0     43      0   113
            0    41     0    5    0        0       0     42      0    54
            1     0     0   35    0        5       0      0      0    60
15:21:15  all    43     0   38    0        5       0     43      0   114
            0    40     0    6    0        0       0     40      0    54
            1     0     0   34    0        7       0      0      0    59
15:21:16  all    43     0   33    0        9       0     43      0   115
            0    41     0    5    0        0       0     41      0    54
            1     0     0   30    0        8       0      0      0    62
15:21:17  all    43     0   37    0        5       0     43      0   115
            0    40     0    5    0        0       0     39      0    55
            1     0     0   34    0        6       0      0      0    60
15:21:18  all    47     0   39    0        3       0     47      0   111
            0    45     0    4    0        0       0     46      0    51
            1     0     0   37    0        4       0      0      0    59
15:21:19  all    43     0   43    0        7       0     43      0   107
            0    42     0    5    0        0       0     42      0    53
            1     0     0   39    0        7       0      0      0    54
15:21:20  all    40     0   41    0        7       0     40      0   112
            0    40     0    5    0        0       0     39      0    55
            1     0     0   36    0        7       0      0      0    58
15:21:21  all    44     0   34    0        4       0     44      0   117
            0    41     0    5    0        0       0     42      0    54
            1     0     0   32    0        6       0      0      0    62
15:21:22  all    45     0   35    0        3       0     45      0   117
            0    43     0    3    0        0       0     42      0    54
            1     0     0   35    0        2       0      0      0    63
15:21:23  all    42     0   39    0        4       0     42      0   114
            0    39     0    6    0        0       0     40      0    55
            1     0     0   34    0        5       0      0      0    61
15:21:24  all    41     0   39    0        6       0     41      0   115
            0    40     0    6    0        0       0     39      0    54
            1     0     0   34    0        6       0      0      0    60
15:21:25  all    42     0   38    0        5       0     42      0   115
            0    40     0    6    0        0       0     40      0    54
            1     0     0   34    0        6       0      0      0    60
15:21:26  all    40     0   41    0        5       0     40      0   114
            0    37     0    8    0        0       0     38      0    55
            1     0     0   33    0        7       0      0      0    60
15:21:27  all    44     0   33    0        6       0     44      0   117
            0    41     0    6    0        0       0     41      0    53
            1     0     0   31    0        5       0      0      0    64
15:21:28  all    44     0   40    0        5       0     44      0   111
            0    41     0    7    0        0       0     40      0    52
            1     0     0   34    0        6       0      0      0    60
15:21:29  all    36     0   37    0        5       0     36      0   122
            0    34     0    8    0        0       0     36      0    58
            1     0     0   31    0        5       0      0      0    64
15:21:30  all    44     0   39    0        5       0     44      0   112
            0    42     0    4    0        0       0     42      0    54
            1     0     0   36    0        6       0      0      0    59
15:21:31  all    47     0   34    0        5       0     47      0   114
            0    43     0    6    0        0       0     42      0    51
            1     0     0   31    0        7       0      0      0    62
15:21:32  all    44     0   35    0        4       0     44      0   117
            0    40     0    6    0        0       0     41      0    54
            1     0     0   31    0        4       0      0      0    65
15:21:33  all    40     0   35    0        8       0     40      0   117
            0    38     0    6    0        0       0     38      0    56
            1     0     0   30    0        8       0      0      0    62
15:21:34  all    49     0   33    0        3       0     49      0   115
            0    46     0    1    0        0       0     46      0    53
            1     0     0   34    0        5       0      0      0    61
15:21:35  all    37     0   33    0        9       0     37      0   121
            0    37     0    6    0        0       0     36      0    58
            1     0     0   28    0        9       0      0      0    62
15:21:36  all    44     0   38    0        5       0     44      0   112
            0    40     0    8    0        0       0     41      0    52
            1     0     0   33    0        5       0      0      0    63
15:21:37  all    48     0   35    0        5       0     48      1   111
            0    45     0    5    0        0       0     44      0    50
            1     0     0   32    0        7       0      0      0    61
15:21:38  all    46     0   38    0        5       0     46      0   111
            0    42     0    6    0        0       0     43      0    52
            1     0     0   34    0        6       0      0      0    60
15:21:39  all    42     0   36    0        7       0     42      0   115
            0    40     0    7    0        0       0     40      0    53
            1     0     0   32    0        6       0      0      0    62
15:21:40  all    39     0   39    0        7       0     39      0   116
            0    36     0    9    0        0       0     36      0    55
            1     0     0   31    0        8       0      0      0    60
15:21:41  all    45     0   40    0        8       0     45      0   107
            0    16     0   24    0        0       0     16      0    60
            1    31     0   15    0        7       0     32      0    47
15:21:42  all    52     0   36    0        8       0     52      0   104
            0     0     0   31    0        0       0      0      0    69
            1    55     0    3    0       10       0     54      0    32
15:21:43  all    44     0   34    0       12       0     44      0   110
            0     0     0   27    0        0       0      0      0    73
            1    46     0    5    0       13       0     48      0    35
15:21:44  all    46     0   38    0       11       0     46      0   105
            0     0     0   31    0        0       0      0      0    69
            1    50     0    6    0       11       0     49      0    33
15:21:45  all    40     0   39    0       11       0     40      0   110
            0     0     0   29    0        0       0      0      0    71
            1    44     0    6    0       12       0     45      0    38
15:21:46  all    46     0   35    0       10       0     46      0   109
            0     0     0   29    0        0       0      0      0    71
            1    49     0    6    0       11       0     49      0    35
15:21:47  all    46     0   34    0       11       0     46      0   109
            0     0     0   28    0        0       0      0      0    72
            1    49     0    2    0       13       0     49      0    35
15:21:48  all    44     0   36    0       11       0     44      0   109
            0     0     0   27    0        0       0      0      0    73
            1    46     0    8    0       11       0     45      0    34
15:21:49  all    43     0   35    0       11       0     43      0   111
            0     0     0   28    0        0       0      0      0    72
            1    47     0    5    0       13       0     48      0    35
15:21:50  all    45     0   37    0       10       0     45      0   108
            0     0     0   30    0        0       0      0      0    70
            1    50     0    5    0       10       0     49      0    36
15:21:51  all    40     0   40    0        7       0     40      0   113
            0    28     0   14    0        0       0     28      1    57
            1    10     0   27    0        8       0     10      0    55
15:21:52  all    45     0   41    0        6       0     45      0   108
            0    43     0    6    0        0       0     43      0    51
            1     0     0   37    0        5       0      0      0    57
15:21:53  all    44     0   34    0        5       0     44      0   118
            0    40     0    6    0        0       0     40      0    54
            1     0     0   30    0        5       0      0      0    65
15:21:54  all    40     0   39    0        7       0     40      0   115
            0    38     0    7    0        0       0     38      0    55
            1     0     0   32    0        7       0      0      0    61
15:21:55  all    41     0   40    0        5       0     41      0   114
            0    40     0    6    0        0       0     40      0    54
            1     0     0   35    0        7       0      0      0    58
15:21:56  all    38     0   38    0        5       0     38      0   119
            0    37     0    7    0        0       0     37      0    57
            1     0     0   35    0        4       0      0      0    62
15:21:57  all    44     0   35    0        6       0     44      0   115
            0    41     0    5    0        0       0     41      0    54
            1     0     0   32    0        7       0      0      0    61
15:21:58  all    49     0   33    0        5       0     49      0   113
            0    44     0    5    0        0       0     43      0    51
            1     0     0   32    0        5       0      0      0    63
15:21:59  all    42     0   39    0        3       0     42      0   116
            0    40     0    4    0        0       0     41      0    55
            1     0     0   35    0        4       0      0      0    61
15:22:00  all    44     0   35    0        4       0     44      0   116
            0    41     0    5    0        0       0     40      0    54
            1     0     0   33    0        5       0      0      0    63
15:22:01  all    45     0   39    0        4       0     45      0   112
            0    40     0    9    0        0       0     40      0    51
            1     0     0   34    0        5       0      0      0    62
15:22:02  all    44     0   39    0        4       0     44      0   113
            0    40     0    6    0        0       0     41      0    54
            1     0     0   35    0        5       0      0      0    60
15:22:03  all    42     0   36    0        6       0     42      0   117
            0    40     0    4    0        0       0     39      0    55
            1     0     0   31    0        6       0      0      0    63
15:22:04  all    48     0   30    0        7       0     48      0   115
            0    44     0    4    0        0       0     44      0    52
            1     0     0   28    0        9       0      0      0    63
15:22:05  all    48     0   31    0        8       0     48      0   113
            0    44     0    4    0        0       0     45      0    52
            1     0     0   30    0        7       0      0      0    63
15:22:06  all    45     0   32    0        6       0     45      0   117
            0    42     0    4    0        0       0     42      0    54
            1     0     0   30    0        6       0      0      0    63
15:22:07  all    39     0   38    0        5       0     39      0   119
            0    37     0    5    0        0       0     37      0    58
            1     0     0   34    0        6       0      0      0    60
15:22:08  all    47     0   32    0        8       0     47      0   114
            0    43     0    4    0        0       0     43      0    53
            1     0     0   30    0        7       0      0      0    63
15:22:09  all    41     0   38    0        3       0     41      1   117
            0    39     0    6    0        0       0     39      0    55
            1     0     0   33    0        4       0      0      1    62
15:22:10  all    45     0   38    0        3       0     45      0   114
            0    42     0    6    0        0       0     42      0    52
            1     0     0   35    0        4       0      0      0    62
15:22:11  all    40     0   42    0        6       0     40      0   111
            0    39     0    7    0        0       0     39      0    54
            1     0     0   36    0        7       0      0      0    58
15:22:12  all    46     0   39    0        1       0     46      0   114
            0    43     0    6    0        0       0     42      0    51
            1     0     0   37    0        2       0      0      0    60
15:22:13  all    43     0   40    0        5       0     43      0   112
            0    41     0    4    0        0       0     42      0    55
            1     0     0   36    0        5       0      0      0    59
15:22:14  all    43     0   37    0        5       0     43      0   114
            0    40     0    6    0        0       0     39      0    54
            1     0     0   33    0        7       0      0      0    60
15:22:15  all    46     0   35    0        5       0     46      0   113
            0    44     0    3    0        0       0     45      0    53
            1     0     0   35    0        5       0      0      0    60
15:22:16  all    43     0   38    0        4       0     43      0   114
            0    41     0    4    0        0       0     41      0    55
            1     0     0   36    0        5       0      0      0    60
15:22:17  all    42     0   36    0        4       0     42      0   117
            0    41     0    4    0        0       0     41      0    55
            1     0     0   33    0        5       0      0      0    63
15:22:18  all    43     0   39    0        4       0     43      0   113
            0    41     0    5    0        0       0     41      0    54
            1     0     0   36    0        6       0      0      0    58
15:22:19  all    44     0   36    0        4       0     44      0   115
            0    40     0    6    0        0       0     40      0    54
            1     0     0   32    0        4       0      0      0    64
15:22:20  all    38     0   38    0        7       0     38      0   117
            0    37     0    6    0        0       0     37      0    57
            1     0     0   33    0        7       0      0      0    60
15:22:21  all    41     0   36    0        9       0     41      0   114
            0    40     0    4    0        0       0     40      0    55
            1     0     0   32    0        9       0      0      0    59
15:22:22  all    47     0   33    0        4       0     47      0   115
            0    43     0    5    0        0       0     42      0    52
            1     0     0   31    0        5       0      0      0    64
15:22:23  all    43     0   38    0        4       0     43      0   115
            0    39     0    7    0        0       0     40      0    54
            1     0     0   33    0        6       0      0      0    61
15:22:24  all    38     0   41    0        3       0     38      0   117
            0    37     0    5    0        0       0     37      0    58
            1     0     0   37    0        2       0      0      0    60
15:22:25  all    43     0   33    0        5       0     43      0   119
            0    39     0    5    0        0       0     39      0    56
            1     0     0   29    0        5       0      0      0    66
15:22:26  all    48     0   35    0        7       0     48      0   110
            0    44     0    5    0        0       0     44      0    51
            1     0     0   33    0        8       0      0      0    59
15:22:27  all    39     0   39    0        7       0     39      0   115
            0    38     0    6    0        0       0     38      0    56
            1     0     0   33    0        8       0      0      0    59
15:22:28  all    44     0   35    0        5       0     44      0   115
            0    42     0    5    0        0       0     42      0    53
            1     0     0   32    0        6       0      0      0    62
15:22:29  all    45     0   34    0        5       0     45      0   115
            0    42     0    4    0        0       0     42      0    54
            1     0     0   32    0        6       0      0      0    62
15:22:30  all    42     0   39    0        5       0     42      0   114
            0    40     0    6    0        0       0     40      0    54
            1     0     0   35    0        6       0      0      0    59
15:22:31  all    38     0   37    0        6       0     38      0   119
            0    37     0    5    0        0       0     37      0    58
            1     0     0   31    0        6       0      0      0    63
15:22:32  all    39     0   31    0        8       0     39      0   121
            0    38     0    3    0        0       0     38      0    59
            1     0     0   30    0        7       0      0      0    63
15:22:33  all    41     0   44    0        3       0     41      0   112
            0    40     0    5    0        0       0     40      0    55
            1     0     0   39    0        4       0      0      0    57
15:22:34  all    39     0   36    0        4       0     39      0   120
            0    37     0    5    0        0       0     37      0    58
            1     0     0   33    0        4       0      0      0    64
15:22:35  all     0     0    0    0        0       0      0      0   200
            0     0     0    0    0        0       0      0      0   100
            1     0     0    0    0        0       0      0      0   100
15:22:36  all     4     0    1    0        0       0      4      0   195
            0     4     0    0    0        0       0      3      0    96
            1     0     0    0    0        0       0      0      0   100
15:22:37  all     0     0    0    0        0       0      0      0   200
            0     0     0    0    0        0       0      0      0   100
            1     0     0    0    0        0       0      0      0   100
15:22:38  all     0     0    0    0        0       0      0      0   200
            0     0     0    0    0        0       0      1      0   100
            1     0     0    0    0        0       0      0      0   100
15:22:39  all     0     0    0    0        0       0      0      0   200
            0     0     0    0    0        0       0      0      0   100
            1     0     0    0    0        0       0      0      0   100
15:22:40  all     1     0    0    0        0       0      1      0   199
            0     0     0    0    0        0       0      0      0   100
            1     0     0    0    0        0       0      0      0   100
15:22:41  all     0     0    0    0        0       0      0      3   197
            0     0     0    0    0        0       0      0      0   100
            1     0     0    0    0        0       0      0      2    98
15:22:42  all     0     0    0    0        0       0      0      0   200
            0     0     0    0    0        0       0      0      0   100
            1     0     0    0    0        0       0      0      0   100
