
n41  4.10.1-itri  #1 SMP Sat Mar 3 20:34:58 EST 2018  x86_64  2018/03/21

-------------------------- analysis date: 2018/03/21 --------------------------

21:45:29  cpu  %usr %nice %sys %irq %softirq  %steal %guest  %wait %idle  _cpu_
21:45:30  all     0     0    0    0        0       0      0     46    54
21:45:31  all     0     0    0    0        0       0      0      0   100
21:45:32  all     0     0    0    0        0       0      0     37    63
21:45:33  all     0     0    0    0        0       0      0     11    89
21:45:34  all     1     0    0    0        0       0      0      1    98
21:45:35  all     5     0   37    0        0       0      0     48    10
21:45:36  all     1     0   17    0        1       0      0     81     0
21:45:37  all     0     0   21    0        1       0      0     78     0
21:45:38  all     1     0   19    0        1       0      0     79     0
21:45:39  all     0     0   20    0        1       0      0     79     0
21:45:40  all     0     0   19    0        2       0      0     79     0
21:45:41  all     2     0   17    0        0       0      0     81     0
21:45:42  all     0     0   20    0        1       0      0     79     0
21:45:43  all     1     0   18    0        2       0      0     79     0
21:45:44  all     2     0   19    0        1       0      0     78     0
21:45:45  all     0     0   19    0        1       0      0     80     0
21:45:46  all     2     0   18    0        1       0      0     79     0
21:45:47  all     0     0   22    0        0       0      0     78     0
21:45:48  all     0     0   15    0        2       0      0     83     0
21:45:49  all     1     0   18    0        2       0      0     79     0
21:45:50  all     1     0   19    0        1       0      0     79     0
21:45:51  all     1     0   19    0        1       0      0     79     0
21:45:52  all     2     0   20    0        0       0      0     78     0
21:45:53  all     0     0   18    0        1       0      0     81     0
21:45:54  all     1     0   21    0        0       0      0     78     0
21:45:55  all     1     0   19    0        1       0      0     79     0
21:45:56  all     1     0   17    0        1       0      0     81     0
21:45:57  all     1     0   19    0        2       0      0     78     0
21:45:58  all    21     0   64    0        0       0      0     14     0
21:45:59  all    28     0   72    0        0       0      0      0     0
21:46:00  all    23     0   77    0        0       0      0      0     0
21:46:01  all    11     0   27    0        0       0      0      3    59
21:46:02  all     0     0    0    0        0       0      0      2    98
21:46:03  all     0     0    0    0        0       0      0      0   100
21:46:04  all     0     0    0    0        0       0      0      0   100
21:46:05  all     0     0    0    0        0       0      0      0   100
