
n41  4.10.1-itri  #1 SMP Sat Mar 3 20:34:58 EST 2018  x86_64  2018/03/21

-------------------------- analysis date: 2018/03/21 --------------------------

23:43:40  cpu  %usr %nice %sys %irq %softirq  %steal %guest  %wait %idle  _cpu_
23:43:41  all   100     0    0    0        0       0    101      0   100
            0     0     0    0    0        0       0      0      0   100
            1   100     0    0    0        0       0     99      0     0
23:43:42  all   100     0    1    0        0       0     99      0   100
            0     0     0    1    0        0       0      0      0    99
            1    99     0    1    0        0       0     99      0     0
23:43:43  all   100     0    1    0        0       0    100      0    99
            0     0     0    0    0        0       0      0      0   100
            1   100     0    0    0        0       0    101      0     0
23:43:44  all   100     0    0    0        0       0    100      0   100
            0     0     0    0    0        0       0      0      0   100
            1   100     0    0    0        0       0    100      0     0
23:43:45  all   101     0    0    0        0       0     99      0    99
            0     0     0    0    0        0       0      0      0   100
            1   100     0    0    0        0       0     99      0     0
23:43:46  all   100     0    1    0        0       0    100      0    99
            0     0     0    0    0        0       0      0      0   100
            1   100     0    0    0        0       0    100      0     0
23:43:47  all   100     0    1    0        0       0    100      0   100
            0     0     0    1    0        0       0      0      0    99
            1    99     0    1    0        0       0    100      0     0
23:43:48  all   101     0    0    0        0       0    101      0    99
            0     1     0    0    0        0       0      0      0    99
            1   100     0    0    0        0       0    100      0     0
23:43:49  all   100     0    0    0        0       0    100      0   100
            0     0     0    0    0        0       0      0      0   100
            1   100     0    0    0        0       0     99      0     0
23:43:50  all    96     0    4    0        0       0     92      0    99
            0     1     0    0    0        0       0      0      0    99
            1    95     0    4    0        1       0     91      0     0
23:43:51  all    97     0    2    0        2       0     95      0   100
            0     0     0    0    0        0       0      0      0   100
            1    97     0    2    0        1       0     97      0     0
23:43:52  all    99     0    1    0        0       0     99      0    99
            0     0     0    0    0        0       0      0      0   100
            1    99     0    1    0        0       0     98      0     0
23:43:53  all    66     0   23    0       11       0     52      0   100
            0     0     0    0    0        0       0      0      0   100
            1    65     0   23    0       12       0     53      0     0
23:43:54  all    32     0   41    0       28       0     24      0    99
            0     1     0    0    0        0       0      0      0    99
            1    32     0   41    0       28       0     23      0     0
23:43:55  all    32     0   42    0       25       0     29      0   101
            0     0     0    1    0        0       0      0      0    99
            1    33     0   42    0       25       0     30      0     0
23:43:56  all    41     0   36    0       24       0     35      0    99
            0     0     0    0    0        0       0      0      0   100
            1    40     0   35    0       24       0     35      0     0
23:43:57  all    44     0   35    0       22       0     34      0   100
            0     1     0    0    0        0       0      0      0    99
            1    43     0   36    0       21       0     34      0     0
23:43:58  all    47     0   34    0       20       0     39      0    99
            0     0     0    0    0        0       0      0      0   100
            1    48     0   33    0       20       0     39      0     0
23:43:59  all    47     0   26    0       26       0     40      0   100
            0     0     0    0    0        0       0      0      0   100
            1    46     0   26    0       27       0     40      0     0
23:44:00  all    55     0   26    0       20       0     47      0   100
            0     0     0    0    0        0       0      0      0   100
            1    55     0   25    0       20       0     47      0     0
23:44:01  all    56     0   25    0       20       0     51      0   100
            0     0     0    1    0        0       0      0      0    99
            1    55     0   25    0       20       0     50      0     0
23:44:02  all    56     0   28    0       16       0     51      0    99
            0     0     0    0    0        0       0      0      0   100
            1    56     0   28    0       16       0     52      0     0
23:44:03  all    57     0   25    0       18       0     52      0    99
            0     0     0    0    0        0       0      0      0   100
            1    58     0   24    0       18       0     52      0     0
23:44:04  all    61     0   24    0       16       0     58      0   100
            0     1     0    0    0        0       0      0      0    99
            1    59     0   25    0       16       0     56      0     0
23:44:05  all    64     0   20    0       16       0     58      0    99
            0     0     0    1    0        0       0      0      0    99
            1    65     0   19    0       16       0     59      0     0
23:44:06  all    68     0   19    0       13       0     64      0   100
            0     0     0    0    0        0       0      0      0   100
            1    68     0   19    0       13       0     65      0     0
23:44:07  all    68     0   20    0       13       0     64      0    99
            0     0     0    0    0        0       0      0      0   100
            1    67     0   20    0       13       0     63      0     0
23:44:08  all    70     0   20    0       10       0     66      0   100
            0     0     0    1    0        0       0      0      0    99
            1    71     0   19    0       10       0     67      0     0
23:44:09  all    76     0   16    0        8       0     73      0    99
            0     0     0    0    0        0       0      0      0   100
            1    76     0   16    0        8       0     73      0     0
23:44:10  all    73     0   18    0       10       0     70      0    99
            0     0     0    1    0        0       0      0      0    99
            1    74     0   17    0        9       0     70      0     0
23:44:11  all    73     0   17    0       10       0     71      0    99
            0     0     0    0    0        0       0      0      0   100
            1    72     0   17    0       11       0     70      0     0
23:44:12  all    79     0   16    0        5       0     75      0   100
            0     0     0    0    0        0       0      0      0   100
            1    79     0   16    0        5       0     75      0     0
23:44:13  all    83     0   14    0        5       0     80      0    99
            0     1     0    0    0        0       0      0      0    99
            1    83     0   13    0        4       0     82      0     0
23:44:14  all    82     0   12    0        6       0     80      0   100
            0     0     0    1    0        0       0      0      0    99
            1    81     0   12    0        7       0     78      0     0
23:44:15  all    82     0   15    0        4       0     80      0   100
            0     0     0    0    0        0       0      0      0   100
            1    82     0   15    0        3       0     80      0     0
23:44:16  all    83     0   13    0        3       0     82      0   101
            0     0     0    0    0        0       0      0      0   100
            1    82     0   14    0        4       0     81      0     0
23:44:17  all    64     0   26    0       11       0     58      0    99
            0     0     0    0    0        0       0      0      0   100
            1    64     0   25    0       11       0     59      0     0
23:44:18  all    55     0   28    0       17       0     45      0   100
            0     0     0    0    0        0       0      0      0   100
            1    54     0   29    0       17       0     45      0     0
23:44:19  all    47     0   33    0       20       0     44      0   100
            0     0     0    0    0        0       0      0      0   100
            1    47     0   32    0       20       0     43      0     0
23:44:20  all    45     0   33    0       23       0     35      0    99
            0     0     0    0    0        0       0      0      0   100
            1    44     0   33    0       23       0     36      0     0
23:44:21  all    49     0   31    0       19       0     35      0   101
            0     0     0    0    0        0       0      0      0   100
            1    50     0   31    0       19       0     35      0     0
23:44:22  all    38     0   34    0       29       0     29      0    99
            0     0     0    0    0        0       0      0      0   100
            1    37     0   34    0       29       0     29      0     0
23:44:23  all    41     0   35    0       24       0     33      0   100
            0     0     0    0    0        0       0      0      0   100
            1    41     0   35    0       24       0     33      0     0
23:44:24  all    41     0   36    0       23       0     31      0    99
            0     0     0    0    0        0       0      0      0   100
            1    41     0   36    0       23       0     31      0     0
23:44:25  all    36     0   40    0       23       0     28      0   101
            0     0     0    0    0        0       0      0      0   100
            1    37     0   41    0       23       0     28      0     0
23:44:26  all    36     0   42    0       23       0     29      0    99
            0     0     0    0    0        0       0      0      0   100
            1    36     0   41    0       23       0     28      0     0
23:44:27  all    35     0   38    0       27       0     27      0   100
            0     0     0    0    0        0       0      0      0   100
            1    35     0   38    0       28       0     29      0     0
23:44:28  all    37     0   37    0       26       0     27      0    99
            0     0     0    0    0        0       0      0      0   100
            1    37     0   38    0       26       0     27      0     0
23:44:29  all    33     0   37    0       29       0     24      0   100
            0     0     0    0    0        0       0      0      0   100
            1    34     0   37    0       29       0     23      0     0
23:44:30  all    66     0   26    0        9       0     60      0   100
            0     0     0    0    0        0       0      0      0   100
            1    66     0   25    0        9       0     60      0     0
23:44:31  all    87     0   11    0        2       0     85      0   100
            0     0     0    0    0        0       0      0      0   100
            1    86     0   12    0        2       0     86      0     0
23:44:32  all   101     0    0    0        0       0    101      0    99
            0     0     0    0    0        0       0      0      0   100
            1   100     0    0    0        0       0    100      0     0
23:44:33  all   100     0    0    0        0       0    100      0   100
            0     0     0    1    0        0       0      0      0    99
            1   100     0    0    0        0       0    100      0     0
23:44:34  all   100     0    1    0        0       0    100      0    99
            0     0     0    0    0        0       0      0      0   100
            1   100     0    0    0        0       0    100      0     0
23:44:35  all   100     0    0    0        0       0    100      0   100
            0     0     0    0    0        0       0      0      0   100
            1   100     0    0    0        0       0    100      0     0
23:44:36  all   101     0    0    0        0       0    101      0    99
            0     0     0    0    0        0       0      0      0   100
            1   100     0    0    0        0       0    100      0     0
23:44:37  all   101     0    0    0        0       0    101      0    99
            0     0     0    0    0        0       0      0      0   100
            1   100     0    0    0        0       0    100      0     0
23:44:38  all   100     0    0    0        0       0    100      0   100
            0     0     0    0    0        0       0      0      0   100
            1   100     0    0    0        0       0    100      0     0
23:44:39  all   101     0    0    0        0       0    101      0    99
            0     0     0    0    0        0       0      0      0   100
            1   100     0    0    0        0       0    100      0     0
23:44:40  all   101     0    0    0        0       0    101      0    99
            0     0     0    0    0        0       0      0      0   100
            1   100     0    0    0        0       0    100      0     0
23:44:41  all    99     0    0    0        0       0    101      0   101
            0     0     0    0    0        0       0      0      0   100
            1   100     0    0    0        0       0    100      0     0
23:44:42  all   101     0    0    0        0       0    101      0    99
            0     0     0    0    0        0       0      0      0   100
            1   100     0    0    0        0       0    100      0     0
