
n41  4.10.1-itri  #1 SMP Sat Mar 3 20:34:58 EST 2018  x86_64  2018/03/21

-------------------------- analysis date: 2018/03/21 --------------------------

22:35:51  cpu  %usr %nice %sys %irq %softirq  %steal %guest  %wait %idle  _cpu_
22:35:52  all   101     0    0    0        0       0    100      0    99
            0     1     0    0    0        0       0      0      0    99
            1   100     0    0    0        0       0    100      0     0
22:35:53  all   100     0    0    0        0       0    100      0   100
            0     0     0    0    0        0       0      0      0   100
            1   100     0    0    0        0       0    100      0     0
22:35:54  all    98     0    3    0        0       0     97      0    99
            0     1     0    0    0        0       0      0      0    99
            1    98     0    2    0        0       0     98      0     0
22:35:55  all   101     0    0    0        0       0    101      0    99
            0     0     0    0    0        0       0      0      0   100
            1   100     0    0    0        0       0    100      0     0
22:35:56  all    98     0    2    0        0       0     98      0   100
            0     0     0    1    0        0       0      0      0    99
            1    97     0    3    0        0       0     97      0     0
22:35:57  all   101     0    0    0        0       0    101      0    99
            0     0     0    0    0        0       0      0      0   100
            1   100     0    0    0        0       0    100      0     0
22:35:58  all    98     0    3    0        0       0     97      0   100
            0     0     0    0    0        0       0      0      0   100
            1    98     0    2    0        0       0     97      0     0
22:35:59  all    97     0    3    0        0       0     97      0    99
            0     0     0    0    0        0       0      0      0   100
            1    97     0    3    0        0       0     97      0     0
22:36:00  all    95     0    3    0        2       0     94      0   100
            0     0     0    0    0        0       0      0      0   100
            1    95     0    3    0        2       0     94      0     0
22:36:01  all    76     0   21    0        3       0     58      0    99
            0     1     0    0    0        0       0      0      0    99
            1    75     0   21    0        4       0     58      0     0
22:36:02  all    48     0   41    0       12       0     29      0    99
            0     0     0    0    0        0       0      0      0   100
            1    48     0   41    0       12       0     29      0     0
22:36:03  all    42     0   42    0       15       0     23      0   101
            0     0     0    0    0        0       0      0      0   100
            1    43     0   42    0       14       0     23      0     0
22:36:04  all    40     0   51    0        9       0     27      0   100
            0     0     0    0    0        0       0      0      0   100
            1    40     0   50    0       10       0     27      0     0
22:36:05  all    37     0   49    0       15       0     15      0   100
            0     0     0    0    0        0       0      0      0   100
            1    36     0   49    0       14       0     15      0     0
22:36:06  all    46     0   45    0        9       0     21      0    99
            0     0     0    0    0        0       0      0      0   100
            1    46     0   45    0        9       0     21      0     0
22:36:07  all    39     0   46    0       15       0     22      0   100
            0     0     0    0    0        0       0      0      0   100
            1    39     0   46    0       15       0     22      0     0
22:36:08  all    42     0   46    0       12       0     20      0   100
            0     0     0    0    0        0       0      0      0   100
            1    42     0   46    0       12       0     20      0     0
22:36:09  all    40     0   46    0       14       0     21      0    99
            0     0     0    0    0        0       0      0      0   100
            1    41     0   45    0       14       0     21      0     0
22:36:10  all    42     0   47    0       11       0     24      0   100
            0     0     0    0    0        0       0      0      0   100
            1    41     0   48    0       12       0     24      0     0
22:36:11  all    38     0   46    0       16       0     22      0   100
            0     0     0    0    0        0       0      0      0   100
            1    39     0   46    0       15       0     22      0     0
22:36:12  all    44     0   43    0       13       0     27      0   100
            0     0     0    0    0        0       0      0      0   100
            1    43     0   43    0       13       0     27      0     0
22:36:13  all    48     0   44    0        7       0     29      0   100
            0     0     0    0    0        0       0      0      0   100
            1    48     0   44    0        8       0     29      0     0
22:36:14  all    39     0   49    0       12       0     22      0   100
            0     0     0    0    0        0       0      0      0   100
            1    39     0   49    0       12       0     22      0     0
22:36:15  all    41     0   46    0       14       0     20      0   100
            0     0     0    0    0        0       0      0      0   100
            1    41     0   46    0       14       0     20      0     0
22:36:16  all    40     0   47    0       14       0     17      0    99
            0     0     0    0    0        0       0      0      0   100
            1    40     0   46    0       13       0     17      0     0
22:36:17  all    42     0   46    0       12       0     25      0   100
            0     0     0    0    0        0       0      0      0   100
            1    42     0   46    0       12       0     25      0     0
22:36:18  all    43     0   44    0       12       0     21      0   101
            0     0     0    0    0        0       0      0      0   100
            1    43     0   45    0       12       0     21      0     0
22:36:19  all    43     0   44    0       13       0     24      0   100
            0     0     0    1    0        0       0      0      0    99
            1    44     0   43    0       13       0     24      0     0
22:36:20  all    51     0   35    0       15       0     28      0    99
            0     0     0    0    0        0       0      0      0   100
            1    50     0   35    0       15       0     28      0     0
22:36:21  all    38     0   50    0       11       0     24      0   101
            0     0     0    0    0        0       0      0      0   100
            1    38     0   51    0       11       0     24      0     0
22:36:22  all    39     0   52    0       10       0     19      0   100
            0     0     0    0    0        0       0      0      0   100
            1    39     0   51    0       10       0     19      0     0
22:36:23  all    44     0   44    0       12       0     25      0    99
            0     0     0    0    0        0       0      0      0   100
            1    44     0   44    0       12       0     25      0     0
22:36:24  all    39     0   51    0        9       0     23      0   101
            0     0     0    0    0        0       0      0      0   100
            1    39     0   52    0        9       0     23      0     0
22:36:25  all    43     0   47    0       11       0     21      0   100
            0     0     0    0    0        0       0      0      0   100
            1    43     0   47    0       11       0     21      0     0
22:36:26  all    35     0   53    0       12       0     18      0   100
            0     0     0    0    0        0       0      0      0   100
            1    35     0   53    0       12       0     18      0     0
22:36:27  all    43     0   45    0       12       0     24      0    99
            0     0     0    0    0        0       0      0      0   100
            1    43     0   45    0       12       0     24      0     0
22:36:28  all    40     0   50    0        9       0     20      0   101
            0     0     0    0    0        0       0      0      0   100
            1    41     0   50    0       10       0     20      0     0
22:36:29  all    43     0   45    0       13       0     22      0   100
            0     0     0    0    0        0       0      0      0   100
            1    42     0   45    0       12       0     22      0     0
22:36:30  all    39     0   47    0       14       0     20      0    99
            0     0     0    0    0        0       0      0      0   100
            1    39     0   47    0       14       0     20      0     0
22:36:31  all    34     0   53    0       13       0     21      0   100
            0     0     0    0    0        0       0      0      0   100
            1    34     0   53    0       13       0     21      0     0
22:36:32  all    41     0   44    0       14       0     21      0   101
            0     0     0    0    0        0       0      0      0   100
            1    41     0   44    0       15       0     21      0     0
22:36:33  all    41     0   51    0        9       0     20      0   100
            0     0     0    0    0        0       0      0      0   100
            1    41     0   51    0        8       0     20      0     0
22:36:34  all    44     0   47    0        9       0     27      0    99
            0     0     0    0    0        0       0      0      0   100
            1    44     0   47    0       10       0     27      0     0
22:36:35  all    38     0   50    0       12       0     24      0   100
            0     0     0    0    0        0       0      0      0   100
            1    38     0   51    0       11       0     24      0     0
22:36:36  all    38     0   49    0       13       0     21      0    99
            0     0     0    0    0        0       0      0      0   100
            1    38     0   49    0       13       0     21      0     0
22:36:37  all    39     0   49    0       12       0     19      0   100
            0     0     0    0    0        0       0      0      0   100
            1    39     0   49    0       12       0     19      0     0
22:36:38  all    45     0   46    0        9       0     25      0   100
            0     0     0    0    0        0       0      0      0   100
            1    45     0   46    0       10       0     25      0     0
22:36:39  all    41     0   46    0       12       0     28      0   101
            0     0     0    0    0        0       0      0      0   100
            1    41     0   46    0       12       0     28      0     0
22:36:40  all    38     0   46    0       16       0     22      0   100
            0     0     0    0    0        0       0      0      0   100
            1    38     0   46    0       16       0     22      0     0
22:36:41  all    42     0   46    0       12       0     24      0    99
            0     0     0    0    0        0       0      0      0   100
            1    42     0   46    0       12       0     24      0     0
22:36:42  all    41     0   45    0       15       0     27      0   100
            0     0     0    0    0        0       0      0      0   100
            1    41     0   45    0       14       0     27      0     0
22:36:43  all    40     0   47    0       12       0     24      0   101
            0     0     0    0    0        0       0      0      0   100
            1    40     0   47    0       12       0     24      0     0
22:36:44  all    42     0   46    0       13       0     24      0    99
            0     0     0    0    0        0       0      0      0   100
            1    42     0   46    0       13       0     24      0     0
22:36:45  all    39     0   51    0       10       0     23      0   100
            0     0     0    0    0        0       0      0      0   100
            1    39     0   51    0       10       0     23      0     0
22:36:46  all    42     0   45    0       13       0     27      0   100
            0     0     0    0    0        0       0      0      0   100
            1    42     0   45    0       13       0     27      0     0
22:36:47  all    41     0   45    0       13       0     23      0   101
            0     0     0    0    0        0       0      0      0   100
            1    42     0   45    0       13       0     23      0     0
22:36:48  all    41     0   45    0       14       0     22      0    99
            0     0     0    0    0        0       0      0      0   100
            1    40     0   45    0       15       0     22      0     0
22:36:49  all    38     0   50    0       13       0     20      0   100
            0     0     0    0    0        0       0      0      0   100
            1    38     0   50    0       12       0     20      0     0
22:36:50  all    43     0   46    0       11       0     24      0   100
            0     0     0    0    0        0       0      0      0   100
            1    43     0   46    0       11       0     24      0     0
22:36:51  all    39     0   45    0       16       0     24      0    99
            0     0     0    0    0        0       0      0      0   100
            1    39     0   45    0       16       0     24      0     0
22:36:52  all    47     0   38    0       15       0     24      0   100
            0     0     0    0    0        0       0      0      0   100
            1    47     0   38    0       15       0     24      0     0
22:36:53  all    44     0   44    0       12       0     26      0   100
            0     0     0    0    0        0       0      0      0   100
            1    44     0   44    0       12       0     26      0     0
22:36:54  all    38     0   48    0       13       0     19      0   101
            0     0     0    0    0        0       0      0      0   100
            1    38     0   48    0       14       0     19      0     0
22:36:55  all    43     0   45    0       13       0     25      0    99
            0     0     0    0    0        0       0      0      0   100
            1    43     0   45    0       12       0     25      0     0
22:36:56  all    39     0   50    0       11       0     21      0   100
            0     0     0    0    0        0       0      0      0   100
            1    40     0   50    0       11       0     21      0     0
22:36:57  all    40     0   49    0       10       0     22      0   101
            0     0     0    0    0        0       0      0      0   100
            1    39     0   49    0       11       0     22      0     0
22:36:58  all    38     0   50    0       12       0     24      0    99
            0     0     0    0    0        0       0      0      0   100
            1    38     0   50    0       12       0     24      0     0
22:36:59  all    45     0   45    0       10       0     25      0   100
            0     0     0    0    0        0       0      0      0   100
            1    45     0   45    0        9       0     25      0     0
22:37:00  all    43     0   46    0       12       0     24      0   100
            0     0     0    0    0        0       0      0      0   100
            1    43     0   46    0       12       0     24      0     0
22:37:01  all    44     0   45    0       10       0     28      0   101
            0     0     0    0    0        0       0      0      0   100
            1    45     0   45    0       11       0     28      0     0
22:37:02  all    40     0   51    0        9       0     24      0    99
            0     0     0    0    0        0       0      0      1    99
            1    40     0   52    0        8       0     24      0     0
22:37:03  all    38     0   50    0       13       0     23      0   100
            0     0     0    0    0        0       0      0      0   100
            1    37     0   50    0       13       0     23      0     0
22:37:04  all    40     0   48    0       12       0     18      0   100
            0     0     0    0    0        0       0      0      0   100
            1    40     0   48    0       12       0     18      0     0
22:37:05  all    40     0   48    0       11       0     23      0   100
            0     0     0    0    0        0       0      0      0   100
            1    41     0   48    0       11       0     23      0     0
22:37:06  all    42     0   46    0       13       0     20      0   100
            0     0     0    0    0        0       0      0      0   100
            1    41     0   46    0       13       0     20      0     0
22:37:07  all    40     0   46    0       13       0     22      0   101
            0     0     0    0    0        0       0      0      0   100
            1    41     0   46    0       13       0     22      0     0
22:37:08  all    38     0   46    0       17       0     19      0   100
            0     0     0    0    0        0       0      0      0   100
            1    37     0   46    0       18       0     19      0     0
22:37:09  all    44     0   41    0       15       0     24      0    99
            0     0     0    0    0        0       0      0      0   100
            1    44     0   41    0       14       0     24      0     0
22:37:10  all    46     0   41    0       12       0     27      0   101
            0     0     0    0    0        0       0      0      0   100
            1    46     0   41    0       12       0     27      0     0
22:37:11  all    38     0   48    0       14       0     23      0   100
            0     0     0    0    0        0       0      0      0   100
            1    39     0   48    0       14       0     23      0     0
22:37:12  all    45     0   40    0       16       0     25      0    99
            0     0     0    0    0        0       0      0      0   100
            1    44     0   40    0       16       0     25      0     0
22:37:13  all    46     0   40    0       13       0     25      0   101
            0     0     0    0    0        0       0      0      0   100
            1    46     0   40    0       14       0     25      0     0
22:37:14  all    42     0   42    0       16       0     21      0   100
            0     0     0    0    0        0       0      0      0   100
            1    42     0   42    0       16       0     21      0     0
22:37:15  all    43     0   48    0        9       0     22      0   100
            0     0     0    0    0        0       0      0      0   100
            1    44     0   48    0        8       0     22      0     0
22:37:16  all    38     0   48    0       14       0     22      0    99
            0     0     0    0    0        0       0      0      0   100
            1    37     0   48    0       14       0     22      0     0
22:37:17  all    42     0   44    0       15       0     25      0   100
            0     0     0    0    0        0       0      0      0   100
            1    42     0   43    0       15       0     25      0     0
22:37:18  all    40     0   47    0       12       0     28      0   101
            0     0     0    0    0        0       0      0      0   100
            1    39     0   47    0       13       0     28      0     0
22:37:19  all    40     0   49    0       11       0     20      0    99
            0     0     0    0    0        0       0      0      0   100
            1    41     0   49    0       10       0     20      0     0
22:37:20  all    41     0   49    0       11       0     24      0   100
            0     0     0    0    0        0       0      0      0   100
            1    40     0   49    0       11       0     24      0     0
22:37:21  all    45     0   41    0       13       0     25      0   101
            0     0     0    0    0        0       0      0      0   100
            1    45     0   41    0       13       0     25      0     0
22:37:22  all    38     0   47    0       16       0     18      0   100
            0     0     0    0    0        0       0      0      0   100
            1    38     0   47    0       16       0     18      0     0
22:37:23  all    39     0   50    0       11       0     22      0   100
            0     0     0    0    0        0       0      0      0   100
            1    39     0   50    0       11       0     22      0     0
22:37:24  all    45     0   42    0       13       0     27      0    99
            0     0     0    0    0        0       0      0      0   100
            1    45     0   42    0       13       0     27      0     0
22:37:25  all    41     0   48    0       11       0     17      0   100
            0     0     0    0    0        0       0      0      0   100
            1    41     0   48    0       11       0     17      0     0
22:37:26  all    39     0   47    0       14       0     22      0    99
            0     0     0    0    0        0       0      0      0   100
            1    39     0   47    0       14       0     22      0     0
22:37:27  all    46     0   44    0       10       0     25      0   100
            0     0     0    0    0        0       0      0      0   100
            1    47     0   44    0       10       0     25      0     0
22:37:28  all    46     0   44    0       10       0     27      0   100
            0     0     0    0    0        0       0      0      0   100
            1    45     0   44    0       10       0     27      0     0
22:37:29  all    47     0   45    0        8       0     26      0   100
            0     0     0    0    0        0       0      0      0   100
            1    47     0   45    0        8       0     26      0     0
22:37:30  all    96     0    3    0        1       0     94      0    99
            0     0     0    0    0        0       0      0      0   100
            1    96     0    3    0        1       0     94      0     0
22:37:31  all   100     0    0    0        0       0    100      0   100
            0     0     0    0    0        0       0      0      0   100
            1   100     0    0    0        0       0    100      0     0
22:37:32  all   101     0    0    0        0       0    101      0    99
            0     0     0    0    0        0       0      0      0   100
            1   100     0    0    0        0       0    100      0     0
22:37:33  all   100     0    0    0        0       0    100      0   100
            0     0     0    0    0        0       0      0      0   100
            1   100     0    0    0        0       0    100      0     0
22:37:34  all   101     0    0    0        0       0    101      0    99
            0     0     0    0    0        0       0      0      0   100
            1   100     0    0    0        0       0    100      0     0
22:37:35  all   101     0    0    0        0       0    101      0    99
            0     0     0    0    0        0       0      0      0   100
            1   100     0    0    0        0       0    100      0     0
22:37:36  all   100     0    0    0        0       0    100      0   100
            0     0     0    0    0        0       0      0      0   100
            1   100     0    0    0        0       0    100      0     0
22:37:37  all    99     0    1    0        0       0    101      0    99
            0     0     0    0    0        0       0      0      0   100
            1   100     0    0    0        0       0    100      0     0
22:37:38  all   100     0    0    0        0       0    100      0   100
            0     0     0    0    0        0       0      0      0   100
            1   100     0    0    0        0       0    100      0     0
22:37:39  all    98     0    3    0        0       0     97      0    99
            0     0     0    0    0        0       0      0      0   100
            1    97     0    3    0        0       0     97      0     0
22:37:40  all   100     0    0    0        0       0    100      0   100
            0     0     0    0    0        0       0      0      0   100
            1   100     0    0    0        0       0    100      0     0
22:37:41  all    98     0    2    0        0       0     98      0    99
            0     0     0    0    0        0       0      0      0   100
            1    98     0    2    0        0       0     98      0     0
