
n41  4.10.1-itri  #1 SMP Sat Mar 3 20:34:58 EST 2018  x86_64  2018/03/21

-------------------------- analysis date: 2018/03/21 --------------------------

22:27:50  cpu  %usr %nice %sys %irq %softirq  %steal %guest  %wait %idle  _cpu_
22:27:51  all    99     0    1    0        0       0     99      0   100
            0     0     0    0    0        0       0      0      0   100
            1   100     0    0    0        0       0    100      0     0
22:27:52  all   101     0    0    0        0       0    101      0    99
            0     0     0    0    0        0       0      0      0   100
            1   100     0    0    0        0       0    100      0     0
22:27:53  all   101     0    0    0        0       0    101      0    99
            0     0     0    0    0        0       0      0      0   100
            1   100     0    0    0        0       0    100      0     0
22:27:54  all   100     0    0    0        0       0    100      0   100
            0     0     0    0    0        0       0      0      0   100
            1   100     0    0    0        0       0    100      0     0
22:27:55  all   100     0    0    0        0       0    100      0   100
            0     0     0    0    0        0       0      0      0   100
            1    99     0    1    0        0       0     99      0     0
22:27:56  all   101     0    0    0        0       0    101      0    99
            0     0     0    0    0        0       0      0      0   100
            1   100     0    0    0        0       0    100      0     0
22:27:57  all   101     0    0    0        0       0    101      0    99
            0     0     0    0    0        0       0      0      0   100
            1   100     0    0    0        0       0    100      0     0
22:27:58  all   100     0    0    0        0       0    100      0   100
            0     0     0    0    0        0       0      0      0   100
            1   100     0    0    0        0       0    100      0     0
22:27:59  all    94     0    6    0        0       0     92      0    99
            0     0     0    0    0        0       0      0      0   100
            1    95     0    5    0        0       0     93      0     0
22:28:00  all    84     0   16    0        1       0     77      0   100
            0     0     0    0    0        0       0      0      0   100
            1    83     0   16    0        1       0     76      0     0
22:28:01  all    79     0   19    0        3       0     74      0    99
            0     2     0    0    0        0       0      0      0    98
            1    76     0   20    0        4       0     73      0     0
22:28:02  all    78     0   20    0        3       0     73      0   100
            0     0     0    0    0        0       0      0      0   100
            1    78     0   20    0        2       0     73      0     0
22:28:03  all    79     0   19    0        1       0     77      0   101
            0     0     0    0    0        0       0      0      0   100
            1    80     0   18    0        2       0     77      0     0
22:28:04  all    81     0   17    0        2       0     77      0    99
            0     0     0    0    0        0       0      0      0   100
            1    80     0   18    0        2       0     77      0     0
22:28:05  all    76     0   21    0        3       0     74      0   100
            0     0     0    0    0        0       0      0      0   100
            1    76     0   21    0        3       0     74      0     0
22:28:06  all    83     0   16    0        1       0     78      0   100
            0     0     0    0    0        0       0      0      0   100
            1    84     0   15    0        1       0     77      0     0
22:28:07  all    82     0   16    0        2       0     78      0    99
            0     0     0    0    0        0       0      0      0   100
            1    82     0   16    0        2       0     79      0     0
22:28:08  all    79     0   25    0        3       0     75      0    93
            0     0     0    6    0        0       0      0      0    94
            1    78     0   19    0        3       0     75      0     0
22:28:09  all    76     0   26    0        2       0     74      0    95
            0     0     0    5    0        0       0      0      0    95
            1    76     0   22    0        2       0     74      0     0
22:28:10  all    78     0   24    0        3       0     73      0    95
            0     0     0    4    0        0       0      0      0    96
            1    79     0   19    0        2       0     74      0     0
22:28:11  all    80     0   22    0        3       0     77      0    95
            0     0     0    5    0        0       0      0      0    95
            1    79     0   18    0        3       0     76      0     0
22:28:12  all    77     0   25    0        4       0     73      0    93
            0     0     0    6    0        0       0      0      0    94
            1    77     0   19    0        4       0     72      0     0
22:28:13  all    78     0   29    0        2       0     74      0    92
            0     0     0    9    0        0       0      0      0    91
            1    78     0   20    0        2       0     75      0     0
22:28:14  all    79     0   26    0        3       0     74      0    92
            0     0     0    8    0        0       0      0      0    92
            1    80     0   17    0        3       0     75      0     0
22:28:15  all    75     0   27    0        5       0     72      0    92
            0     0     0    7    0        0       0      0      0    93
            1    74     0   21    0        5       0     71      0     0
22:28:16  all    77     0   29    0        2       0     73      0    92
            0     0     0    8    0        0       0      0      0    92
            1    76     0   21    0        3       0     73      0     0
22:28:17  all    74     0   28    0        5       0     71      0    93
            0     0     0    7    0        0       0      0      0    93
            1    75     0   20    0        5       0     71      0     0
22:28:18  all    78     0   27    0        3       0     76      0    93
            0     0     0    8    0        0       0      0      0    92
            1    77     0   20    0        3       0     75      0     0
22:28:19  all    82     0   22    0        2       0     80      0    94
            0     0     0    7    0        0       0      0      0    93
            1    83     0   15    0        2       0     80      0     0
22:28:20  all    97     0    3    0        1       0     96      0    99
            0     0     0    0    0        0       0      0      0   100
            1    97     0    3    0        0       0     97      0     0
22:28:21  all    99     0    1    0        0       0     99      0   100
            0     0     0    0    0        0       0      0      0   100
            1   100     0    0    0        0       0    100      0     0
22:28:22  all   100     0    0    0        0       0    100      1    99
            0     0     0    0    0        0       0      0      0   100
            1   100     0    0    0        0       0    100      0     0
22:28:23  all   100     0    0    0        0       0     99      0   100
            0     0     0    0    0        0       0      0      0   100
            1    99     0    1    0        0       0     98      0     0
22:28:24  all   100     0    0    0        0       0    100      0   100
            0     0     0    0    0        0       0      0      0   100
            1   100     0    0    0        0       0     99      0     0
22:28:25  all   101     0    0    0        0       0    101      0    99
            0     0     0    0    0        0       0      0      0   100
            1   100     0    0    0        0       0    100      0     0
22:28:26  all   101     0    0    0        0       0    101      0    99
            0     0     0    0    0        0       0      0      0   100
            1   100     0    0    0        0       0    100      0     0
22:28:27  all   100     0    1    0        0       0     99      0   100
            0     0     0    0    0        0       0      0      0   100
            1   100     0    0    0        0       0    101      0     0
22:28:28  all   100     0    0    0        0       0    100      0   100
            0     0     0    0    0        0       0      0      0   100
            1   100     0    0    0        0       0    100      0     0
22:28:29  all   100     0    0    0        0       0    101      0   100
            0     0     0    0    0        0       0      0      0   100
            1    99     0    1    0        0       0     99      0     0
22:28:30  all   101     0    0    0        0       0    101      0    99
            0     0     0    0    0        0       0      0      0   100
            1   100     0    0    0        0       0    100      0     0
22:28:31  all   101     0    0    0        0       0    101      0    99
            0     0     0    0    0        0       0      0      0   100
            1   100     0    0    0        0       0    100      0     0
22:28:32  all   100     0    0    0        0       0    100      0   100
            0     0     0    0    0        0       0      0      0   100
            1   100     0    0    0        0       0    100      0     0
22:28:33  all   101     0    0    0        0       0     99      0    99
            0     0     0    0    0        0       0      0      0   100
            1   100     0    0    0        0       0    100      0     0
22:28:34  all   101     0    0    0        0       0    101      0    99
            0     0     0    0    0        0       0      0      0   100
            1   100     0    0    0        0       0    100      0     0
22:28:35  all    99     0    1    0        0       0    100      0   100
            0     0     0    0    0        0       0      0      0   100
            1   100     0    0    0        0       0    100      0     0
22:28:36  all   101     0    0    0        0       0    101      0    99
            0     0     0    0    0        0       0      0      0   100
            1   100     0    0    0        0       0    100      0     0
