
n41  4.10.1-itri  #1 SMP Sat Mar 3 20:34:58 EST 2018  x86_64  2018/03/22

-------------------------- analysis date: 2018/03/22 --------------------------

00:52:24  cpu  %usr %nice %sys %irq %softirq  %steal %guest  %wait %idle  _cpu_
00:52:25  all     0     0    0    0        0       0      0     42    58
00:52:26  all     1     0    0    0        0       0      0      0    99
00:52:27  all     0     0    0    0        0       0      0     38    62
00:52:28  all     1     0    0    0        0       0      0      8    91
00:52:29  all     0     0    0    0        0       0      0      1    99
00:52:30  all     8     0   43    0        1       0      0     38    10
00:52:31  all    24     0   76    0        0       0      0      0     0
00:52:32  all    23     0   64    0       12       0      0      0     0
00:52:33  all    20     0   53    0       16       0      0     11     0
00:52:34  all     2     0   21    0        7       0      0     69     0
00:52:35  all     3     0   20    0        9       0      0     68     0
00:52:36  all     3     0   17    0        8       0      0     72     0
00:52:37  all     4     0   15    0        8       0      0     73     0
00:52:38  all     7     0   15    0        5       0      0     73     0
00:52:39  all     4     0   14    0        9       0      0     73     0
00:52:40  all     4     0   15    0        4       0      0     76     0
00:52:41  all     2     0   19    0        4       0      0     75     0
00:52:42  all     2     0   18    0        5       0      0     75     0
00:52:43  all     4     0   14    0        6       0      0     76     0
00:52:44  all     4     0   17    0        3       0      0     76     0
00:52:45  all     2     0   17    0        3       0      0     77     0
00:52:46  all     4     0   19    0        5       0      0     72     0
00:52:47  all     5     0   16    0        2       0      0     77     0
00:52:48  all     3     0   17    0        3       0      0     76     0
00:52:49  all     2     0   21    0        1       0      0     76     0
00:52:50  all     3     0   18    0        2       0      0     76     0
00:52:51  all     6     0   18    0        2       0      0     74     0
00:52:52  all     3     0   20    0        4       0      0     73     0
00:52:53  all     2     0   13    0        2       0      0     83     0
00:52:54  all     0     0    4    0        0       0      0     96     0
00:52:55  all     0     0    3    0        1       0      0     96     0
00:52:56  all     0     0    4    0        3       0      0     92     0
00:52:57  all     3     0    9    0        6       0      0     82     0
