
ubuntu  4.10.0-42-generic  #46~16.04.1-Ubuntu SMP Mon Dec 4 15:57:59 UTC 2017  x86_64  2018/01/30

-------------------------- analysis date: 2018/01/30 --------------------------

20:32:20  cpu  %usr %nice %sys %irq %softirq  %steal %guest  %wait %idle  _cpu_
20:32:21  all     0     0    0    0        0       0      0      0   200
            0     0     0    0    0        0       0      0      0   100
            1     0     0    0    0        0       0      0      0   100
20:32:22  all     1     0    1    0        0       0      1      0   198
            0     0     0    0    0        0       0      0      0   100
            1     1     0    0    0        0       0      0      0    99
20:32:23  all     0     0    0    0        0       0      0      0   200
            0     0     0    0    0        0       0      0      0   100
            1     0     0    0    0        0       0      0      0   100
20:32:24  all     0     0    0    0        0       0      0      0   200
            0     0     0    1    0        0       0      0      0    99
            1     0     0    0    0        0       0      0      0   100
20:32:25  all     0     0    0    0        0       0      0      0   200
            0     0     0    0    0        0       0      0      0   100
            1     0     0    0    0        0       0      0      0   100
20:32:26  all     0     0    1    0        0       0      0      0   199
            0     0     0    1    0        0       0      0      0    99
            1     0     0    0    0        0       0      0      0   100
20:32:27  all    44     0    5    0        0       0     43      1   150
            0     1     0    0    0        0       0      0      1    98
            1    44     0    4    0        0       0     45      0    52
20:32:28  all    49     0    4    0        0       0     48      0   146
            0     0     0    0    0        0       0      0      0   100
            1    49     0    4    0        0       0     49      0    46
20:32:29  all    44     0    7    0        0       0     44      0   149
            0     1     0    0    0        0       0      0      0    99
            1    44     0    7    0        0       0     44      0    49
20:32:30  all    48     0    6    0        0       0     48      0   147
            0     0     0    0    0        0       0      0      0   100
            1    47     0    6    0        0       0     47      0    47
20:32:31  all    42     0    6    0        0       0     41      0   152
            0     0     0    0    0        0       0      0      0   100
            1    43     0    7    0        0       0     43      0    50
20:32:32  all    47     0    3    0        0       0     47      0   150
            0     1     0    0    0        0       0      0      0    99
            1    47     0    2    0        0       0     46      0    51
20:32:33  all    43     0    5    0        0       0     43      1   151
            0     0     0    0    0        0       0      0      1    99
            1    44     0    5    0        0       0     44      0    51
20:32:34  all    46     0    4    0        0       0     46      0   150
            0     0     0    1    0        0       0      0      0    99
            1    46     0    4    0        0       0     46      0    49
20:32:35  all    44     0    5    0        0       0     43      0   151
            0     1     0    0    0        0       0      0      0    99
            1    44     0    5    0        0       0     44      0    51
20:32:36  all    41     0    6    0        0       0     41      0   153
            0     0     0    0    0        0       0      0      0   100
            1    43     0    6    0        0       0     43      0    51
20:32:37  all    43     0    6    0        0       0     43      0   151
            0     0     0    0    0        0       0      0      0   100
            1    44     0    6    0        0       0     45      0    50
20:32:38  all    45     0    5    0        0       0     44      0   150
            0     0     0    0    0        0       0      0      0   100
            1    45     0    4    0        0       0     45      0    51
20:32:39  all    41     0    5    0        0       0     42      0   153
            0     0     0    0    0        0       0      0      0   100
            1    43     0    5    0        0       0     42      0    52
20:32:40  all    41     0    3    0        0       0     41      0   156
            0     0     0    0    0        0       0      0      0   100
            1    43     0    4    0        0       0     43      0    53
20:32:41  all    43     0    6    0        0       0     43      0   151
            0     0     0    0    0        0       0      0      0   100
            1    44     0    6    0        0       0     45      0    50
20:32:42  all    41     0    6    0        0       0     41      0   153
            0     0     0    0    0        0       0      0      0   100
            1    42     0    5    0        0       0     41      0    52
20:32:43  all    47     0    4    0        0       0     46      0   149
            0     0     0    0    0        0       0      0      0   100
            1    46     0    4    0        0       0     47      0    49
20:32:44  all    45     0    5    0        0       0     46      0   150
            0     0     0    0    0        0       0      0      0   100
            1    46     0    5    0        0       0     45      0    49
20:32:45  all    44     0    3    0        0       0     44      0   153
            0     0     0    0    0        0       0      0      0   100
            1    45     0    4    0        0       0     45      0    51
20:32:46  all    46     0    5    0        0       0     46      0   149
            0     0     0    0    0        0       0      0      0   100
            1    46     0    5    0        0       0     47      0    49
20:32:47  all    46     0    6    0        0       0     46      1   147
            0     0     0    0    0        0       0      0      0   100
            1    46     0    6    0        0       0     46      0    47
20:32:48  all    50     0    6    0        0       0     50      0   144
            0     0     0    0    0        0       0      0      0   100
            1    49     0    5    0        0       0     49      0    46
20:32:49  all    45     0    4    0        0       0     45      0   151
            0     0     0    0    0        0       0      0      0   100
            1    46     0    5    0        0       0     46      0    49
20:32:50  all    49     0    6    0        0       0     49      0   145
            0     0     0    0    0        0       0      0      0   100
            1    49     0    5    0        0       0     49      0    47
20:32:51  all    51     0    6    0        0       0     51      0   143
            0     0     0    0    0        0       0      0      0   100
            1    49     0    7    0        0       0     48      0    45
20:32:52  all    50     0    3    0        0       0     50      0   147
            0     0     0    0    0        0       0      0      0   100
            1    50     0    2    0        0       0     51      0    48
20:32:53  all    52     0    4    0        0       0     52      0   144
            0     0     0    0    0        0       0      0      0   100
            1    52     0    4    0        0       0     52      0    44
20:32:54  all    56     0    4    0        0       0     56      0   140
            0     0     0    0    0        0       0      0      0   100
            1    55     0    5    0        0       0     55      0    40
20:32:55  all    53     0    9    0        0       0     52      0   138
            0     0     0    0    0        0       0      0      1    99
            1    52     0    8    0        0       0     52      0    40
20:32:56  all    53     0    3    0        0       0     54      0   144
            0     0     0    0    0        0       0      0      0   100
            1    55     0    3    0        0       0     54      0    42
20:32:57  all    49     0    8    0        0       0     49      0   143
            0     0     0    0    0        0       0      0      0   100
            1    49     0    8    0        0       0     49      0    42
20:32:58  all    57     0    5    0        0       0     57      0   138
            0     0     0    0    0        0       0      0      0   100
            1    56     0    6    0        0       0     57      0    38
20:32:59  all    50     0    6    0        0       0     49      0   144
            0     0     0    0    0        0       0      0      0   100
            1    51     0    5    0        0       0     51      0    43
20:33:00  all    51     0    5    0        0       0     52      0   144
            0     0     0    0    0        0       0      0      0   100
            1    52     0    6    0        0       0     51      0    42
20:33:01  all    49     0    4    0        0       0     49      0   146
            0     0     0    0    0        0       0      0      0   100
            1    52     0    3    0        0       0     53      0    44
20:33:02  all    58     0    3    0        0       0     58      0   139
            0     0     0    0    0        0       0      0      0   100
            1    57     0    4    0        0       0     57      0    39
20:33:03  all    57     0    5    0        0       0     57      0   138
            0     0     0    0    0        0       0      0      0   100
            1    57     0    4    0        0       0     56      0    39
20:33:04  all    57     0    3    0        0       0     56      0   140
            0     0     0    0    0        0       0      0      0   100
            1    56     0    4    0        0       0     57      0    40
20:33:05  all    54     0    5    0        0       0     55      0   141
            0     0     0    0    0        0       0      0      0   100
            1    55     0    5    0        0       0     55      0    40
20:33:06  all    52     0    3    0        0       0     51      0   145
            0     0     0    0    0        0       0      0      0   100
            1    53     0    3    0        0       0     53      0    44
20:33:07  all    53     0    7    0        0       0     54      0   140
            0     0     0    0    0        0       0      0      0   100
            1    53     0    7    0        0       0     52      0    40
20:33:08  all    50     0    6    0        0       0     50      0   144
            0     0     0    0    0        0       0      0      0   100
            1    52     0    5    0        0       0     52      0    43
20:33:09  all    55     0    5    0        0       0     55      0   140
            0     0     0    0    0        0       0      0      0   100
            1    55     0    5    0        0       0     55      0    40
20:33:10  all    53     0    3    0        0       0     53      0   144
            0     0     0    0    0        0       0      0      0   100
            1    54     0    3    0        0       0     55      0    43
20:33:11  all    51     0    2    0        0       0     51      1   146
            0     0     0    0    0        0       0      0      1    99
            1    53     0    3    0        0       0     52      0    43
20:33:12  all    47     0    5    0        0       0     47      0   148
            0     0     0    0    0        0       0      0      0   100
            1    50     0    5    0        0       0     50      0    45
20:33:13  all    51     0    5    0        0       0     51      0   144
            0     0     0    0    0        0       0      0      0   100
            1    53     0    5    0        0       0     54      0    42
20:33:14  all    51     0    5    0        0       0     51      0   144
            0     0     0    0    0        0       0      0      0   100
            1    53     0    5    0        0       0     53      0    42
20:33:15  all    54     0    3    0        0       0     54      0   143
            0     0     0    0    0        0       0      0      0   100
            1    54     0    4    0        0       0     54      0    42
20:33:16  all    52     0    4    0        0       0     52      0   144
            0     0     0    0    0        0       0      0      0   100
            1    53     0    4    0        0       0     53      0    43
20:33:17  all    51     0    5    0        0       0     50      0   144
            0     0     0    0    0        0       0      0      0   100
            1    52     0    5    0        0       0     52      0    43
20:33:18  all    50     0    5    0        0       0     51      0   145
            0     0     0    0    0        0       0      0      0   100
            1    53     0    4    0        0       0     52      0    43
20:33:19  all    58     0    5    0        0       0     58      0   137
            0     0     0    0    0        0       0      0      0   100
            1    56     0    6    0        0       0     56      0    38
20:33:20  all    54     0    4    0        0       0     54      0   142
            0     0     0    0    0        0       0      0      0   100
            1    55     0    4    0        0       0     56      0    41
20:33:21  all    51     0    6    0        0       0     49      0   143
            0     0     0    0    0        0       0      0      0   100
            1    51     0    6    0        0       0     51      0    43
20:33:22  all    55     0    4    0        0       0     56      0   141
            0     0     0    0    0        0       0      0      0   100
            1    56     0    3    0        0       0     56      0    41
20:33:23  all    54     0    4    0        0       0     54      0   142
            0     0     0    0    0        0       0      0      0   100
            1    54     0    5    0        0       0     54      0    41
20:33:24  all    52     0    5    0        0       0     52      0   143
            0     0     0    0    0        0       0      0      0   100
            1    54     0    4    0        0       0     54      0    42
20:33:25  all    53     0    5    0        0       0     52      1   141
            0     0     0    0    0        0       0      0      0   100
            1    52     0    6    0        0       0     52      0    42
20:33:26  all    52     0    6    0        0       0     53      0   142
            0     0     0    0    0        0       0      0      0   100
            1    54     0    5    0        0       0     53      0    41
20:33:27  all    49     0    6    0        0       0     49      0   144
            0     0     0    0    0        0       0      0      0   100
            1    50     0    7    0        0       0     50      0    43
20:33:28  all    56     0    8    0        0       0     55      0   137
            0     0     0    0    0        0       0      0      0   100
            1    54     0    7    0        0       0     55      0    39
20:33:29  all    51     0    7    0        0       0     52      0   142
            0     0     0    0    0        0       0      0      0   100
            1    52     0    7    0        0       0     52      0    41
20:33:30  all    55     0    4    0        0       0     55      0   141
            0     0     0    0    0        0       0      0      0   100
            1    56     0    4    0        0       0     55      0    40
20:33:31  all    54     0    3    0        0       0     54      0   143
            0     0     0    1    0        0       0      0      0    99
            1    54     0    4    0        0       0     54      0    42
20:33:32  all    46     0    7    0        0       0     46      0   147
            0     0     0    0    0        0       0      0      0   100
            1    49     0    7    0        0       0     49      0    44
20:33:33  all    54     0    6    0        0       0     54      0   140
            0     0     0    0    0        0       0      0      1    99
            1    54     0    6    0        0       0     55      0    40
20:33:34  all    54     0    8    0        0       0     54      0   138
            0     0     0    1    0        0       0      0      0    99
            1    54     0    7    0        0       0     53      0    39
20:33:35  all    53     0    6    0        0       0     52      0   141
            0     0     0    0    0        0       0      0      0   100
            1    53     0    6    0        0       0     54      0    41
20:33:36  all    51     0    3    0        0       0     51      0   146
            0     1     0    0    0        0       0      0      0    99
            1    53     0    3    0        0       0     52      0    43
20:33:37  all    56     0    7    0        0       0     55      0   137
            0     0     0    0    0        0       0      0      0   100
            1    55     0    6    0        0       0     56      0    39
20:33:38  all    55     0    7    0        0       0     55      0   138
            0     1     0    0    0        0       0      0      0    99
            1    53     0    8    0        0       0     53      0    39
20:33:39  all    55     0    6    0        0       0     55      0   139
            0     0     0    1    0        0       0      0      0    99
            1    55     0    5    0        0       0     55      0    40
20:33:40  all    50     0    7    0        0       0     50      0   143
            0     0     0    0    0        0       0      0      0   100
            1    51     0    7    0        0       0     50      0    42
20:33:41  all    57     0    3    0        0       0     57      0   140
            0     0     0    0    0        0       0      0      0   100
            1    56     0    3    0        0       0     56      0    41
20:33:42  all    52     0    5    0        0       0     51      0   143
            0     0     0    0    0        0       0      0      0   100
            1    53     0    5    0        0       0     54      0    41
20:33:43  all    55     0    4    0        0       0     55      0   141
            0     1     0    0    0        0       0      0      0    99
            1    55     0    4    0        0       0     54      0    41
20:33:44  all    54     0    6    0        0       0     54      0   140
            0     0     0    0    0        0       0      0      0   100
            1    55     0    5    0        0       0     55      0    40
20:33:45  all    53     0    5    0        0       0     53      0   142
            0     0     0    0    0        0       0      0      0   100
            1    54     0    5    0        0       0     54      0    41
20:33:46  all    48     0    6    0        0       0     48      0   146
            0     0     0    1    0        0       0      0      0    99
            1    50     0    7    0        0       0     50      0    43
20:33:47  all    48     0    4    0        0       0     48      0   147
            0     0     0    0    0        0       0      0      0   100
            1    51     0    4    0        0       0     52      0    44
20:33:48  all    52     0    5    0        0       0     51      0   143
            0     1     0    0    0        0       0      0      0    99
            1    53     0    5    0        0       0     53      0    42
20:33:49  all    51     0    5    0        0       0     51      1   143
            0     0     0    1    0        0       0      0      1    98
            1    53     0    5    0        0       0     53      0    42
20:33:50  all    54     0    5    0        0       0     55      0   141
            0     0     0    0    0        0       0      0      0   100
            1    56     0    3    0        0       0     55      0    41
20:33:51  all    55     0    4    0        0       0     54      0   141
            0     0     0    0    0        0       0      0      0   100
            1    54     0    4    0        0       0     55      0    42
20:33:52  all    56     0    3    0        0       0     56      0   141
            0     0     0    0    0        0       0      0      0   100
            1    56     0    4    0        0       0     56      0    40
20:33:53  all    50     0    6    0        0       0     49      0   144
            0     0     0    0    0        0       0      0      0   100
            1    51     0    5    0        0       0     51      0    44
20:33:54  all    52     0    4    0        0       0     53      0   144
            0     0     0    0    0        0       0      0      0   100
            1    53     0    5    0        0       0     52      0    42
20:33:55  all    52     0    4    0        0       0     52      0   144
            0     0     0    0    0        0       0      0      0   100
            1    54     0    3    0        0       0     55      0    43
20:33:56  all    51     0    5    0        0       0     51      0   144
            0     0     0    0    0        0       0      0      0   100
            1    53     0    5    0        0       0     53      0    42
20:33:57  all    54     0    5    0        0       0     54      0   141
            0     0     0    0    0        0       0      0      0   100
            1    55     0    5    0        0       0     55      0    40
20:33:58  all    54     0    5    0        0       0     54      0   141
            0     0     0    0    0        0       0      0      0   100
            1    53     0    6    0        0       0     52      0    41
20:33:59  all    52     0    4    0        0       0     51      0   144
            0     0     0    0    0        0       0      0      0   100
            1    53     0    4    0        0       0     54      0    42
20:34:00  all    49     0    6    0        0       0     50      0   145
            0     0     0    0    0        0       0      0      0   100
            1    52     0    5    0        0       0     52      0    43
20:34:01  all    53     0    4    0        0       0     53      0   143
            0     0     0    0    0        0       0      0      0   100
            1    54     0    5    0        0       0     53      0    41
20:34:02  all    52     0    5    0        0       0     52      0   143
            0     0     0    0    0        0       0      0      0   100
            1    53     0    5    0        0       0     53      0    42
20:34:03  all    49     0    6    0        0       0     48      1   144
            0     0     0    0    0        0       0      0      0   100
            1    50     0    7    0        0       0     51      0    43
20:34:04  all    51     0    6    0        0       0     52      0   143
            0     0     0    0    0        0       0      0      0   100
            1    53     0    5    0        0       0     52      0    42
20:34:05  all    56     0    3    0        0       0     55      0   141
            0     0     0    0    0        0       0      0      0   100
            1    56     0    4    0        0       0     57      0    40
20:34:06  all    52     0    4    0        0       0     53      0   144
            0     0     0    0    0        0       0      0      0   100
            1    54     0    4    0        0       0     53      0    42
20:34:07  all    58     0    5    0        0       0     57      0   137
            0     0     0    0    0        0       0      0      0   100
            1    56     0    4    0        0       0     57      0    40
20:34:08  all    51     0    5    0        0       0     52      0   144
            0     0     0    0    0        0       0      0      0   100
            1    53     0    5    0        0       0     53      0    42
20:34:09  all    53     0    5    0        0       0     53      0   142
            0     0     0    0    0        0       0      0      0   100
            1    54     0    5    0        0       0     54      0    41
20:34:10  all    58     0    5    0        0       0     57      0   137
            0     0     0    0    0        0       0      0      0   100
            1    56     0    6    0        0       0     56      0    38
20:34:11  all    52     0    5    0        0       0     53      0   143
            0     0     0    0    0        0       0      0      1    99
            1    54     0    4    0        0       0     54      0    41
20:34:12  all    50     0    7    0        0       0     50      0   143
            0     0     0    0    0        0       0      0      0   100
            1    51     0    7    0        0       0     50      0    42
20:34:13  all    55     0    4    0        0       0     55      0   141
            0     0     0    0    0        0       0      0      0   100
            1    56     0    4    0        0       0     56      0    40
20:34:14  all    51     0    5    0        0       0     51      0   144
            0     0     0    0    0        0       0      0      0   100
            1    52     0    5    0        0       0     53      0    43
20:34:15  all    51     0    5    0        0       0     50      0   144
            0     0     0    0    0        0       0      0      0   100
            1    52     0    5    0        0       0     52      0    43
20:34:16  all    53     0    1    0        0       0     54      0   146
            0     0     0    0    0        0       0      0      0   100
            1    57     0    1    0        0       0     57      0    42
20:34:17  all    51     0    4    0        0       0     51      0   145
            0     0     0    0    0        0       0      0      0   100
            1    52     0    5    0        0       0     51      0    43
20:34:18  all    46     0    8    0        0       0     46      0   146
            0     0     0    1    0        0       0      0      0    99
            1    48     0    8    0        0       0     48      0    44
20:34:19  all    51     0    4    0        0       0     51      0   145
            0     0     0    0    0        0       0      0      0   100
            1    53     0    4    0        0       0     54      0    43
20:34:20  all    55     0    9    0        0       0     55      0   136
            0     0     0    0    0        0       0      0      0   100
            1    54     0    9    0        0       0     54      0    38
20:34:21  all    52     0    7    0        0       0     52      0   141
            0     0     0    0    0        0       0      0      0   100
            1    52     0    7    0        0       0     51      0    41
20:34:22  all    50     0    4    0        0       0     49      0   146
            0     0     0    0    0        0       0      0      0   100
            1    52     0    4    0        0       0     53      0    44
20:34:23  all    52     0    4    0        0       0     53      0   144
            0     0     0    0    0        0       0      0      0   100
            1    53     0    4    0        0       0     52      0    43
20:34:24  all    52     0    6    0        0       0     52      0   142
            0     0     0    0    0        0       0      0      0   100
            1    53     0    6    0        0       0     53      0    41
20:34:25  all    51     0    6    0        0       0     51      0   143
            0     0     0    0    0        0       0      0      0   100
            1    52     0    6    0        0       0     52      0    41
20:34:26  all    52     0    5    0        0       0     52      0   143
            0     0     0    0    0        0       0      0      0   100
            1    53     0    5    0        0       0     53      0    42
20:34:27  all     8     0    1    0        0       0      8      1   190
            0     0     0    0    0        0       0      0      1    99
            1     8     0    1    0        0       0      8      0    91
20:34:28  all     0     0    0    0        0       0      0      0   200
            0     0     0    0    0        0       0      0      0   100
            1     0     0    0    0        0       0      0      0   100
20:34:29  all     0     0    0    0        0       0      0      0   200
            0     0     0    0    0        0       0      0      0   100
            1     0     0    0    0        0       0      0      0   100
20:34:30  all     0     0    0    0        0       0      0      0   200
            0     0     0    0    0        0       0      0      0   100
            1     0     0    0    0        0       0      0      0   100
20:34:31  all     0     0    0    0        0       0      0      0   200
            0     0     0    0    0        0       0      0      0   100
            1     0     0    0    0        0       0      0      0   100
20:34:32  all     0     0    0    0        0       0      0      0   200
            0     0     0    0    0        0       0      0      0   100
            1     0     0    0    0        0       0      0      0   100
