
n41  4.10.1-itri  #1 SMP Sat Mar 3 20:34:58 EST 2018  x86_64  2018/03/21

-------------------------- analysis date: 2018/03/21 --------------------------

22:09:16  cpu  %usr %nice %sys %irq %softirq  %steal %guest  %wait %idle  _cpu_
22:09:17  all   100     0    1    0        0       0    100      0    99
            0     0     0    0    0        0       0      0      0   100
            1   100     0    0    0        0       0    100      0     0
22:09:18  all   100     0    0    0        0       0    100      0   100
            0     0     0    1    0        0       0      0      0    99
            1   100     0    0    0        0       0    100      0     0
22:09:19  all    98     0    3    0        0       0     98      0    99
            0     0     0    0    0        0       0      0      0   100
            1    97     0    3    0        0       0     97      0     0
22:09:20  all   100     0    0    0        0       0    100      0   100
            0     1     0    0    0        0       0      0      0    99
            1   100     0    0    0        0       0    100      0     0
22:09:21  all    98     0    2    0        0       0     98      0    99
            0     0     0    0    0        0       0      0      0   100
            1    98     0    2    0        0       0     98      0     0
22:09:22  all   101     0    0    0        0       0    100      0    99
            0     1     0    0    0        0       0      0      0    99
            1   100     0    0    0        0       0    100      0     0
22:09:23  all   100     0    0    0        0       0    100      0   100
            0     0     0    0    0        0       0      0      0   100
            1   100     0    0    0        0       0    100      0     0
22:09:24  all   101     0    0    0        0       0    100      0    99
            0     0     0    0    0        0       0      0      0   100
            1   100     0    0    0        0       0    100      0     0
22:09:25  all    98     0    2    0        0       0     98      0   100
            0     1     0    0    0        0       0      0      0    99
            1    98     0    2    0        0       0     98      0     0
22:09:26  all    99     0    2    0        0       0     98      0    99
            0     0     0    0    0        0       0      0      0   100
            1    99     0    1    0        0       0     99      0     0
22:09:27  all    97     0    3    0        0       0     97      0   100
            0     0     0    1    0        0       0      0      0    99
            1    96     0    4    0        0       0     97      0     0
22:09:28  all    98     0    2    0        0       0     99      0   100
            0     0     0    0    0        0       0      0      0   100
            1    99     0    1    0        0       0     98      0     0
22:09:29  all   100     0    1    0        0       0     99      0    99
            0     0     0    0    0        0       0      0      0   100
            1    99     0    1    0        0       0    100      0     0
22:09:30  all    99     0    1    0        0       0    100      0   100
            0     0     0    1    0        0       0      0      0    99
            1   100     0    0    0        0       0     99      0     0
22:09:31  all    99     0    1    0        0       0     99      0   100
            0     0     0    0    0        0       0      0      0   100
            1    99     0    1    0        0       0     99      0     0
22:09:32  all    98     0    2    0        0       0     98      0    99
            0     0     0    1    0        0       0      0      0    99
            1    98     0    2    0        0       0     98      0     0
22:09:33  all   100     0    1    0        0       0    100      0   100
            0     0     0    0    0        0       0      0      0   100
            1   100     0    0    0        0       0    100      0     0
22:09:34  all    99     0    1    0        0       0     99      0   100
            0     0     0    0    0        0       0      0      0   100
            1    99     0    1    0        0       0     99      0     0
22:09:35  all    99     0    2    0        0       0     99      0    99
            0     0     0    1    0        0       0      0      0    99
            1    99     0    1    0        0       0     99      0     0
22:09:36  all   100     0    1    0        0       0     99      0   100
            0     0     0    0    0        0       0      0      0   100
            1    99     0    1    0        0       0    100      0     0
22:09:37  all   100     0    1    0        0       0    100      0   100
            0     1     0    0    0        0       0      0      0    99
            1   100     0    0    0        0       0     99      0     0
22:09:38  all   101     0    0    0        0       0     99      0    99
            0     0     0    0    0        0       0      0      0   100
            1    99     0    1    0        0       0     99      0     0
22:09:39  all    98     0    2    0        0       0     99      0   100
            0     0     0    1    0        0       0      0      0    99
            1    99     0    1    0        0       0     99      0     0
22:09:40  all    98     0    2    0        0       0     98      0   100
            0     0     0    0    0        0       0      0      0   100
            1    98     0    2    0        0       0     98      0     0
22:09:41  all    98     0    2    0        0       0     98      0    99
            0     0     0    0    0        0       0      0      0   100
            1    98     0    2    0        0       0     98      0     0
22:09:42  all    99     0    1    0        0       0     99      0   100
            0     0     0    0    0        0       0      0      0   100
            1    98     0    2    0        0       0     98      0     0
22:09:43  all    99     0    1    0        0       0     98      0   100
            0     0     0    0    0        0       0      0      0   100
            1    99     0    1    0        0       0     99      0     0
22:09:44  all   100     0    1    0        0       0    100      0    99
            0     0     0    0    0        0       0      0      0   100
            1   100     0    0    0        0       0    100      0     0
22:09:45  all    99     0    0    0        0       0    101      0   101
            0     0     0    0    0        0       0      0      0   100
            1    99     0    1    0        0       0     99      0     0
22:09:46  all   100     0    1    0        0       0     99      0   100
            0     0     0    0    0        0       0      0      0   100
            1   100     0    0    0        0       0    101      0     0
22:09:47  all    98     0    1    0        0       0     99      0   101
            0     0     0    0    0        0       0      0      0   100
            1    98     0    2    0        0       0     97      0     0
22:09:48  all   101     0    0    0        0       0    101      0    99
            0     0     0    0    0        0       0      0      0   100
            1   100     0    0    0        0       0    100      0     0
22:09:49  all    99     0    1    0        0       0     98      0   100
            0     0     0    0    0        0       0      0      0   100
            1    99     0    1    0        0       0     99      0     0
22:09:50  all   101     0    0    0        0       0    101      0    99
            0     0     0    0    0        0       0      0      0   100
            1   100     0    0    0        0       0    100      0     0
22:09:51  all    99     0    2    0        0       0     99      0   100
            0     0     0    0    0        0       0      0      0   100
            1    99     0    1    0        0       0    100      0     0
22:09:52  all   100     0    0    0        0       0    100      0   100
            0     0     0    0    0        0       0      0      0   100
            1   100     0    0    0        0       0    100      0     0
22:09:53  all   103     0   10    0        0       0     99      0    87
            0     4     0    8    0        0       0      0      0    88
            1    98     0    2    0        0       0     97      0     0
22:09:54  all   101     0    0    0        0       0    100      0    99
            0     0     0    0    0        0       0      0      0   100
            1   100     0    0    0        0       0    100      0     0
22:09:55  all   101     0    0    0        0       0    101      0    99
            0     0     0    0    0        0       0      0      0   100
            1   100     0    0    0        0       0    100      0     0
22:09:56  all   100     0    0    0        0       0    100      0   100
            0     0     0    0    0        0       0      0      0   100
            1   100     0    0    0        0       0    100      0     0
22:09:57  all   100     0    0    0        0       0    100      0   100
            0     0     0    0    0        0       0      0      0   100
            1   100     0    0    0        0       0    101      0     0
22:09:58  all   100     0    0    0        0       0    100      0   100
            0     0     0    0    0        0       0      0      0   100
            1   100     0    0    0        0       0    100      0     0
22:09:59  all   100     0    0    0        0       0    100      1    99
            0     0     0    0    0        0       0      0      0   100
            1   100     0    0    0        0       0     99      0     0
22:10:00  all   101     0    0    0        0       0    101      0    99
            0     0     0    0    0        0       0      0      0   100
            1   100     0    0    0        0       0    100      0     0
