
ubuntu  4.10.0-42-generic  #46~16.04.1-Ubuntu SMP Mon Dec 4 15:57:59 UTC 2017  x86_64  2018/01/31

-------------------------- analysis date: 2018/01/31 --------------------------

09:24:48  cpu  %usr %nice %sys %irq %softirq  %steal %guest  %wait %idle  _cpu_
09:24:49  all     0     0    0    0        0       0      0      0   200
            0     0     0    0    0        0       0      0      0   100
            1     0     0    0    0        0       0      0      0   100
09:24:50  all     0     0    0    0        0       0      0      0   200
            0     0     0    0    0        0       0      0      0   100
            1     0     0    0    0        0       0      0      0   100
09:24:51  all     0     0    1    0        0       0      0      0   199
            0     0     0    1    0        0       0      0      0    99
            1     0     0    0    0        0       0      0      0   100
09:24:52  all     0     0    0    0        0       0      0      0   200
            0     0     0    0    0        0       0      0      0   100
            1     0     0    0    0        0       0      0      0   100
09:24:53  all     0     0    1    0        0       0      0      0   199
            0     0     0    0    0        0       0      0      0   100
            1     0     0    0    0        0       0      0      0   100
09:24:54  all     1     0    0    0        0       0      0      0   199
            0     1     0    1    0        0       0      0      0    98
            1     0     0    0    0        0       0      0      0   100
09:24:55  all    39     0   30    0        8       0     39      0   124
            0    37     0    5    0        0       0     37      0    58
            1     0     0   27    0        7       0      0      0    66
09:24:56  all    45     0   37    0        9       0     45      0   109
            0    44     0    4    0        0       0     44      0    52
            1     0     0   33    0        9       0      0      0    58
09:24:57  all    44     0   41    0        2       0     44      0   113
            0    41     0    6    0        0       0     41      0    53
            1     0     0   36    0        2       0      0      0    62
09:24:58  all    46     0   36    0        6       0     46      0   111
            0    43     0    5    0        0       0     43      0    52
            1     0     0   33    0        7       0      0      0    60
09:24:59  all    46     0   38    0        4       0     45      0   112
            0    40     0   10    0        0       0     40      0    50
            1     1     0   30    0        5       0      0      0    64
09:25:00  all    46     0   33    0        6       0     46      0   116
            0    43     0    4    0        0       0     44      0    53
            1     0     0   30    0        6       0      0      0    63
09:25:01  all    42     0   41    0        2       0     42      0   114
            0    40     0    7    0        0       0     39      0    53
            1     0     0   35    0        4       0      0      0    61
09:25:02  all    42     0   36    0        8       0     42      0   114
            0    39     0    8    0        0       0     39      0    53
            1     0     0   31    0        7       0      0      0    62
09:25:03  all    43     0   36    0        6       0     43      0   116
            0    39     0    8    0        0       0     39      0    53
            1     0     0   30    0        6       0      0      0    64
09:25:04  all    45     0   35    0        9       0     45      0   112
            0    42     0    6    0        0       0     42      0    52
            1     0     0   29    0        9       0      0      0    61
09:25:05  all    51     0   40    0        6       0     51      0   103
            0    48     0    5    0        0       0     48      0    48
            1     0     0   37    0        7       0      0      0    56
09:25:06  all    49     0   37    0        4       0     49      0   110
            0    45     0    5    0        0       0     45      0    50
            1     0     0   34    0        5       0      0      0    61
09:25:07  all    42     0   40    0        9       0     42      0   110
            0    40     0    7    0        0       0     41      0    53
            1     0     0   33    0       10       0      0      0    57
09:25:08  all    48     0   36    0        5       0     48      0   111
            0    44     0    6    0        0       0     43      0    50
            1     0     0   33    0        5       0      0      0    63
09:25:09  all    43     0   41    0        5       0     43      0   111
            0    39     0   10    0        0       0     40      0    51
            1     0     0   33    0        6       0      0      0    61
09:25:10  all    47     0   35    0        3       0     47      0   115
            0    44     0    3    0        0       0     43      0    53
            1     0     0   34    0        4       0      0      0    63
09:25:11  all    46     0   33    0        7       0     46      0   114
            0    42     0    6    0        0       0     42      0    52
            1     0     0   29    0        7       0      0      0    64
09:25:12  all    50     0   34    0        5       0     50      0   110
            0    44     0    7    0        0       0     44      1    48
            1     0     0   30    0        6       0      0      0    63
09:25:13  all    46     0   38    0        6       0     46      0   110
            0    44     0    5    0        0       0     44      0    51
            1     0     0   36    0        7       0      0      0    58
09:25:14  all    43     0   34    0        6       0     43      0   117
            0    40     0    5    0        0       0     40      0    54
            1     0     0   30    0        6       0      0      0    64
09:25:15  all    49     0   35    0        5       0     49      0   111
            0    44     0    6    0        0       0     44      0    50
            1     0     0   30    0        6       0      0      0    63
09:25:16  all    41     0   41    0        5       0     41      1   111
            0    39     0    9    0        0       0     39      0    52
            1     0     0   34    0        6       0      0      0    60
09:25:17  all    43     0   40    0        7       0     43      0   110
            0    41     0    8    0        0       0     41      0    51
            1     0     0   33    0        8       0      0      0    59
09:25:18  all    61     0   44    0       16       0     61      0    79
            0    56     0    8    0        0       0     56      0    36
            1     0     0   39    0       18       0      0      0    43
09:25:19  all    68     0   49    0       22       0     68      0    60
            0    65     0    7    0        0       0     65      0    28
            1     0     0   43    0       24       0      0      0    33
09:25:20  all    73     0   48    0       22       0     73      0    57
            0    67     0    7    0        0       0     67      0    26
            1     0     0   43    0       24       0      0      0    33
09:25:21  all    71     0   47    0       26       0     71      0    57
            0    67     0    7    0        0       0     67      0    26
            1     0     0   43    0       26       0      0      0    31
09:25:22  all    69     0   51    0       28       0     69      0    52
            0    66     0   11    0        0       0     66      0    23
            1     0     0   42    0       29       0      0      0    29
09:25:23  all    78     0   51    0       26       0     78      0    45
            0    69     0   11    0        0       0     70      0    20
            1     0     0   44    0       29       0      0      0    27
09:25:24  all    67     0   51    0       18       0     67      0    64
            0    64     0    8    0        0       0     62      0    28
            1     0     0   45    0       20       0      0      0    35
09:25:25  all    70     0   53    0       13       0     70      0    64
            0    65     0    7    0        0       0     65      0    28
            1     0     0   50    0       14       0      0      0    36
09:25:26  all    72     0   47    0       19       0     72      0    61
            0    64     0   10    0        0       0     64      0    26
            1     0     0   41    0       22       0      0      0    37
09:25:27  all    75     0   45    0       22       0     75      0    58
            0    67     0    7    0        0       0     67      0    26
            1     0     0   42    0       25       0      0      0    33
09:25:28  all    75     0   48    0       19       0     75      0    58
            0    69     0    6    0        0       0     69      0    25
            1     0     0   46    0       20       0      0      0    34
09:25:29  all    76     0   43    0       24       0     76      0    56
            0    69     0    6    0        0       0     69      0    25
            1     0     0   41    0       27       0      0      0    33
09:25:30  all    76     0   49    0       18       0     76      0    58
            0    68     0    7    0        0       0     68      0    25
            1     0     0   46    0       21       0      0      0    32
09:25:31  all    77     0   46    0       21       0     77      0    57
            0    70     0    6    0        0       0     70      0    25
            1     0     0   44    0       22       0      0      0    33
09:25:32  all    75     0   48    0       22       0     75      0    55
            0    69     0    6    0        0       0     69      0    25
            1     0     0   45    0       24       0      0      0    31
09:25:33  all    79     0   44    0       19       0     79      0    58
            0    71     0    4    0        0       0     71      0    25
            1     0     0   45    0       21       0      0      0    34
09:25:34  all    78     0   44    0       21       0     78      0    57
            0    69     0    6    0        0       0     70      0    25
            1     0     0   42    0       24       0      0      0    34
09:25:35  all    78     0   41    0       23       0     78      0    58
            0    71     0    4    0        0       0     70      0    25
            1     0     0   41    0       27       0      0      0    33
09:25:36  all    69     0   53    0       22       0     69      0    56
            0    64     0   10    0        0       0     65      0    26
            1     0     0   46    0       23       0      0      0    31
09:25:37  all    79     0   45    0       19       0     79      0    57
            0    71     0    4    0        0       0     70      0    25
            1     0     0   46    0       22       0      0      0    33
09:25:38  all    72     0   49    0       23       0     72      0    57
            0    67     0    7    0        0       0     68      0    26
            1     0     0   44    0       25       0      0      0    31
09:25:39  all    78     0   46    0       22       0     78      0    54
            0    72     0    4    0        0       0     71      0    24
            1     0     0   46    0       23       0      0      0    31
09:25:40  all    79     0   50    0       23       0     79      0    47
            0    72     0    9    0        0       0     72      0    19
            1     0     0   45    0       26       0      0      0    29
09:25:41  all    66     0   48    0       16       0     66      0    70
            0    64     0    4    0        0       0     64      0    32
            1     0     0   45    0       18       0      0      0    37
09:25:42  all    70     0   51    0       17       0     70      0    62
            0    65     0    7    0        0       0     66      0    28
            1     0     0   47    0       18       0      0      0    35
09:25:43  all    74     0   46    0       20       0     74      0    60
            0    68     0    5    0        0       0     67      0    27
            1     0     0   44    0       21       0      0      0    35
09:25:44  all    73     0   48    0       19       0     73      0    60
            0    68     0    6    0        0       0     68      0    26
            1     0     0   46    0       20       0      0      0    34
09:25:45  all    69     0   49    0       21       0     69      1    60
            0    64     0    7    0        0       0     65      1    27
            1     0     0   44    0       23       0      0      0    33
09:25:46  all    68     0   52    0       20       0     68      0    60
            0    65     0    7    0        0       0     64      0    28
            1     0     0   47    0       22       0      0      0    32
09:25:47  all    71     0   49    0       22       0     71      0    59
            0    66     0    8    0        0       0     66      0    26
            1     0     0   44    0       23       0      0      0    33
09:25:48  all    74     0   51    0       17       0     74      0    58
            0    67     0    8    0        0       0     67      0    25
            1     0     0   47    0       20       0      0      0    34
09:25:49  all    73     0   47    0       21       0     73      0    59
            0    68     0    5    0        0       0     68      0    27
            1     0     0   44    0       23       0      0      0    33
09:25:50  all    69     0   51    0       18       0     69      0    63
            0    64     0    7    0        0       0     64      0    29
            1     0     0   46    0       19       0      0      0    35
09:25:51  all    53     0   42    0       10       0     52      1    93
            0    45     0   10    0        0       0     45      1    44
            1     4     0   36    0       10       0      2      1    50
09:25:52  all    46     0   36    0        4       0     46      0   114
            0    41     0    7    0        0       0     41      0    52
            1     0     0   31    0        5       0      0      0    64
09:25:53  all    43     0   36    0        6       0     43      0   116
            0    41     0    6    0        0       0     40      0    53
            1     0     0   30    0        7       0      0      0    63
09:25:54  all    42     0   41    0        5       0     42      0   111
            0    40     0    7    0        0       0     41      0    53
            1     0     0   36    0        5       0      0      0    59
09:25:55  all    44     0   44    0        7       0     45      0   104
            0    28     0   15    0        0       0     28      0    57
            1    16     0   31    0        7       0     16      0    46
09:25:56  all    46     0   35    0        5       0     45      0   113
            0    42     0    7    0        0       0     42      0    51
            1     0     0   31    0        7       0      0      0    62
09:25:57  all    44     0   30    0        4       0     44      1   120
            0    39     0    6    0        0       0     39      0    54
            1     0     0   26    0        4       0      0      0    70
09:25:58  all    45     0   39    0        6       0     45      0   110
            0    42     0    7    0        0       0     42      0    51
            1     0     0   34    0        7       0      0      0    60
09:25:59  all    46     0   36    0        3       0     46      0   114
            0    42     0    8    0        0       0     42      0    50
            1     0     0   31    0        4       0      0      0    65
09:26:00  all    50     0   36    0        8       0     50      0   105
            0    39     0    5    0        1       0     39      0    55
            1     8     0   34    0        8       0      8      0    49
09:26:01  all    46     0   35    0        4       0     46      0   114
            0    43     0    5    0        0       0     43      0    52
            1     0     0   33    0        5       0      0      0    63
09:26:02  all    48     0   38    0        5       0     48      0   109
            0    45     0    6    0        0       0     45      0    50
            1     0     0   34    0        6       0      0      0    60
09:26:03  all    50     0   35    0        5       0     50      0   109
            0    42     0    5    0        0       0     41      0    53
            1     5     0   32    0        6       0      5      0    57
09:26:04  all    47     0   38    0        9       0     48      0   106
            0    29     0   14    0        0       0     30      0    57
            1    17     0   27    0        8       0     17      0    48
09:26:05  all    40     0   39    0        4       0     39      0   116
            0    38     0    7    0        0       0     38      0    55
            1     0     0   34    0        5       0      0      0    62
09:26:06  all    46     0   36    0        5       0     46      0   113
            0    42     0    6    0        0       0     42      0    52
            1     0     0   33    0        6       0      0      0    61
09:26:07  all    48     0   35    0        6       0     48      0   111
            0    44     0    4    0        0       0     44      0    52
            1     0     0   31    0        8       0      0      0    60
09:26:08  all    44     0   36    0        5       0     44      0   114
            0    40     0    8    0        0       0     40      0    52
            1     0     0   30    0        5       0      0      0    65
09:26:09  all    47     0   39    0       10       0     47      0   105
            0    21     0   15    0        2       0     21      0    62
            1    25     0   26    0        9       0     26      0    40
09:26:10  all    34     0   44    0       15       0     34      0   106
            0    21     0    6    0        1       0     21      0    72
            1    14     0   37    0       14       0     13      0    34
09:26:11  all    42     0   40    0       14       0     42      0   103
            0    28     0    5    0        2       0     28      0    65
            1    13     0   39    0       13       0     13      0    34
09:26:12  all    43     0   43    0        3       0     43      0   111
            0    41     0    6    0        0       0     41      0    53
            1     0     0   38    0        3       0      0      0    58
09:26:13  all    41     0   46    0        5       0     42      0   107
            0    38     0   12    0        0       0     38      0    50
            1     0     0   36    0        6       0      0      0    58
09:26:14  all    44     0   36    0        7       0     43      0   114
            0    41     0    5    0        0       0     41      0    54
            1     0     0   33    0        7       0      0      0    60
09:26:15  all    44     0   38    0        6       0     44      5   106
            0    42     0    4    0        0       0     42      3    51
            1     0     0   35    0        7       0      0      2    56
09:26:16  all    45     0   34    0        6       0     45      0   115
            0    42     0    6    0        0       0     41      0    52
            1     0     0   30    0        6       0      0      0    63
09:26:17  all    43     0   36    0        8       0     43      0   114
            0    41     0    5    0        0       0     42      0    54
            1     0     0   32    0        8       0      0      0    60
09:26:18  all    58     0   44    0       10       0     58      0    88
            0    53     0    7    0        0       0     52      0    40
            1     0     0   40    0       11       0      0      0    49
09:26:19  all    69     0   60    0       14       0     69      0    57
            0    64     0   10    0        0       0     65      0    26
            1     0     0   54    0       15       0      0      0    31
09:26:20  all    46     0   48    0       25       0     46      0    80
            0    11     0   28    0        1       0     11      0    60
            1    36     0   21    0       25       0     36      0    18
09:26:21  all    49     0   36    0        4       0     50      1   110
            0    45     0    5    0        0       0     44      0    50
            1     0     0   33    0        6       0      0      2    59
09:26:22  all    46     0   38    0        4       0     45      0   112
            0    43     0    4    0        0       0     44      0    53
            1     0     0   36    0        3       0      0      0    61
09:26:23  all    46     0   35    0        7       0     47      0   113
            0    43     0    7    0        0       0     42      0    50
            1     0     0   31    0        7       0      0      0    62
09:26:24  all    44     0   38    0        4       0     44      0   113
            0    42     0    5    0        0       0     42      0    53
            1     0     0   34    0        5       0      0      0    61
09:26:25  all    42     0   44    0        6       0     42      0   108
            0    40     0    7    0        0       0     40      0    53
            1     0     0   38    0        6       0      0      0    56
09:26:26  all    45     0   40    0        3       0     44      0   111
            0    41     0    8    0        0       0     42      0    51
            1     0     0   34    0        5       0      0      0    61
09:26:27  all    45     0   38    0        4       0     45      0   113
            0    41     0    6    0        0       0     41      0    53
            1     0     0   34    0        5       0      0      0    61
09:26:28  all    44     0   41    0        5       0     44      0   109
            0    42     0    8    0        0       0     42      0    50
            1     0     0   36    0        5       0      0      0    60
09:26:29  all    41     0   42    0        6       0     41      1   110
            0    39     0    9    0        0       0     39      0    52
            1     0     0   34    0        7       0      0      0    60
09:26:30  all    75     0   47    0       22       0     75      0    57
            0    63     0    6    0        0       0     63      0    31
            1     7     0   44    0       25       0      8      0    24
09:26:31  all    62     0   48    0       18       0     62      0    73
            0    60     0    5    0        0       0     60      0    34
            1     0     0   43    0       18       0      0      0    39
09:26:32  all    72     0   47    0       22       0     72      0    59
            0    66     0    8    0        0       0     66      0    26
            1     0     0   43    0       23       0      0      0    33
09:26:33  all    68     0   49    0       24       0     69      0    59
            0    47     0   19    0        0       0     47      0    34
            1    20     0   30    0       26       0     18      0    24
09:26:34  all    74     0   45    0       16       0     74      0    65
            0    65     0    6    0        0       0     65      0    29
            1     0     0   44    0       18       0      0      0    38
09:26:35  all    48     0   57    0       33       0     48      0    62
            0     0     0   38    0        0       0      0      0    62
            1    48     0   19    0       32       0     48      0     0
09:26:36  all    41     0   44    0       15       0     40      0   101
            0    22     0    6    0        2       0     22      0    71
            1    18     0   40    0       13       0     18      0    29
09:26:37  all    40     0   44    0        5       0     40      0   111
            0    39     0    8    0        0       0     38      0    53
            1     0     0   37    0        6       0      0      0    58
09:26:38  all    44     0   38    0        4       0     44      0   114
            0    41     0    6    0        0       0     42      0    53
            1     0     0   32    0        6       0      0      0    62
09:26:39  all    53     0   46    0       12       0     53      0    89
            0    50     0    9    0        0       0     50      0    41
            1     0     0   39    0       13       0      0      0    48
09:26:40  all    75     0   47    0       15       0     75      0    63
            0    67     0    5    0        0       0     67      0    28
            1     0     0   46    0       17       0      0      0    37
09:26:41  all    74     0   48    0       20       0     75      0    58
            0    68     0    6    0        0       0     68      0    26
            1     0     0   45    0       21       0      0      0    34
09:26:42  all    71     0   48    0       20       0     70      0    61
            0    64     0    9    0        0       0     63      0    26
            1     0     0   43    0       22       0      0      0    34
09:26:43  all    77     0   44    0       14       0     77      0    65
            0    67     0    6    0        0       0     67      0    27
            1     0     0   43    0       17       0      0      0    39
09:26:44  all    52     0   46    0       12       0     52      0    90
            0    31     0   19    0        1       0     32      0    49
            1    20     0   27    0       12       0     20      0    41
09:26:45  all    43     0   34    0        7       0     43      0   116
            0    40     0    7    0        0       0     40      0    53
            1     0     0   28    0        8       0      0      0    65
09:26:46  all    52     0   30    0        3       0     53      0   114
            0    46     0    5    0        0       0     45      0    50
            1     0     0   29    0        5       0      0      0    66
09:26:47  all    41     0   40    0       14       0     40      0   106
            0    25     0    4    0        1       0     25      0    70
            1    15     0   37    0       13       0     15      0    36
09:26:48  all    43     0   36    0        7       0     43      0   114
            0    40     0    7    0        0       0     41      0    53
            1     0     0   32    0        7       0      0      0    61
09:26:49  all    66     0   43    0       16       0     66      0    75
            0    59     0    7    0        0       0     58      0    34
            1     0     0   40    0       18       0      0      0    42
09:26:50  all    70     0   45    0       25       0     70      0    60
            0    66     0    6    0        0       0     67      0    28
            1     0     0   41    0       26       0      0      0    33
09:26:51  all    47     0   52    0       15       0     48      0    86
            0    27     0   23    0        0       0     27      0    50
            1    21     0   29    0       15       0     21      0    35
09:26:52  all    47     0   37    0        6       0     46      0   110
            0    44     0    5    0        0       0     44      0    51
            1     0     0   34    0        7       0      0      0    59
09:26:53  all    46     0   35    0       10       0     46      0   109
            0    36     0    4    0        0       0     35      0    60
            1     9     0   33    0       10       0     10      0    48
09:26:54  all    46     0   36    0        7       0     46      0   112
            0    43     0    4    0        0       0     44      0    53
            1     0     0   34    0        7       0      0      0    59
09:26:55  all    11     0    9    0        1       0     11      0   179
            0    11     0    2    0        0       0     11      0    87
            1     0     0    7    0        2       0      0      0    91
09:26:56  all     0     0    0    0        0       0      0      0   200
            0     0     0    0    0        0       0      0      0   100
            1     0     0    0    0        0       0      0      0   100
09:26:57  all     0     0    0    0        0       0      0      0   200
            0     0     0    0    0        0       0      0      0   100
            1     0     0    0    0        0       0      0      0   100
09:26:58  all     0     0    0    0        0       0      0      0   200
            0     0     0    0    0        0       0      0      0   100
            1     0     0    0    0        0       0      0      0   100
09:26:59  all     0     0    0    0        0       0      0      0   200
            0     0     0    0    0        0       0      0      0   100
            1     1     0    0    0        0       0      0      0    99
09:27:00  all     0     0    0    0        0       0      0      0   200
            0     0     0    0    0        0       0      0      0   100
            1     0     0    0    0        0       0      0      0   100
09:27:01  all     0     0    0    0        0       0      0      0   200
            0     0     0    0    0        0       0      0      0   100
            1     0     0    0    0        0       0      0      0   100
09:27:02  all     0     0    0    0        0       0      0      0   200
            0     0     0    0    0        0       0      0      0   100
            1     0     0    0    0        0       0      0      0   100
09:27:03  all     0     0    0    0        0       0      0      0   200
            0     0     0    0    0        0       0      0      0   100
            1     0     0    0    0        0       0      0      0   100
09:27:04  all     0     0    0    0        0       0      0      0   200
            0     0     0    0    0        0       0      0      0   100
            1     0     0    0    0        0       0      0      0   100
09:27:05  all     0     0    0    0        0       0      0      1   199
            0     0     0    0    0        0       0      0      0   100
            1     0     0    0    0        0       0      0      1    99
09:27:06  all     0     0    0    0        0       0      0      0   200
            0     0     0    0    0        0       0      0      0   100
            1     0     0    0    0        0       0      0      0   100
09:27:07  all     0     0    0    0        0       0      0      0   200
            0     0     0    0    0        0       0      0      0   100
            1     0     0    0    0        0       0      0      0   100
09:27:08  all     0     0    0    0        0       0      0      0   200
            0     0     0    0    0        0       0      0      0   100
            1     0     0    0    0        0       0      0      0   100
09:27:09  all     1     0    0    0        0       0      0      0   199
            0     0     0    0    0        0       0      0      0   100
            1     1     0    0    0        0       0      0      0    99
09:27:10  all     0     0    1    0        0       0      0      0   199
            0     0     0    0    0        0       0      0      0   100
            1     0     0    1    0        0       0      0      0    99
