
ubuntu  4.10.0-42-generic  #46~16.04.1-Ubuntu SMP Mon Dec 4 15:57:59 UTC 2017  x86_64  2018/01/30

-------------------------- analysis date: 2018/01/30 --------------------------

20:14:11  cpu  %usr %nice %sys %irq %softirq  %steal %guest  %wait %idle  _cpu_
20:14:12  all     0     0    0    0        0       0      0      0   200
            0     0     0    0    0        0       0      0      0   100
            1     0     0    0    0        0       0      0      0   100
20:14:13  all     0     0    0    0        0       0      0      0   200
            0     0     0    0    0        0       0      0      0   100
            1     1     0    0    0        0       0      1      0    99
20:14:14  all     0     0    0    0        0       0      0      0   200
            0     0     0    0    0        0       0      0      0   100
            1     0     0    0    0        0       0      0      0   100
20:14:15  all     0     0    0    0        0       0      0      0   200
            0     0     0    0    0        0       0      0      0   100
            1     0     0    0    0        0       0      0      0   100
20:14:16  all     0     0    0    0        0       0      0      1   199
            0     0     0    0    0        0       0      0      0   100
            1     0     0    0    0        0       0      0      1    99
20:14:17  all     0     0    0    0        0       0      0      0   200
            0     0     0    0    0        0       0      0      0   100
            1     0     0    0    0        0       0      0      0   100
20:14:18  all    26     0    5    0        0       0     26      0   169
            0     1     0    0    0        0       0      0      0    99
            1    25     0    5    0        0       0     25      0    70
20:14:19  all    57     0    6    0        0       0     56      0   137
            0     0     0    0    0        0       0      0      0   100
            1    57     0    6    0        0       0     57      0    37
20:14:20  all    51     0    7    0        0       0     51      0   142
            0     0     0    0    0        0       0      0      0   100
            1    53     0    8    0        0       0     53      0    40
20:14:21  all    52     0    7    0        0       0     52      0   141
            0     0     0    0    0        0       0      0      0   100
            1    53     0    7    0        0       0     53      0    39
20:14:22  all    55     0    5    0        0       0     55      0   140
            0     0     0    0    0        0       0      0      0   100
            1    56     0    5    0        0       0     56      0    39
20:14:23  all    50     0    9    0        0       0     51      0   141
            0     0     0    0    0        0       0      0      0   100
            1    52     0    9    0        0       0     52      0    39
20:14:24  all    56     0    9    0        0       0     55      0   135
            0     0     0    0    0        0       0      0      1    99
            1    55     0    9    0        0       0     55      0    36
20:14:25  all    49     0    7    0        0       0     49      0   143
            0     0     0    0    0        0       0      0      0   100
            1    52     0    8    0        0       0     52      0    41
20:14:26  all    52     0    8    0        0       0     53      0   139
            0     0     0    0    0        0       0      0      0   100
            1    53     0    8    0        0       0     53      0    39
20:14:27  all    53     0   10    0        0       0     53      0   137
            0     0     0    0    0        0       0      0      0   100
            1    53     0   10    0        0       0     53      0    37
20:14:28  all    56     0    7    0        0       0     56      0   137
            0     0     0    0    0        0       0      0      0   100
            1    57     0    6    0        0       0     57      0    37
20:14:29  all    53     0    4    0        0       0     53      0   143
            0     0     0    0    0        0       0      0      0   100
            1    55     0    5    0        0       0     55      0    40
20:14:30  all    50     0    9    0        0       0     49      0   141
            0     0     0    0    0        0       0      0      0   100
            1    52     0    9    0        0       0     52      0    39
20:14:31  all    48     0   10    0        0       0     48      0   142
            0     0     0    0    0        0       0      0      0   100
            1    49     0   11    0        0       0     49      0    40
20:14:32  all    56     0    7    0        0       0     56      1   136
            0     0     0    0    0        0       0      0      0   100
            1    57     0    7    0        0       0     57      0    36
20:14:33  all    54     0    7    0        0       0     54      0   139
            0     0     0    0    0        0       0      0      0   100
            1    55     0    7    0        0       0     55      0    38
20:14:34  all    56     0    3    0        0       0     56      0   141
            0     0     0    0    0        0       0      0      0   100
            1    58     0    3    0        0       0     58      0    39
20:14:35  all    53     0    8    0        0       0     54      0   139
            0     0     0    0    0        0       0      0      0   100
            1    54     0    7    0        0       0     54      0    39
20:14:36  all    49     0    5    0        0       0     48      0   146
            0     0     0    0    0        0       0      0      0   100
            1    49     0    6    0        0       0     49      0    45
20:14:37  all    44     0    8    0        0       0     45      0   148
            0     0     0    0    0        0       0      0      0   100
            1    45     0    8    0        0       0     45      0    46
20:14:38  all    50     0    8    0        0       0     49      0   142
            0     0     0    0    0        0       0      0      0   100
            1    51     0    8    0        0       0     51      0    41
20:14:39  all    48     0    9    0        0       0     49      0   143
            0     0     0    0    0        0       0      0      0   100
            1    50     0   10    0        0       0     50      0    40
20:14:40  all    45     0   10    0        0       0     44      0   145
            0     0     0    0    0        0       0      0      1    99
            1    45     0    9    0        0       0     45      0    45
20:14:41  all    47     0    6    0        0       0     48      0   147
            0     0     0    0    0        0       0      0      0   100
            1    48     0    6    0        0       0     48      0    45
20:14:42  all    54     0    5    0        0       0     54      0   141
            0     0     0    0    0        0       0      0      0   100
            1    54     0    6    0        0       0     54      0    40
20:14:43  all    48     0    7    0        0       0     47      0   145
            0     0     0    0    0        0       0      0      0   100
            1    51     0    8    0        0       0     51      0    42
20:14:44  all    53     0    8    0        0       0     53      0   139
            0     0     0    0    0        0       0      0      0   100
            1    55     0    7    0        0       0     55      0    38
20:14:45  all    57     0    6    0        0       0     58      0   137
            0     0     0    0    0        0       0      0      0   100
            1    57     0    6    0        0       0     57      0    37
20:14:46  all    52     0    6    0        0       0     52      0   142
            0     0     0    0    0        0       0      0      0   100
            1    53     0    7    0        0       0     53      0    39
20:14:47  all    51     0   12    0        0       0     51      0   137
            0     0     0    0    0        0       0      0      0   100
            1    51     0   11    0        0       0     51      0    38
20:14:48  all    50     0   11    0        0       0     49      0   139
            0     0     0    0    0        0       0      0      0   100
            1    50     0   12    0        0       0     50      0    38
20:14:49  all    54     0    8    0        0       0     55      0   138
            0     0     0    0    0        0       0      0      0   100
            1    54     0    8    0        0       0     54      0    38
20:14:50  all    55     0    7    0        0       0     54      0   138
            0     0     0    0    0        0       0      0      0   100
            1    55     0    7    0        0       0     55      0    38
20:14:51  all    46     0   12    0        0       0     47      0   142
            0     0     0    0    0        0       0      0      0   100
            1    48     0   12    0        0       0     48      0    40
20:14:52  all    57     0    6    0        0       0     57      0   137
            0     0     0    0    0        0       0      0      0   100
            1    57     0    7    0        0       0     57      0    36
20:14:53  all    51     0    6    0        0       0     51      0   142
            0     0     0    0    0        0       0      0      0   100
            1    54     0    7    0        0       0     54      0    40
20:14:54  all    51     0    8    0        0       0     51      0   141
            0     0     0    0    0        0       0      0      0   100
            1    52     0    8    0        0       0     52      0    40
20:14:55  all    54     0    7    0        0       0     53      0   139
            0     0     0    0    0        0       0      0      0   100
            1    55     0    7    0        0       0     55      0    38
20:14:56  all    47     0    8    0        0       0     48      1   143
            0     0     0    0    0        0       0      0      0   100
            1    49     0    9    0        0       0     49      0    42
20:14:57  all    47     0    5    0        0       0     46      0   148
            0     0     0    0    0        0       0      0      0   100
            1    49     0    5    0        0       0     49      0    46
20:14:58  all    47     0    9    0        0       0     47      0   143
            0     0     0    0    0        0       0      0      0   100
            1    48     0    9    0        0       0     48      0    43
20:14:59  all    49     0    9    0        0       0     49      0   142
            0     0     0    0    0        0       0      0      0   100
            1    51     0   10    0        0       0     51      0    40
20:15:00  all    53     0    9    0        0       0     54      0   138
            0     0     0    0    0        0       0      0      0   100
            1    54     0    9    0        0       0     54      0    37
20:15:01  all    51     0    7    0        0       0     51      0   142
            0     0     0    0    0        0       0      0      0   100
            1    52     0    7    0        0       0     52      0    40
20:15:02  all    52     0    6    0        0       0     52      0   142
            0     0     0    0    0        0       0      0      0   100
            1    54     0    5    0        0       0     54      0    40
20:15:03  all    49     0    6    0        0       0     49      0   145
            0     0     0    0    0        0       0      0      0   100
            1    51     0    8    0        0       0     51      0    42
20:15:04  all    42     0   12    0        0       0     41      0   146
            0     0     0    0    0        0       0      0      0   100
            1    44     0   12    0        0       0     44      0    43
20:15:05  all    48     0    7    0        0       0     49      0   144
            0     0     0    0    0        0       0      0      0   100
            1    51     0    8    0        0       0     51      0    41
20:15:06  all    51     0    7    0        0       0     50      0   142
            0     0     0    0    0        0       0      0      0   100
            1    53     0    8    0        0       0     53      0    39
20:15:07  all    53     0    9    0        0       0     54      0   138
            0     0     0    0    0        0       0      0      0   100
            1    54     0    8    0        0       0     54      0    38
20:15:08  all    57     0    6    0        0       0     57      0   137
            0     0     0    0    0        0       0      0      0   100
            1    56     0    7    0        0       0     56      0    37
20:15:09  all    49     0    9    0        0       0     48      0   142
            0     0     0    0    0        0       0      0      0   100
            1    50     0   10    0        0       0     50      0    40
20:15:10  all    49     0   10    0        0       0     50      0   141
            0     0     0    0    0        0       0      0      0   100
            1    51     0   11    0        0       0     51      0    39
20:15:11  all    45     0   11    0        0       0     44      0   144
            0     0     0    0    0        0       0      0      0   100
            1    46     0   12    0        0       0     46      0    42
20:15:12  all    49     0   10    0        0       0     51      0   140
            0     0     0    0    0        0       0      0      1    99
            1    50     0   10    0        0       0     50      0    40
20:15:13  all    47     0    7    0        0       0     47      0   146
            0     0     0    0    0        0       0      0      0   100
            1    49     0    8    0        0       0     49      0    43
20:15:14  all    53     0    4    0        0       0     52      0   142
            0     0     0    0    0        0       0      0      0   100
            1    55     0    4    0        0       0     55      0    40
20:15:15  all    47     0    7    0        0       0     48      0   146
            0     0     0    0    0        0       0      0      0   100
            1    49     0    7    0        0       0     49      0    44
20:15:16  all    48     0    7    0        0       0     48      0   145
            0     0     0    0    0        0       0      0      0   100
            1    48     0    7    0        0       0     48      0    44
20:15:17  all    53     0    5    0        0       0     53      0   142
            0     0     0    0    0        0       0      0      0   100
            1    55     0    4    0        0       0     55      0    40
20:15:18  all    55     0    7    0        0       0     55      0   138
            0     0     0    0    0        0       0      0      0   100
            1    55     0    8    0        0       0     55      0    37
20:15:19  all    51     0    7    0        0       0     51      0   142
            0     0     0    0    0        0       0      0      0   100
            1    52     0    7    0        0       0     52      0    41
20:15:20  all    48     0    5    0        0       0     48      0   147
            0     0     0    0    0        0       0      0      0   100
            1    49     0    5    0        0       0     49      0    45
20:15:21  all    51     0    8    0        0       0     49      1   140
            0     0     0    0    0        0       0      0      0   100
            1    52     0    9    0        0       0     52      0    39
20:15:22  all    49     0    7    0        0       0     50      0   144
            0     0     0    0    0        0       0      0      0   100
            1    51     0    8    0        0       0     51      0    41
20:15:23  all    53     0    8    0        0       0     53      0   139
            0     0     0    0    0        0       0      0      0   100
            1    54     0    8    0        0       0     54      0    38
20:15:24  all    47     0    8    0        0       0     47      0   145
            0     0     0    0    0        0       0      0      0   100
            1    48     0    8    0        0       0     48      0    44
20:15:25  all    51     0    5    0        0       0     51      0   144
            0     0     0    0    0        0       0      0      0   100
            1    53     0    5    0        0       0     53      0    42
20:15:26  all    51     0    8    0        0       0     49      0   141
            0     0     0    0    0        0       0      0      0   100
            1    52     0    9    0        0       0     52      0    39
20:15:27  all    48     0    9    0        0       0     48      0   143
            0     0     0    0    0        0       0      0      1    99
            1    48     0    9    0        0       0     48      0    42
20:15:28  all    47     0    6    0        0       0     48      0   147
            0     0     0    0    0        0       0      0      0   100
            1    48     0    5    0        0       0     48      0    46
20:15:29  all    52     0    6    0        0       0     51      0   142
            0     0     0    0    0        0       0      0      0   100
            1    53     0    7    0        0       0     53      0    39
20:15:30  all    54     0    8    0        0       0     55      0   138
            0     0     0    0    0        0       0      0      0   100
            1    55     0    7    0        0       0     55      0    38
20:15:31  all    53     0    9    0        0       0     52      0   138
            0     0     0    0    0        0       0      0      0   100
            1    53     0   10    0        0       0     53      0    37
20:15:32  all    50     0    7    0        0       0     51      0   143
            0     0     0    0    0        0       0      0      0   100
            1    52     0    8    0        0       0     52      0    40
20:15:33  all    53     0    7    0        0       0     52      0   140
            0     0     0    0    0        0       0      0      0   100
            1    54     0    7    0        0       0     54      0    39
20:15:34  all    51     0    5    0        0       0     52      0   143
            0     0     0    0    0        0       0      0      0   100
            1    54     0    4    0        0       0     54      0    42
20:15:35  all    53     0    5    0        0       0     52      0   142
            0     0     0    0    0        0       0      0      0   100
            1    54     0    6    0        0       0     54      0    40
20:15:36  all    49     0    9    0        0       0     49      0   142
            0     0     0    0    0        0       0      0      0   100
            1    51     0   10    0        0       0     51      0    40
20:15:37  all    55     0    6    0        0       0     55      0   139
            0     0     0    0    0        0       0      0      0   100
            1    56     0    6    0        0       0     56      0    38
20:15:38  all    53     0    6    0        0       0     54      0   141
            0     0     0    0    0        0       0      0      0   100
            1    55     0    6    0        0       0     55      0    39
20:15:39  all    50     0   11    0        0       0     50      0   139
            0     0     0    0    0        0       0      0      0   100
            1    50     0   11    0        0       0     50      0    39
20:15:40  all    55     0    7    0        0       0     55      0   138
            0     0     0    0    0        0       0      0      0   100
            1    56     0    6    0        0       0     56      0    38
20:15:41  all    53     0   10    0        0       0     53      1   136
            0     0     0    0    0        0       0      0      0   100
            1    52     0   11    0        0       0     52      0    37
20:15:42  all    52     0    5    0        0       0     52      0   143
            0     0     0    0    0        0       0      0      0   100
            1    54     0    5    0        0       0     54      0    40
20:15:43  all    53     0    5    0        0       0     52      0   142
            0     0     0    0    0        0       0      0      0   100
            1    54     0    4    0        0       0     54      0    42
20:15:44  all    53     0    8    0        0       0     53      0   139
            0     0     0    0    0        0       0      0      0   100
            1    53     0    8    0        0       0     53      0    39
20:15:45  all    49     0    9    0        0       0     51      0   141
            0     0     0    0    0        0       0      0      0   100
            1    50     0   10    0        0       0     50      0    40
20:15:46  all    57     0    7    0        0       0     56      0   136
            0     0     0    0    0        0       0      0      0   100
            1    57     0    6    0        0       0     57      0    37
20:15:47  all    53     0    5    0        0       0     53      0   142
            0     0     0    0    0        0       0      0      0   100
            1    54     0    6    0        0       0     54      0    39
20:15:48  all    54     0    5    0        0       0     54      0   141
            0     0     0    0    0        0       0      0      0   100
            1    56     0    4    0        0       0     56      0    39
20:15:49  all    51     0    5    0        0       0     51      0   144
            0     0     0    0    0        0       0      0      1    99
            1    53     0    6    0        0       0     53      0    41
20:15:50  all    48     0    9    0        0       0     48      0   143
            0     0     0    0    0        0       0      0      0   100
            1    49     0    8    0        0       0     49      0    42
20:15:51  all    51     0    9    0        0       0     52      0   139
            0     0     0    0    0        0       0      0      0   100
            1    52     0   10    0        0       0     52      0    38
20:15:52  all    53     0    7    0        0       0     52      0   140
            0     0     0    0    0        0       0      0      0   100
            1    54     0    7    0        0       0     54      0    39
20:15:53  all    54     0    6    0        0       0     54      0   140
            0     0     0    0    0        0       0      0      0   100
            1    55     0    5    0        0       0     55      0    39
20:15:54  all    51     0    5    0        0       0     51      0   144
            0     0     0    0    0        0       0      0      0   100
            1    52     0    6    0        0       0     52      0    41
20:15:55  all    50     0    9    0        0       0     50      0   141
            0     0     0    0    0        0       0      0      0   100
            1    50     0    8    0        0       0     50      0    42
20:15:56  all    50     0    9    0        0       0     50      0   141
            0     0     0    0    0        0       0      0      0   100
            1    51     0   10    0        0       0     51      0    39
20:15:57  all    50     0   11    0        0       0     51      1   138
            0     0     0    0    0        0       0      0      0   100
            1    52     0   10    0        0       0     52      0    38
20:15:58  all    52     0    6    0        0       0     52      0   142
            0     0     0    0    0        0       0      0      0   100
            1    53     0    7    0        0       0     53      0    40
20:15:59  all    53     0   11    0        0       0     52      0   136
            0     0     0    0    0        0       0      0      0   100
            1    53     0   11    0        0       0     53      0    36
20:16:00  all    51     0   11    0        0       0     52      0   138
            0     0     0    0    0        0       0      0      0   100
            1    52     0   10    0        0       0     52      0    38
20:16:01  all    54     0    8    0        0       0     54      0   138
            0     0     0    0    0        0       0      0      0   100
            1    54     0    8    0        0       0     54      0    38
20:16:02  all    53     0    9    0        0       0     53      0   138
            0     0     0    0    0        0       0      0      0   100
            1    53     0   10    0        0       0     53      0    37
20:16:03  all    54     0    7    0        0       0     54      0   139
            0     0     0    0    0        0       0      0      1    99
            1    55     0    7    0        0       0     55      0    38
20:16:04  all    48     0    8    0        0       0     48      0   143
            0     0     0    0    0        0       0      0      0   100
            1    49     0    8    0        0       0     49      0    42
20:16:05  all    56     0    5    0        0       0     55      0   139
            0     0     0    0    0        0       0      0      0   100
            1    57     0    5    0        0       0     57      0    38
20:16:06  all    51     0    7    0        0       0     52      0   142
            0     0     0    0    0        0       0      0      0   100
            1    53     0    7    0        0       0     53      0    40
20:16:07  all    49     0    7    0        0       0     49      0   143
            0     0     0    0    0        0       0      0      0   100
            1    51     0    9    0        0       0     51      0    41
20:16:08  all    51     0    5    0        0       0     51      0   144
            0     0     0    0    0        0       0      0      0   100
            1    53     0    5    0        0       0     53      0    42
20:16:09  all    55     0    7    0        0       0     54      0   138
            0     0     0    0    0        0       0      0      0   100
            1    55     0    7    0        0       0     55      0    38
20:16:10  all    55     0    6    0        0       0     55      0   139
            0     1     0    0    0        0       0      1      0    99
            1    55     0    6    0        0       0     55      0    39
20:16:11  all    53     0    7    0        0       0     53      0   140
            0     0     0    0    0        0       0      0      0   100
            1    54     0    7    0        0       0     53      0    39
20:16:12  all    52     0    9    0        0       0     52      0   139
            0     1     0    1    0        0       0      2      0    98
            1    51     0    8    0        0       0     51      0    41
20:16:13  all    56     0    7    0        0       0     56      0   137
            0     0     0    0    0        0       0      0      0   100
            1    57     0    7    0        0       0     57      0    36
20:16:14  all    55     0    9    0        0       0     55      0   136
            0     0     0    0    0        0       0      0      0   100
            1    54     0    9    0        0       0     54      0    37
20:16:15  all    54     0    9    0        0       0     53      0   137
            0     0     0    0    0        0       0      0      0   100
            1    53     0    9    0        0       0     53      0    38
20:16:16  all    53     0    9    0        0       0     53      0   138
            0     1     0    0    0        0       0      0      0    99
            1    54     0    9    0        0       0     54      0    37
20:16:17  all    56     0    7    0        0       0     56      0   137
            0     0     0    0    0        0       0      0      0   100
            1    56     0    7    0        0       0     56      0    37
20:16:18  all    35     0    5    0        0       0     36      0   160
            0    11     0    2    0        0       0     11      0    87
            1    24     0    3    0        0       0     24      0    73
20:16:19  all     1     0    0    0        0       0      0      0   199
            0     0     0    0    0        0       0      0      0   100
            1     1     0    0    0        0       0      0      0    99
20:16:20  all     0     0    0    0        0       0      0      0   200
            0     0     0    0    0        0       0      0      0   100
            1     0     0    0    0        0       0      0      0   100
20:16:21  all     1     0    0    0        0       0      0      1   198
            0     0     0    0    0        0       0      0      0   100
            1     1     0    0    0        0       0      0      0    99
20:16:22  all     0     0    0    0        0       0      0      0   200
            0     0     0    0    0        0       0      0      0   100
            1     0     0    0    0        0       0      0      0   100
20:16:23  all     0     0    1    0        0       0      0      0   199
            0     0     0    0    0        0       0      0      0   100
            1     0     0    1    0        0       0      0      0    99
20:16:24  all     0     0    0    0        0       0      0      0   200
            0     0     0    0    0        0       0      0      0   100
            1     0     0    0    0        0       0      0      0   100
