
ubuntu  4.10.0-42-generic  #46~16.04.1-Ubuntu SMP Mon Dec 4 15:57:59 UTC 2017  x86_64  2018/01/30

-------------------------- analysis date: 2018/01/30 --------------------------

20:20:40  cpu  %usr %nice %sys %irq %softirq  %steal %guest  %wait %idle  _cpu_
20:20:41  all     0     0    0    0        0       0      0      0   200
            0     0     0    0    0        0       0      0      0   100
            1     0     0    0    0        0       0      0      0   100
20:20:42  all     0     0    0    0        0       0      0      0   200
            0     0     0    0    0        0       0      0      0   100
            1     0     0    0    0        0       0      0      0   100
20:20:43  all     0     0    0    0        0       0      0      0   200
            0     0     0    0    0        0       0      0      0   100
            1     0     0    0    0        0       0      0      0   100
20:20:44  all     0     0    0    0        0       0      0      0   200
            0     0     0    0    0        0       0      0      0   100
            1     0     0    0    0        0       0      0      0   100
20:20:45  all     0     0    0    0        0       0      0      0   200
            0     0     0    0    0        0       0      0      0   100
            1     0     0    0    0        0       0      0      0   100
20:20:46  all     0     0    0    0        0       0      0      0   200
            0     0     0    0    0        0       0      0      0   100
            1     0     0    0    0        0       0      0      0   100
20:20:47  all     0     0    0    0        0       0      0      0   200
            0     0     0    0    0        0       0      0      0   100
            1     0     0    0    0        0       0      0      0   100
20:20:48  all     0     0    0    0        0       0      0      0   200
            0     0     0    0    0        0       0      0      0   100
            1     0     0    0    0        0       0      0      0   100
20:20:49  all     0     0    0    0        0       0      0      0   200
            0     0     0    0    0        0       0      0      0   100
            1     0     0    0    0        0       0      0      0   100
20:20:50  all    21     0    2    0        0       0     21      1   176
            0     0     0    0    0        0       0      0      0   100
            1    22     0    2    0        0       0     22      0    76
20:20:51  all    57     0    6    0        0       0     57      0   137
            0     0     0    0    0        0       0      0      0   100
            1    55     0    6    0        0       0     55      0    39
20:20:52  all    50     0    6    0        0       0     50      0   144
            0     0     0    0    0        0       0      0      0   100
            1    52     0    7    0        0       0     52      0    41
20:20:53  all    50     0    7    0        0       0     50      1   142
            0     0     0    0    0        0       0      0      0   100
            1    52     0    8    0        0       0     52      1    39
20:20:54  all    58     0    3    0        0       0     58      0   139
            0     0     0    0    0        0       0      0      0   100
            1    58     0    3    0        0       0     58      0    39
20:20:55  all    44     0    8    0        0       0     45      0   148
            0     0     0    0    0        0       0      0      0   100
            1    46     0    7    0        0       0     46      0    47
20:20:56  all    46     0    4    0        0       0     45      0   150
            0     0     0    0    0        0       0      0      0   100
            1    46     0    5    0        0       0     46      0    48
20:20:57  all    56     0    5    0        0       0     56      0   139
            0     0     0    0    0        0       0      0      0   100
            1    56     0    5    0        0       0     56      0    39
20:20:58  all    52     0    6    0        0       0     52      0   142
            0     0     0    0    0        0       0      0      0   100
            1    55     0    5    0        0       0     55      0    40
20:20:59  all    53     0    4    0        0       0     53      0   143
            0     0     0    0    0        0       0      0      0   100
            1    55     0    4    0        0       0     55      0    41
20:21:00  all    50     0    6    0        0       0     50      0   144
            0     0     0    0    0        0       0      0      0   100
            1    51     0    7    0        0       0     51      0    41
20:21:01  all    51     0    7    0        0       0     51      0   142
            0     0     0    0    0        0       0      0      0   100
            1    52     0    6    0        0       0     52      0    42
20:21:02  all    52     0    3    0        0       0     52      0   145
            0     0     0    0    0        0       0      0      0   100
            1    54     0    4    0        0       0     54      0    41
20:21:03  all    51     0    6    0        0       0     51      0   143
            0     0     0    0    0        0       0      0      0   100
            1    53     0    5    0        0       0     53      0    42
20:21:04  all    52     0    5    0        0       0     53      0   143
            0     0     0    0    0        0       0      0      0   100
            1    53     0    6    0        0       0     53      0    41
20:21:05  all    53     0    3    0        0       0     52      0   144
            0     0     0    0    0        0       0      0      0   100
            1    55     0    3    0        0       0     55      0    42
20:21:06  all    49     0    5    0        0       0     49      0   146
            0     0     0    0    0        0       0      0      0   100
            1    51     0    5    0        0       0     51      0    44
20:21:07  all    47     0    5    0        0       0     47      0   148
            0     0     0    0    0        0       0      0      0   100
            1    49     0    5    0        0       0     49      0    46
20:21:08  all    51     0    8    0        0       0     51      0   141
            0     0     0    0    0        0       0      0      0   100
            1    51     0    7    0        0       0     51      0    42
20:21:09  all    52     0    6    0        0       0     52      0   142
            0     0     0    0    0        0       0      0      0   100
            1    52     0    7    0        0       0     52      0    41
20:21:10  all    48     0    6    0        0       0     48      0   146
            0     0     0    0    0        0       0      0      0   100
            1    51     0    7    0        0       0     51      0    43
20:21:11  all    53     0    4    0        0       0     53      0   143
            0     0     0    0    0        0       0      0      0   100
            1    54     0    4    0        0       0     54      0    42
20:21:12  all    48     0    7    0        0       0     49      0   145
            0     0     0    0    0        0       0      0      0   100
            1    51     0    7    0        0       0     51      0    42
20:21:13  all    52     0    3    0        0       0     51      0   145
            0     0     0    0    0        0       0      0      0   100
            1    54     0    4    0        0       0     54      0    41
20:21:14  all    51     0    6    0        0       0     51      0   143
            0     0     0    0    0        0       0      0      0   100
            1    52     0    6    0        0       0     52      0    41
20:21:15  all    55     0    5    0        0       0     55      0   140
            0     0     0    0    0        0       0      0      0   100
            1    56     0    4    0        0       0     56      0    40
20:21:16  all    54     0    5    0        0       0     54      0   141
            0     0     0    0    0        0       0      0      0   100
            1    54     0    6    0        0       0     54      0    40
20:21:17  all    56     0    3    0        0       0     56      0   141
            0     0     0    0    0        0       0      0      0   100
            1    57     0    3    0        0       0     57      0    40
20:21:18  all    55     0    4    0        0       0     55      1   140
            0     0     0    0    0        0       0      0      1    99
            1    56     0    3    0        0       0     56      0    41
20:21:19  all    54     0    4    0        0       0     54      0   142
            0     0     0    0    0        0       0      0      0   100
            1    55     0    5    0        0       0     55      0    40
20:21:20  all    53     0    7    0        0       0     53      0   140
            0     0     0    0    0        0       0      0      0   100
            1    54     0    6    0        0       0     54      0    40
20:21:21  all    53     0    4    0        0       0     53      0   143
            0     0     0    0    0        0       0      0      0   100
            1    54     0    5    0        0       0     54      0    41
20:21:22  all    54     0    6    0        0       0     54      0   140
            0     0     0    0    0        0       0      0      0   100
            1    54     0    6    0        0       0     54      0    40
20:21:23  all    58     0    4    0        0       0     58      0   138
            0     0     0    0    0        0       0      0      0   100
            1    57     0    4    0        0       0     57      0    39
20:21:24  all    51     0    7    0        0       0     52      0   142
            0     0     0    0    0        0       0      0      0   100
            1    53     0    6    0        0       0     53      0    41
20:21:25  all    54     0    6    0        0       0     53      0   140
            0     0     0    0    0        0       0      0      0   100
            1    54     0    7    0        0       0     54      0    39
20:21:26  all    51     0    7    0        0       0     52      0   142
            0     0     0    0    0        0       0      0      0   100
            1    53     0    7    0        0       0     53      0    40
20:21:27  all    52     0    4    0        0       0     52      0   144
            0     0     0    0    0        0       0      0      0   100
            1    54     0    3    0        0       0     54      0    42
20:21:28  all    54     0    4    0        0       0     54      0   142
            0     0     0    0    0        0       0      0      0   100
            1    55     0    4    0        0       0     55      0    41
20:21:29  all    51     0    8    0        0       0     50      0   141
            0     0     0    0    0        0       0      0      0   100
            1    52     0    8    0        0       0     52      0    40
20:21:30  all    54     0    4    0        0       0     55      0   142
            0     0     0    0    0        0       0      0      0   100
            1    54     0    5    0        0       0     54      0    41
20:21:31  all    53     0    4    0        0       0     52      0   143
            0     0     0    0    0        0       0      0      0   100
            1    54     0    3    0        0       0     54      0    43
20:21:32  all    55     0    4    0        0       0     55      0   141
            0     0     0    0    0        0       0      0      0   100
            1    56     0    4    0        0       0     56      0    40
20:21:33  all    52     0    6    0        0       0     52      0   142
            0     0     0    0    0        0       0      0      0   100
            1    53     0    7    0        0       0     53      0    40
20:21:34  all    50     0    6    0        0       0     50      1   143
            0     0     0    0    0        0       0      0      1    99
            1    51     0    6    0        0       0     51      0    43
20:21:35  all    56     0    8    0        0       0     56      0   136
            0     0     0    0    0        0       0      0      0   100
            1    55     0    7    0        0       0     55      0    38
20:21:36  all    53     0    6    0        0       0     53      0   141
            0     0     0    0    0        0       0      0      0   100
            1    53     0    6    0        0       0     53      0    41
20:21:37  all    53     0    8    0        0       0     53      0   139
            0     0     0    0    0        0       0      0      0   100
            1    53     0    9    0        0       0     53      0    38
20:21:38  all    54     0    7    0        0       0     55      0   139
            0     0     0    0    0        0       0      0      0   100
            1    53     0    7    0        0       0     53      0    40
20:21:39  all    55     0    6    0        0       0     54      0   139
            0     0     0    0    0        0       0      0      0   100
            1    56     0    5    0        0       0     56      0    39
20:21:40  all    57     0    4    0        0       0     57      0   139
            0     0     0    0    0        0       0      0      0   100
            1    56     0    5    0        0       0     56      0    39
20:21:41  all    53     0    8    0        0       0     54      0   139
            0     0     0    0    0        0       0      0      0   100
            1    53     0    8    0        0       0     53      0    39
20:21:42  all    54     0    4    0        0       0     54      0   142
            0     0     0    0    0        0       0      0      0   100
            1    54     0    4    0        0       0     54      0    42
20:21:43  all    55     0   12    0        0       0     51      0   133
            0     3     0    5    0        0       0      0      0    92
            1    53     0    6    0        0       0     53      0    41
20:21:44  all    49     0    7    0        0       0     49      0   144
            0     0     0    0    0        0       0      0      0   100
            1    50     0    8    0        0       0     50      0    42
20:21:45  all    51     0    6    0        0       0     51      0   143
            0     0     0    0    0        0       0      0      0   100
            1    53     0    6    0        0       0     53      0    41
20:21:46  all    52     0    6    0        0       0     52      0   142
            0     0     0    0    0        0       0      0      0   100
            1    53     0    6    0        0       0     53      0    41
20:21:47  all    49     0    6    0        0       0     49      0   144
            0     0     0    0    0        0       0      0      0   100
            1    51     0    6    0        0       0     51      0    43
20:21:48  all    50     0    8    0        0       0     50      0   142
            0     0     0    0    0        0       0      0      0   100
            1    52     0    8    0        0       0     52      0    40
20:21:49  all    53     0    6    0        0       0     53      1   140
            0     0     0    0    0        0       0      0      0   100
            1    54     0    6    0        0       0     54      1    39
20:21:50  all    46     0    4    0        0       0     46      0   150
            0     0     0    0    0        0       0      0      0   100
            1    48     0    4    0        0       0     48      0    47
20:21:51  all    52     0    7    0        0       0     52      0   141
            0     0     0    0    0        0       0      0      0   100
            1    52     0    7    0        0       0     52      0    41
20:21:52  all    46     0    7    0        0       0     46      0   146
            0     0     0    0    0        0       0      0      0   100
            1    49     0    8    0        0       0     49      0    43
20:21:53  all    49     0    4    0        0       0     49      0   146
            0     0     0    0    0        0       0      0      0   100
            1    52     0    4    0        0       0     52      0    44
20:21:54  all    50     0    6    0        0       0     50      0   144
            0     0     0    0    0        0       0      0      0   100
            1    52     0    8    0        0       0     52      0    41
20:21:55  all    52     0    3    0        0       0     52      0   145
            0     0     0    0    0        0       0      0      0   100
            1    55     0    2    0        0       0     55      0    43
20:21:56  all    51     0    3    0        0       0     51      1   145
            0     0     0    0    0        0       0      0      0   100
            1    53     0    4    0        0       0     53      0    42
20:21:57  all    49     0    6    0        0       0     49      0   145
            0     0     0    0    0        0       0      0      0   100
            1    52     0    5    0        0       0     52      0    43
20:21:58  all    49     0    5    0        0       0     49      0   146
            0     0     0    0    0        0       0      0      0   100
            1    52     0    5    0        0       0     52      0    43
20:21:59  all    48     0    4    0        0       0     48      0   148
            0     0     0    0    0        0       0      0      0   100
            1    50     0    5    0        0       0     50      0    45
20:22:00  all    52     0    5    0        0       0     52      0   143
            0     0     0    0    0        0       0      0      0   100
            1    54     0    5    0        0       0     54      0    41
20:22:01  all    51     0    5    0        0       0     51      0   144
            0     0     0    0    0        0       0      0      0   100
            1    53     0    6    0        0       0     53      0    41
20:22:02  all    53     0    6    0        0       0     53      0   141
            0     0     0    0    0        0       0      0      0   100
            1    54     0    5    0        0       0     54      0    41
20:22:03  all    54     0    6    0        0       0     54      0   140
            0     0     0    0    0        0       0      0      0   100
            1    54     0    6    0        0       0     54      0    40
20:22:04  all    54     0    4    0        0       0     54      0   142
            0     0     0    0    0        0       0      0      1    99
            1    55     0    5    0        0       0     55      0    40
20:22:05  all    51     0    4    0        0       0     51      0   145
            0     0     0    0    0        0       0      0      0   100
            1    53     0    4    0        0       0     53      0    42
20:22:06  all    52     0    5    0        0       0     52      0   143
            0     0     0    0    0        0       0      0      0   100
            1    53     0    5    0        0       0     53      0    42
20:22:07  all    50     0    7    0        0       0     50      0   143
            0     0     0    0    0        0       0      0      0   100
            1    51     0    8    0        0       0     51      0    41
20:22:08  all    49     0    7    0        0       0     49      0   144
            0     0     0    0    0        0       0      0      0   100
            1    52     0    6    0        0       0     52      0    42
20:22:09  all    49     0    4    0        0       0     49      0   147
            0     0     0    0    0        0       0      0      0   100
            1    51     0    5    0        0       0     51      0    44
20:22:10  all    55     0    5    0        0       0     55      0   140
            0     0     0    0    0        0       0      0      0   100
            1    56     0    4    0        0       0     56      0    40
20:22:11  all    49     0    6    0        0       0     49      0   145
            0     0     0    0    0        0       0      0      0   100
            1    51     0    8    0        0       0     51      0    41
20:22:12  all    52     0    3    0        0       0     52      0   145
            0     0     0    0    0        0       0      0      0   100
            1    54     0    2    0        0       0     54      0    44
20:22:13  all    52     0    7    0        0       0     52      0   141
            0     0     0    0    0        0       0      0      0   100
            1    53     0    8    0        0       0     53      0    39
20:22:14  all    53     0    4    0        0       0     53      0   143
            0     0     0    0    0        0       0      0      0   100
            1    55     0    3    0        0       0     55      0    42
20:22:15  all    52     0    6    0        0       0     52      0   142
            0     0     0    0    0        0       0      0      0   100
            1    53     0    6    0        0       0     53      0    41
20:22:16  all    48     0    7    0        0       0     48      0   145
            0     0     0    0    0        0       0      0      0   100
            1    49     0    9    0        0       0     49      0    42
20:22:17  all    47     0    6    0        0       0     47      0   147
            0     0     0    0    0        0       0      0      0   100
            1    50     0    6    0        0       0     50      0    44
20:22:18  all    56     0    4    0        0       0     56      0   140
            0     0     0    0    0        0       0      0      0   100
            1    56     0    4    0        0       0     56      0    40
20:22:19  all    54     0    3    0        0       0     54      1   142
            0     0     0    0    0        0       0      0      1    99
            1    56     0    4    0        0       0     56      0    40
20:22:20  all    52     0    5    0        0       0     52      2   141
            0     0     0    0    0        0       0      0      2    98
            1    54     0    4    0        0       0     54      0    41
20:22:21  all    54     0    4    0        0       0     54      0   142
            0     0     0    0    0        0       0      0      0   100
            1    55     0    4    0        0       0     55      0    41
20:22:22  all    49     0    2    0        0       0     49      0   149
            0     0     0    0    0        0       0      0      0   100
            1    52     0    3    0        0       0     52      0    44
20:22:23  all    49     0    5    0        0       0     49      0   146
            0     0     0    0    0        0       0      0      0   100
            1    51     0    5    0        0       0     51      0    44
20:22:24  all    53     0    5    0        0       0     53      0   142
            0     0     0    0    0        0       0      0      0   100
            1    54     0    5    0        0       0     54      0    41
20:22:25  all    51     0    4    0        0       0     51      0   145
            0     0     0    0    0        0       0      0      0   100
            1    53     0    5    0        0       0     53      0    41
20:22:26  all    53     0    4    0        0       0     53      0   143
            0     0     0    0    0        0       0      0      0   100
            1    54     0    4    0        0       0     54      0    41
20:22:27  all    56     0    7    0        0       0     56      0   137
            0     0     0    0    0        0       0      0      0   100
            1    56     0    6    0        0       0     56      0    38
20:22:28  all    48     0    6    0        0       0     48      0   145
            0     0     0    0    0        0       0      0      0   100
            1    51     0    7    0        0       0     51      0    42
20:22:29  all    54     0    5    0        0       0     54      1   140
            0     0     0    0    0        0       0      0      0   100
            1    54     0    5    0        0       0     54      0    41
20:22:30  all    53     0    6    0        0       0     53      0   141
            0     0     0    0    0        0       0      0      0   100
            1    54     0    6    0        0       0     54      0    40
20:22:31  all    52     0    6    0        0       0     52      0   142
            0     0     0    0    0        0       0      0      0   100
            1    54     0    7    0        0       0     54      0    39
20:22:32  all    52     0    8    0        0       0     52      0   140
            0    53     0    7    0        0       0     53      0    40
            1     0     0    0    0        0       0      0      0   100
20:22:33  all    54     0    6    0        0       0     54      0   140
            0    54     0    7    0        0       0     54      0    39
            1     0     0    0    0        0       0      0      0   100
20:22:34  all    48     0    6    0        0       0     48      0   146
            0    51     0    5    0        0       0     51      0    44
            1     0     0    0    0        0       0      0      0   100
20:22:35  all    47     0    8    0        0       0     47      0   144
            0    48     0    8    0        0       0     48      0    43
            1     0     0    1    0        0       0      0      0    99
20:22:36  all    55     0    6    0        0       0     55      0   139
            0    55     0    6    0        0       0     55      0    39
            1     0     0    0    0        0       0      0      0   100
20:22:37  all    52     0    6    0        0       0     52      0   142
            0    53     0    6    0        0       0     52      0    41
            1     1     0    0    0        0       0      0      0    99
20:22:38  all    55     0    6    0        0       0     54      0   139
            0    55     0    6    0        0       0     56      0    39
            1     0     0    0    0        0       0      0      0   100
20:22:39  all    49     0    6    0        0       0     49      0   145
            0    51     0    7    0        0       0     51      0    42
            1     0     0    0    0        0       0      0      0   100
20:22:40  all    49     0    8    0        0       0     49      0   143
            0    51     0    8    0        0       0     51      0    41
            1     0     0    0    0        0       0      0      0   100
20:22:41  all    51     0    4    0        0       0     50      0   145
            0    53     0    4    0        0       0     53      0    43
            1     1     0    0    0        0       0      0      0    99
20:22:42  all    46     0   10    0        0       0     46      0   143
            0    48     0   10    0        0       0     47      0    42
            1     0     0    0    0        0       0      0      0   100
20:22:43  all    52     0    4    0        0       0     51      0   144
            0    52     0    4    0        0       0     53      0    44
            1     0     0    0    0        0       0      0      0   100
20:22:44  all    56     0    4    0        0       0     57      0   140
            0    56     0    4    0        0       0     56      0    40
            1     0     0    1    0        0       0      0      0    99
20:22:45  all    52     0    6    0        0       0     51      0   142
            0    52     0    6    0        0       0     52      0    41
            1     1     0    0    0        0       0      0      1    98
20:22:46  all    45     0    8    0        0       0     45      0   147
            0    48     0    8    0        0       0     48      0    44
            1     0     0    0    0        0       0      0      0   100
20:22:47  all    48     0    3    0        0       0     48      0   149
            0    49     0    4    0        0       0     49      0    47
            1     0     0    0    0        0       0      0      0   100
20:22:48  all    47     0    5    0        0       0     46      0   148
            0    49     0    4    0        0       0     49      0    46
            1     0     0    0    0        0       0      0      0   100
20:22:49  all    43     0    6    0        0       0     43      0   151
            0    45     0    7    0        0       0     45      0    49
            1     1     0    0    0        0       0      0      0    99
20:22:50  all    30     0    2    0        0       0     30      0   168
            0    31     0    2    0        0       0     31      0    67
            1     0     0    1    0        0       0      0      0    99
20:22:51  all     1     0    0    0        0       0      0      0   199
            0     0     0    0    0        0       0      0      0   100
            1     0     0    0    0        0       0      0      0   100
20:22:52  all     0     0    0    0        0       0      0      0   200
            0     0     0    0    0        0       0      0      0   100
            1     0     0    0    0        0       0      0      0   100
20:22:53  all     0     0    1    0        0       0      0      0   199
            0     0     0    0    0        0       0      0      0   100
            1     1     0    0    0        0       0      0      0    99
20:22:54  all     0     0    0    0        0       0      0      0   200
            0     0     0    0    0        0       0      0      0   100
            1     0     0    1    0        0       0      0      0    99
20:22:55  all     0     0    0    0        0       0      1      0   200
            0     1     0    0    0        0       0      0      0    99
            1     0     0    0    0        0       0      0      0   100
20:22:56  all     0     0    0    0        0       0      0      0   200
            0     0     0    0    0        0       0      0      0   100
            1     0     0    0    0        0       0      0      0   100
