
ubuntu  4.10.0-42-generic  #46~16.04.1-Ubuntu SMP Mon Dec 4 15:57:59 UTC 2017  x86_64  2018/01/30

-------------------------- analysis date: 2018/01/30 --------------------------

19:13:49  cpu  %usr %nice %sys %irq %softirq  %steal %guest  %wait %idle  _cpu_
19:13:50  all     0     0    0    0        0       0      0      0   200
            0     0     0    0    0        0       0      0      0   100
            1     0     0    0    0        0       0      0      0   100
19:13:51  all     0     0    0    0        0       0      0      0   200
            0     0     0    0    0        0       0      0      0   100
            1     0     0    0    0        0       0      0      0   100
19:13:52  all     0     0    0    0        0       0      0      0   200
            0     0     0    0    0        0       0      0      0   100
            1     0     0    0    0        0       0      0      0   100
19:13:53  all     0     0    0    0        0       0      0      0   200
            0     0     0    0    0        0       0      0      0   100
            1     0     0    0    0        0       0      0      0   100
19:13:54  all     0     0    0    0        0       0      0      0   200
            0     0     0    0    0        0       0      0      0   100
            1     0     0    0    0        0       0      0      0   100
19:13:55  all     0     0   45    0        3       0      0      1   151
            0     0     0   10    0        0       0      0      0    90
            1     0     0   38    0        4       0      0      0    58
19:13:56  all     1     0   41    0        9       0      0      0   149
            0     0     0    0    0        0       0      0      0   100
            1     0     0   45    0        9       0      0      0    46
19:13:57  all     1     0   45    0        6       0      0      0   148
            0     0     0    3    0        0       0      0      0    97
            1     1     0   43    0        7       0      0      0    49
19:13:58  all     1     0   44    0        1       0      0      0   154
            0     1     0   33    0        0       0      0      0    66
            1     0     0    9    0        1       0      0      0    90
19:13:59  all     0     0   48    0        4       0      0      0   148
            0     0     0    1    0        0       0      0      0    99
            1     0     0   49    0        4       0      0      0    47
19:14:00  all     0     0   41    0        4       0      0      0   155
            0     0     0    0    0        0       0      0      0   100
            1     0     0   45    0        5       0      0      0    50
19:14:01  all     1     0   45    0        3       0      0      0   150
            0     1     0   25    0        0       0      0      0    74
            1     1     0   20    0        4       0      0      0    75
19:14:02  all     1     0   42    0        2       0      0      0   155
            0     0     0   38    0        0       0      0      0    62
            1     0     0    0    0        2       0      0      0    98
19:14:03  all     0     0   40    0        4       0      0      0   155
            0     0     0   29    0        0       0      0      0    71
            1     0     0    8    0        5       0      0      0    87
19:14:04  all     1     0   43    0        3       0      0      0   152
            0     1     0   14    0        0       0      0      0    85
            1     1     0   31    0        4       0      0      0    65
19:14:05  all     1     0   46    0        3       0      0      0   150
            0     1     0   42    0        0       0      0      0    57
            1     0     0    0    0        4       0      0      0    96
19:14:06  all     1     0   38    0        3       0      0      0   158
            0     0     0   35    0        0       0      0      0    65
            1     0     0    0    0        4       0      0      0    96
19:14:07  all     0     0   44    0        3       0      0      0   152
            0     0     0   39    0        0       0      0      0    61
            1     0     0    0    0        4       0      0      0    96
19:14:08  all     0     0   38    0        3       0      0      0   159
            0     1     0   36    0        0       0      0      0    63
            1     0     0    0    0        4       0      0      0    96
19:14:09  all     1     0   42    0        6       0      0      0   151
            0     1     0   11    0        0       0      0      0    88
            1     0     0   32    0        7       0      0      0    61
19:14:10  all     1     0   44    0        4       0      0      0   151
            0     0     0   23    0        0       0      0      0    77
            1     0     0   21    0        5       0      0      0    74
19:14:11  all     0     0   41    0        6       0      0      0   153
            0     0     0    0    0        0       0      0      0   100
            1     0     0   44    0        7       0      0      0    49
19:14:12  all     1     0   41    0        6       0      0      0   151
            0     0     0    0    0        0       0      0      0   100
            1     1     0   43    0        7       0      0      0    49
19:14:13  all     0     0   42    0        6       0      0      0   151
            0     0     0   11    0        0       0      0      0    89
            1     0     0   32    0        7       0      0      0    61
19:14:14  all     0     0   44    0        4       0      0      0   152
            0     0     0    1    0        0       0      0      0    99
            1     0     0   47    0        5       0      0      0    49
19:14:15  all     1     0   44    0        5       0      0      0   150
            0     0     0    0    0        0       0      0      0   100
            1     1     0   45    0        6       0      0      0    48
19:14:16  all     2     0   42    0        4       0      0      0   151
            0     1     0   17    0        0       0      0      0    82
            1     1     0   26    0        5       0      0      0    68
19:14:17  all     0     0   44    0        4       0      0      0   152
            0     1     0    1    0        0       0      0      1    97
            1     0     0   47    0        5       0      0      0    48
19:14:18  all     0     0   52    0        1       0      0      0   147
            0     0     0   45    0        0       0      0      0    55
            1     0     0    0    0        1       0      0      0    99
19:14:19  all     1     0   39    0        5       0      0      0   154
            0     1     0   36    0        0       0      0      0    63
            1     0     0    0    0        6       0      0      0    94
19:14:20  all     1     0   44    0        2       0      0      0   153
            0     1     0   39    0        0       0      0      0    60
            1     0     0    1    0        2       0      0      0    96
19:14:21  all     1     0   43    0        2       0      0      1   153
            0     1     0   38    0        0       0      0      0    61
            1     0     0    0    0        2       0      0      1    96
19:14:22  all     1     0   42    0        2       0      0      0   155
            0     0     0   38    0        0       0      0      0    62
            1     0     0    0    0        2       0      0      0    98
19:14:23  all     0     0   38    0        2       0      0      0   160
            0     1     0   35    0        0       0      0      0    64
            1     0     0    1    0        2       0      0      0    96
19:14:24  all     0     0   45    0        1       0      0      0   154
            0     0     0   41    0        0       0      0      0    59
            1     0     0    0    0        1       0      0      0    99
19:14:25  all     0     0   43    0        3       0      0      0   154
            0     0     0   38    0        0       0      0      0    62
            1     0     0    1    0        4       0      0      0    95
19:14:26  all     1     0   41    0        6       0      0      0   151
            0     0     0    5    0        0       0      0      0    95
            1     0     0   38    0        7       0      0      0    55
19:14:27  all     1     0   42    0        1       0      0      0   156
            0     1     0   38    0        0       0      0      0    61
            1     0     0    0    0        1       0      0      0    99
19:14:28  all     0     0   40    0        3       0      0      0   157
            0     0     0   37    0        0       0      0      0    63
            1     0     0    0    0        4       0      0      0    96
19:14:29  all     0     0   40    0        2       0      0      0   158
            0     0     0   35    0        0       0      0      0    65
            1     0     0    1    0        2       0      0      0    96
19:14:30  all     1     0   44    0        2       0      0      0   153
            0     1     0   35    0        0       0      0      0    64
            1     1     0    6    0        2       0      0      0    90
19:14:31  all     1     0   42    0        4       0      0      0   152
            0     0     0   39    0        0       0      0      0    61
            1     0     0    0    0        5       0      0      0    95
19:14:32  all     1     0   43    0        4       0      0      0   152
            0     2     0   33    0        0       0      0      0    65
            1     0     0    7    0        5       0      0      0    88
19:14:33  all     0     0   48    0        1       0      0      0   151
            0     0     0   41    0        0       0      0      0    59
            1     0     0    2    0        1       0      0      0    96
19:14:34  all     1     0   45    0        4       0      0      0   150
            0     0     0   35    0        0       0      0      0    65
            1     0     0    6    0        5       0      0      0    89
19:14:35  all     0     0   41    0        1       0      0      0   158
            0     1     0   37    0        0       0      0      0    62
            1     0     0    0    0        1       0      0      0    99
19:14:36  all     0     0   35    0        7       0      0      1   156
            0     0     0    0    0        0       0      0      0   100
            1     0     0   38    0        8       0      0      0    54
19:14:37  all     1     0   40    0        7       0      0      0   151
            0     0     0    0    0        0       0      0      0   100
            1     1     0   43    0        8       0      0      0    48
19:14:38  all     1     0   44    0        4       0      0      0   151
            0     1     0   19    0        0       0      0      0    80
            1     0     0   26    0        5       0      0      0    70
19:14:39  all     1     0   43    0        2       0      0      0   153
            0     1     0   33    0        0       0      0      0    66
            1     0     0    8    0        2       0      0      0    89
19:14:40  all     1     0   36    0        7       0      0      0   156
            0     0     0    1    0        0       0      0      0    99
            1     1     0   39    0        7       0      0      0    52
19:14:41  all     1     0   41    0        8       0      0      0   149
            0     1     0    0    0        0       0      0      0    99
            1     0     0   44    0        9       0      0      0    47
19:14:42  all     1     0   49    0        3       0      0      0   147
            0     0     0   38    0        0       0      0      0    62
            1     0     0    7    0        4       0      0      0    89
19:14:43  all     0     0   42    0        3       0      0      0   154
            0     0     0   39    0        0       0      0      0    61
            1     0     0    0    0        4       0      0      0    96
19:14:44  all     1     0   43    0        3       0      0      0   153
            0     0     0   36    0        0       0      0      0    64
            1     1     0    4    0        4       0      0      0    91
19:14:45  all     0     0   46    0        2       0      0      0   152
            0     1     0   41    0        0       0      0      0    58
            1     0     0    0    0        2       0      0      0    98
19:14:46  all     1     0   41    0        6       0      0      0   152
            0     0     0    0    0        0       0      0      0   100
            1     1     0   44    0        7       0      0      0    48
19:14:47  all     1     0   41    0        7       0      0      0   151
            0     0     0    0    0        0       0      0      0   100
            1     0     0   43    0        8       0      0      0    49
19:14:48  all     0     0   38    0        3       0      0      0   159
            0     0     0    0    0        0       0      0      0   100
            1     0     0   40    0        3       0      0      0    57
19:14:49  all     0     0   44    0        3       0      0      0   153
            0     1     0    1    0        0       0      0      0    98
            1     0     0   46    0        3       0      0      0    51
19:14:50  all     1     0   45    0        3       0      0      0   151
            0     0     0   23    0        0       0      0      0    77
            1     0     0   21    0        4       0      0      0    75
19:14:51  all     0     0   45    0        5       0      0      0   150
            0     0     0   11    0        0       0      0      0    89
            1     1     0   37    0        6       0      0      0    56
19:14:52  all     0     0   43    0        5       0      0      0   151
            0     0     0   39    0        0       0      0      0    61
            1     0     0    0    0        6       0      0      0    94
19:14:53  all     1     0   44    0        2       0      0      0   153
            0     0     0   41    0        0       0      0      0    59
            1     0     0    0    0        2       0      0      0    98
19:14:54  all     1     0   43    0        1       0      0      0   155
            0     1     0   38    0        0       0      0      0    62
            1     0     0    0    0        1       0      0      0    99
19:14:55  all     0     0   35    0        2       0      0      0   163
            0     0     0   33    0        0       0      0      0    67
            1     1     0    0    0        2       0      0      0    96
19:14:56  all     0     0   43    0        3       0      0      0   154
            0     0     0   39    0        0       0      0      0    61
            1     0     0    0    0        4       0      0      1    95
19:14:57  all     1     0   39    0        4       0      0      0   156
            0     1     0   35    0        0       0      0      0    64
            1     0     0    0    0        5       0      0      0    95
19:14:58  all     0     0   37    0        5       0      0      0   158
            0     0     0   34    0        0       0      0      0    66
            1     0     0    0    0        6       0      0      0    94
19:14:59  all     1     0   49    0        3       0      0      0   147
            0     0     0   17    0        0       0      0      0    83
            1     0     0   34    0        3       0      0      0    62
19:15:00  all     0     0   42    0        3       0      0      0   155
            0     0     0   38    0        0       0      0      0    62
            1     0     0    0    0        4       0      0      0    96
19:15:01  all     0     0   42    0        3       0      0      0   155
            0     0     0   38    0        0       0      0      0    62
            1     0     0    0    0        4       0      0      0    96
19:15:02  all     0     0   46    0        4       0      0      0   149
            0     0     0   28    0        0       0      0      0    72
            1     0     0   17    0        5       0      0      0    79
19:15:03  all     0     0   42    0        1       0      0      0   157
            0     0     0   39    0        0       0      0      0    61
            1     0     0    0    0        1       0      0      0    99
19:15:04  all     0     0   48    0        2       0      0      0   150
            0     0     0   42    0        0       0      0      0    58
            1     0     0    0    0        2       0      0      0    98
19:15:05  all     1     0   42    0        1       0      0      0   155
            0     1     0   39    0        0       0      0      0    60
            1     0     0    0    0        1       0      0      0    99
19:15:06  all     1     0   38    0        1       0      0      0   160
            0     1     0   33    0        0       0      0      0    66
            1     0     0    0    0        1       0      0      0    99
19:15:07  all     0     0   38    0        2       0      0      0   160
            0     0     0   35    0        0       0      0      0    65
            1     0     0    0    0        2       0      0      0    98
19:15:08  all     2     0   36    0        3       0      0      0   158
            0     2     0   33    0        0       0      0      0    65
            1     1     0    0    0        4       0      0      0    95
19:15:09  all     0     0   45    0        1       0      0      0   154
            0     0     0   41    0        0       0      0      0    59
            1     0     0    0    0        1       0      0      0    99
19:15:10  all     0     0   44    0        4       0      0      0   151
            0     0     0   33    0        0       0      0      0    67
            1     0     0    8    0        5       0      0      0    87
19:15:11  all     1     0   40    0        4       0      0      0   154
            0     0     0    0    0        0       0      0      0   100
            1     0     0   45    0        5       0      0      0    51
19:15:12  all     0     0   46    0        3       0      0      0   150
            0     0     0   10    0        0       0      0      0    90
            1     1     0   40    0        3       0      0      0    56
19:15:13  all     1     0   46    0        1       0      0      0   151
            0     0     0   41    0        0       0      0      0    59
            1     0     0    0    0        1       0      0      0    99
19:15:14  all     0     0   41    0        2       0      0      0   157
            0     1     0   37    0        0       0      0      0    62
            1     0     0    0    0        2       0      0      0    98
19:15:15  all     0     0   42    0        4       0      0      0   153
            0     0     0   33    0        0       0      0      0    67
            1     0     0    8    0        5       0      0      0    87
19:15:16  all     2     0   48    0        1       0      0      0   149
            0     1     0   42    0        0       0      0      0    57
            1     0     0    0    0        1       0      0      0    99
19:15:17  all     0     0   43    0        3       0      0      0   154
            0     1     0   39    0        0       0      0      0    60
            1     0     0    0    0        4       0      0      0    96
19:15:18  all     1     0   38    0        2       0      0      0   158
            0     1     0   34    0        0       0      0      0    65
            1     0     0    0    0        2       0      0      0    98
19:15:19  all     1     0   42    0        3       0      0      0   153
            0     1     0   33    0        0       0      0      0    66
            1     0     0    7    0        4       0      0      0    89
19:15:20  all     2     0   47    0        3       0      0      1   147
            0     1     0   42    0        0       0      0      0    57
            1     0     0    1    0        4       0      0      0    95
19:15:21  all     0     0   48    0        3       0      0      0   149
            0     0     0   43    0        0       0      0      0    57
            1     0     0    0    0        4       0      0      0    96
19:15:22  all     1     0   36    0        3       0      0      0   160
            0     0     0   22    0        0       0      0      0    78
            1     1     0   14    0        4       0      0      0    81
19:15:23  all     1     0   45    0        6       0      0      0   148
            0     0     0    0    0        0       0      0      0   100
            1     1     0   47    0        7       0      0      0    46
19:15:24  all     0     0   40    0        4       0      0      0   156
            0     0     0    0    0        0       0      0      1    99
            1     0     0   44    0        5       0      0      0    51
19:15:25  all     1     0   40    0        4       0      0      0   155
            0     0     0    0    0        0       0      0      0   100
            1     1     0   44    0        5       0      0      0    51
19:15:26  all     0     0   44    0        6       0      0      0   149
            0     0     0    0    0        0       0      0      0   100
            1     0     0   46    0        7       0      0      0    47
19:15:27  all     1     0   40    0        4       0      0      0   154
            0     0     0    0    0        0       0      0      0   100
            1     1     0   44    0        5       0      0      0    51
19:15:28  all     0     0   45    0        4       0      0      0   151
            0     1     0   40    0        0       0      0      0    59
            1     0     0    2    0        5       0      0      0    93
19:15:29  all     0     0   43    0        3       0      0      0   153
            0     0     0   40    0        0       0      0      0    60
            1     0     0    0    0        4       0      0      0    96
19:15:30  all     1     0   35    0        3       0      0      0   161
            0     0     0   27    0        0       0      0      0    73
            1     0     0    6    0        4       0      0      0    90
19:15:31  all     0     0   45    0        4       0      0      0   151
            0     0     0    0    0        0       0      0      0   100
            1     0     0   48    0        5       0      0      0    48
19:15:32  all     0     0   41    0        9       0      0      0   151
            0     0     0    0    0        0       0      0      0   100
            1     0     0   43    0        9       0      0      0    48
19:15:33  all     1     0   38    0        4       0      0      0   157
            0     0     0    0    0        0       0      0      0   100
            1     1     0   41    0        5       0      0      0    52
19:15:34  all     1     0   41    0        5       0      0      0   153
            0     1     0   12    0        0       0      0      0    87
            1     1     0   29    0        6       0      0      0    64
19:15:35  all     0     0   46    0        5       0      0      0   149
            0     0     0    5    0        0       0      0      0    95
            1     0     0   44    0        6       0      0      0    51
19:15:36  all     1     0   40    0        7       0      0      0   151
            0     0     0    1    0        0       0      0      0    99
            1     0     0   43    0        8       0      0      0    49
19:15:37  all     0     0   38    0        8       0      0      0   154
            0     0     0    0    0        0       0      0      0   100
            1     0     0   41    0        8       0      0      0    51
19:15:38  all     0     0   42    0        5       0      0      0   153
            0     0     0    0    0        0       0      0      0   100
            1     0     0   45    0        6       0      0      0    49
19:15:39  all     1     0   41    0        4       0      0      0   154
            0     1     0    0    0        0       0      0      0    99
            1     0     0   45    0        5       0      0      0    50
19:15:40  all     0     0   48    0        2       0      0      1   148
            0     0     0   25    0        0       0      0      0    75
            1     1     0   24    0        2       0      0      0    72
19:15:41  all     1     0   43    0        5       0      0      0   151
            0     0     0    8    0        0       0      0      0    92
            1     1     0   36    0        6       0      0      0    57
19:15:42  all     0     0   41    0        3       0      0      0   156
            0     0     0   32    0        0       0      0      0    68
            1     0     0    6    0        4       0      0      1    89
19:15:43  all     0     0   43    0        3       0      0      0   154
            0     0     0   29    0        0       0      0      0    71
            1     0     0   13    0        4       0      0      0    83
19:15:44  all     1     0   41    0        4       0      0      0   154
            0     0     0   17    0        0       0      0      0    83
            1     0     0   24    0        5       0      0      0    71
19:15:45  all     1     0   45    0        2       0      0      0   151
            0     1     0   40    0        0       0      0      0    59
            1     0     0    0    0        2       0      0      0    98
19:15:46  all     0     0   43    0        2       0      0      0   155
            0     0     0   38    0        0       0      0      0    62
            1     1     0    0    0        2       0      0      0    96
19:15:47  all     0     0   41    0        0       0      0      0   159
            0     0     0   37    0        0       0      0      0    63
            1     0     0    0    0        0       0      0      0   100
19:15:48  all     0     0   38    0        4       0      0      0   157
            0     0     0   35    0        0       0      0      0    65
            1     0     0    1    0        5       0      0      0    94
19:15:49  all     1     0   37    0        4       0      0      0   158
            0     0     0   30    0        0       0      0      0    70
            1     1     0    6    0        5       0      0      0    88
19:15:50  all     1     0   40    0        1       0      0      0   157
            0     1     0   36    0        0       0      0      0    63
            1     0     0    0    0        1       0      0      0    99
19:15:51  all     1     0   38    0        1       0      0      0   160
            0     0     0   35    0        0       0      0      0    65
            1     0     0    0    0        1       0      0      0    99
19:15:52  all     0     0   42    0        4       0      0      0   154
            0     1     0   38    0        0       0      0      0    61
            1     0     0    0    0        5       0      0      0    95
19:15:53  all     0     0   42    0        5       0      0      0   153
            0     0     0    5    0        0       0      0      0    95
            1     0     0   39    0        6       0      0      0    55
19:15:54  all     2     0   44    0        5       0      0      0   148
            0     0     0    1    0        0       0      0      0    99
            1     2     0   46    0        5       0      0      0    46
19:15:55  all     2     0    0    0        0       0      0      0   198
            0     0     0    0    0        0       0      0      0   100
            1     1     0    0    0        0       0      0      0    99
19:15:56  all     0     0    0    0        0       0      0      0   200
            0     1     0    0    0        0       0      0      0    99
            1     0     0    0    0        0       0      0      0   100
19:15:57  all     1     0    0    0        0       0      0      0   199
            0     0     0    0    0        0       0      0      0   100
            1     0     0    0    0        0       0      0      0   100
19:15:58  all     0     0    0    0        0       0      0      0   200
            0     0     0    0    0        0       0      0      0   100
            1     0     0    0    0        0       0      0      0   100
19:15:59  all     0     0    1    0        0       0      0      0   199
            0     0     0    1    0        0       0      0      0    99
            1     0     0    0    0        0       0      0      0   100
