
n41  4.10.1-itri  #1 SMP Sat Mar 3 20:34:58 EST 2018  x86_64  2018/03/21

-------------------------- analysis date: 2018/03/21 --------------------------

23:08:17  cpu  %usr %nice %sys %irq %softirq  %steal %guest  %wait %idle  _cpu_
23:08:18  all    98     0    3    0        0       0     98      0    99
            0     0     0    0    0        0       0      0      0   100
            1    97     0    3    0        0       0     96      0     0
23:08:19  all   101     0    0    0        0       0    101      0    99
            0     0     0    1    0        0       0      0      0    99
            1   100     0    0    0        0       0    100      0     0
23:08:20  all    97     0    3    0        0       0     97      0   100
            0     0     0    0    0        0       0      0      0   100
            1    98     0    2    0        0       0     98      0     0
23:08:21  all   100     0    1    0        0       0    100      0    99
            0     0     0    1    0        0       0      0      0    99
            1   100     0    0    0        0       0    100      0     0
23:08:22  all    99     0    2    0        0       0     98      0   100
            0     1     0    0    0        0       0      0      0    99
            1    98     0    2    0        0       0     98      0     0
23:08:23  all   101     0    0    0        0       0    101      0    99
            0     0     0    0    0        0       0      0      0   100
            1   100     0    0    0        0       0    100      0     0
23:08:24  all   100     0    0    0        0       0    100      0   100
            0     1     0    0    0        0       0      0      0    99
            1   100     0    0    0        0       0    100      0     0
23:08:25  all   101     0    0    0        0       0    100      0    99
            0     0     0    0    0        0       0      0      0   100
            1   100     0    0    0        0       0    100      0     0
23:08:26  all   100     0    0    0        0       0    100      0   100
            0     0     0    0    0        0       0      0      0   100
            1    99     0    1    0        0       0     99      0     0
23:08:27  all   100     0    0    0        0       0    100      0   100
            0     0     0    0    0        0       0      0      0   100
            1   100     0    0    0        0       0    100      0     0
23:08:28  all    98     0    3    0        0       0     97      0   100
            0     0     0    0    0        0       0      0      0   100
            1    98     0    2    0        0       0     98      0     0
23:08:29  all    95     0    5    0        0       0     96      0   100
            0     0     0    0    0        0       0      0      0   100
            1    94     0    6    0        0       0     94      0     0
23:08:30  all    95     0    6    0        0       0     95      0   100
            0     0     0    0    0        0       0      0      0   100
            1    95     0    5    0        0       0     95      0     0
23:08:31  all    97     0    3    0        0       0     96      0   100
            0     0     0    0    0        0       0      0      0   100
            1    97     0    3    0        0       0     97      0     0
23:08:32  all    94     0    6    0        0       0     94      0    99
            0     0     0    0    0        0       0      0      0   100
            1    94     0    6    0        0       0     94      0     0
23:08:33  all    98     0    2    0        0       0     98      0   100
            0     0     0    0    0        0       0      0      0   100
            1    98     0    2    0        0       0     98      0     0
23:08:34  all    98     0    2    0        0       0     98      0   100
            0     0     0    0    0        0       0      0      0   100
            1    98     0    2    0        0       0     98      0     0
23:08:35  all    97     0    3    0        0       0     98      0    99
            0     0     0    0    0        0       0      0      0   100
            1    97     0    3    0        0       0     98      0     0
23:08:36  all    99     0    0    0        0       0     99      0   101
            0     0     0    0    0        0       0      0      0   100
            1    99     0    1    0        0       0     98      0     0
23:08:37  all    99     0    2    0        0       0     99      0   100
            0     0     0    0    0        0       0      0      0   100
            1    99     0    1    0        0       0    100      0     0
23:08:38  all   100     0    0    0        0       0    100      0   100
            0     0     0    0    0        0       0      0      0   100
            1    99     0    1    0        0       0     98      0     0
23:08:39  all    98     0    3    0        0       0     98      0   100
            0     0     0    0    0        0       0      0      0   100
            1    98     0    2    0        0       0     99      0     0
23:08:40  all    98     0    1    0        0       0     98      0   101
            0     0     0    0    0        0       0      0      0   100
            1    98     0    2    0        0       0     97      0     0
23:08:41  all    99     0    2    0        0       0     99      0    99
            0     0     0    0    0        0       0      0      0   100
            1    99     0    1    0        0       0    100      0     0
23:08:42  all    99     0    0    0        0       0     99      0   101
            0     0     0    0    0        0       0      0      0   100
            1    99     0    1    0        0       0     98      0     0
23:08:43  all   100     0    1    0        0       0    100      0   100
            0     0     0    0    0        0       0      0      0   100
            1   100     0    0    0        0       0    101      0     0
23:08:44  all    98     0    2    0        0       0     98      0    99
            0     0     0    0    0        0       0      0      0   100
            1    98     0    2    0        0       0     98      0     0
23:08:45  all    99     0    1    0        0       0     99      1   100
            0     0     0    0    0        0       0      0      0   100
            1    99     0    1    0        0       0     99      0     0
23:08:46  all   100     0    0    0        0       0    100      0   100
            0     0     0    0    0        0       0      0      0   100
            1   100     0    0    0        0       0     99      0     0
23:08:47  all    99     0    1    0        0       0     99      0    99
            0     0     0    0    0        0       0      0      0   100
            1    99     0    1    0        0       0     99      0     0
23:08:48  all   100     0    0    0        0       0    100      0   100
            0     0     0    0    0        0       0      0      0   100
            1   100     0    0    0        0       0    101      0     0
23:08:49  all    99     0    1    0        0       0     99      0   100
            0     0     0    0    0        0       0      0      0   100
            1    99     0    1    0        0       0     98      0     0
23:08:50  all   101     0    0    0        0       0    101      0    99
            0     0     0    0    0        0       0      0      0   100
            1   100     0    0    0        0       0    100      0     0
23:08:51  all    97     0    3    0        0       0     97      0   100
            0     0     0    0    0        0       0      0      0   100
            1    97     0    3    0        0       0     98      0     0
23:08:52  all    98     0    2    0        0       0     98      0   100
            0     0     0    0    0        0       0      0      0   100
            1    98     0    2    0        0       0     97      0     0
23:08:53  all    98     0    2    0        0       0     98      0   100
            0     0     0    0    0        0       0      0      0   100
            1    98     0    2    0        0       0     98      0     0
23:08:54  all    96     0    5    0        0       0     95      0    99
            0     0     0    0    0        0       0      0      0   100
            1    96     0    4    0        0       0     96      0     0
23:08:55  all    97     0    2    0        0       0     98      0   101
            0     0     0    0    0        0       0      0      0   100
            1    97     0    3    0        0       0     98      0     0
23:08:56  all    98     0    2    0        0       0     98      0   100
            0     0     0    0    0        0       0      0      0   100
            1    98     0    2    0        0       0     97      0     0
23:08:57  all    97     0    4    0        0       0     96      0    98
            0     1     0    0    0        0       0      0      0    99
            1    97     0    3    0        0       0     97      0     0
23:08:58  all   100     0    0    0        0       0    100      0   100
            0     0     0    0    0        0       0      0      0   100
            1    99     0    1    0        0       0    100      0     0
23:08:59  all    97     0    3    0        0       0     97      0   100
            0     0     0    0    0        0       0      0      0   100
            1    97     0    3    0        0       0     96      0     0
23:09:00  all    98     0    2    0        0       0     98      0    99
            0     0     0    0    0        0       0      0      0   100
            1    98     0    2    0        0       0     99      0     0
23:09:01  all    98     0    2    0        0       0     98      0   100
            0     0     0    0    0        0       0      0      0   100
            1    98     0    2    0        0       0     98      0     0
23:09:02  all    95     0    5    0        0       0     95      0   100
            0     0     0    0    0        0       0      0      0   100
            1    96     0    4    0        0       0     95      0     0
23:09:03  all    97     0    3    0        0       0     97      0   100
            0     0     0    0    0        0       0      0      0   100
            1    96     0    4    0        0       0     97      0     0
23:09:04  all   101     0    0    0        0       0    101      0    99
            0     0     0    0    0        0       0      0      0   100
            1   100     0    0    0        0       0    100      0     0
23:09:05  all   100     0    0    0        0       0     99      0   100
            0     0     0    0    0        0       0      0      0   100
            1   100     0    0    0        0       0     99      0     0
23:09:06  all   101     0    0    0        0       0    101      0    99
            0     0     0    0    0        0       0      0      0   100
            1   100     0    0    0        0       0    100      0     0
23:09:07  all    99     0    1    0        0       0    100      0   100
            0     0     0    0    0        0       0      0      0   100
            1   100     0    0    0        0       0    100      0     0
23:09:08  all   101     0    0    0        0       0    101      0    99
            0     0     0    0    0        0       0      0      0   100
            1   100     0    0    0        0       0    100      0     0
23:09:09  all   101     0    0    0        0       0    101      0    99
            0     0     0    0    0        0       0      0      0   100
            1    99     0    1    0        0       0     99      0     0
23:09:10  all   100     0    0    0        0       0    100      0   100
            0     0     0    0    0        0       0      0      0   100
            1   100     0    0    0        0       0    100      0     0
23:09:11  all   100     0    1    0        0       0     99      0    99
            0     0     0    1    0        0       0      0      0    99
            1   100     0    0    0        0       0    100      0     0
23:09:12  all   100     0    0    0        0       0    100      0   100
            0     0     0    0    0        0       0      0      0   100
            1   100     0    0    0        0       0    100      0     0
23:09:13  all   101     0    0    0        0       0    101      0    99
            0     0     0    0    0        0       0      0      0   100
            1   100     0    0    0        0       0    100      0     0
23:09:14  all   100     0    0    0        0       0    100      0   100
            0     0     0    0    0        0       0      0      0   100
            1   100     0    0    0        0       0    100      0     0
23:09:15  all   100     0    0    0        0       0    101      0   100
            0     0     0    0    0        0       0      0      0   100
            1    99     0    1    0        0       0     99      0     0
23:09:16  all   100     0    0    0        0       0    100      0   100
            0     0     0    0    0        0       0      0      0   100
            1   100     0    0    0        0       0    100      0     0
23:09:17  all   100     0    1    0        0       0     99      0    99
            0     0     0    0    0        0       0      0      0   100
            1   100     0    0    0        0       0    100      0     0
