
ubuntu  4.10.0-42-generic  #46~16.04.1-Ubuntu SMP Mon Dec 4 15:57:59 UTC 2017  x86_64  2018/01/31

-------------------------- analysis date: 2018/01/31 --------------------------

15:14:23  cpu  %usr %nice %sys %irq %softirq  %steal %guest  %wait %idle  _cpu_
15:14:24  all     0     0    0    0        0       0      0      1   199
            0     0     0    0    0        0       0      0      0   100
            1     0     0    0    0        0       0      0      1    99
15:14:25  all     1     0    1    0        0       0      0      0   198
            0     0     0    0    0        0       0      0      0   100
            1     0     0    1    0        0       0      0      0    99
15:14:26  all     0     0    0    0        0       0      0      0   200
            0     0     0    0    0        0       0      0      0   100
            1     0     0    0    0        0       0      0      0   100
15:14:27  all     0     0    0    0        0       0      0      0   200
            0     0     0    0    0        0       0      0      0   100
            1     0     0    0    0        0       0      0      0   100
15:14:28  all     0     0    0    0        0       0      0      0   200
            0     0     0    0    0        0       0      0      0   100
            1     0     0    0    0        0       0      0      0   100
15:14:29  all     0     0    0    0        0       0      0      0   200
            0     0     0    0    0        0       0      0      0   100
            1     0     0    0    0        0       0      0      0   100
15:14:30  all     0     0    0    0        0       0      0      0   200
            0     0     0    0    0        0       0      0      0   100
            1     0     0    0    0        0       0      0      0   100
15:14:31  all     0     0    0    0        0       0      0      0   200
            0     0     0    0    0        0       0      0      0   100
            1     0     0    0    0        0       0      0      0   100
15:14:32  all    32     0   25    0        1       0     33      1   142
            0    30     0    3    0        0       0     30      0    67
            1     0     0   23    0        1       0      1      1    75
15:14:33  all    42     0   38    0        7       0     42      0   114
            0    39     0   10    0        0       0     39      0    51
            1     0     0   29    0        7       0      0      0    63
15:14:34  all    42     0   41    0        7       0     41      0   110
            0    39     0   10    0        0       0     38      0    51
            1     0     0   31    0        8       0      0      0    61
15:14:35  all    43     0   39    0        6       0     44      0   112
            0    40     0    8    0        0       0     41      0    52
            1     0     0   33    0        7       0      0      0    60
15:14:36  all    44     0   35    0        8       0     43      0   113
            0    40     0    8    0        0       0     39      0    52
            1     0     0   29    0        8       0      0      0    62
15:14:37  all    45     0   36    0        5       0     46      0   114
            0    41     0    7    0        0       0     42      0    52
            1     0     0   31    0        6       0      0      0    63
15:14:38  all    45     0   34    0        7       0     44      1   113
            0    43     0    4    0        0       0     42      0    53
            1     0     0   31    0        7       0      0      1    61
15:14:39  all    47     0   35    0        4       0     47      0   114
            0    43     0    6    0        0       0     43      0    51
            1     0     0   32    0        5       0      0      0    63
15:14:40  all    43     0   39    0        6       0     43      0   112
            0    40     0    9    0        0       0     40      0    51
            1     0     0   31    0        7       0      0      0    62
15:14:41  all    42     0   38    0        7       0     43      0   113
            0    40     0    7    0        0       0     41      0    53
            1     0     0   32    0        7       0      0      0    61
15:14:42  all    46     0   34    0        7       0     46      0   114
            0    43     0    5    0        0       0     43      0    52
            1     0     0   31    0        7       0      0      0    62
15:14:43  all    46     0   37    0        4       0     45      0   112
            0    39     0    3    0        0       0     38      0    58
            1     6     0   36    0        5       0      5      0    53
15:14:44  all    38     0   34    0        9       0     40      1   118
            0    38     0    6    0        0       0     39      0    57
            1     0     0   27    0        9       0      0      1    62
15:14:45  all    43     0   35    0       10       0     42      0   112
            0    41     0    7    0        0       0     40      0    52
            1     0     0   30    0       10       0      0      0    60
15:14:46  all    41     0   39    0        4       0     42      0   116
            0    39     0    8    0        0       0     40      0    53
            1     0     0   32    0        5       0      0      0    63
15:14:47  all    45     0   41    0        6       0     45      0   108
            0    43     0    8    0        0       0     42      0    50
            1     0     0   34    0        7       0      0      0    59
15:14:48  all    46     0   35    0        5       0     46      0   114
            0    44     0    3    0        0       0     44      0    53
            1     0     0   33    0        6       0      0      0    61
15:14:49  all    45     0   37    0        7       0     45      0   111
            0    42     0    6    0        0       0     42      0    52
            1     0     0   33    0        8       0      0      0    59
15:14:50  all    43     0   38    0        8       0     42      0   112
            0    40     0    8    0        0       0     40      0    52
            1     0     0   31    0        8       0      0      0    61
15:14:51  all    47     0   36    0        6       0     48      0   111
            0    43     0    7    0        0       0     44      0    50
            1     0     0   31    0        7       0      0      0    62
15:14:52  all    37     0   40    0        7       0     37      0   116
            0    35     0   12    0        0       0     35      0    54
            1     0     0   30    0        7       0      0      0    63
15:14:53  all    47     0   37    0        3       0     46      0   113
            0    42     0    9    0        0       0     41      0    50
            1     0     0   31    0        4       0      0      0    65
15:14:54  all    43     0   36    0        9       0     44      0   112
            0    42     0    6    0        0       0     42      0    52
            1     0     0   31    0        9       0      0      0    60
15:14:55  all    45     0   39    0        4       0     44      0   112
            0    41     0    7    0        0       0     41      0    52
            1     0     0   34    0        5       0      0      0    62
15:14:56  all    42     0   38    0        7       0     43      0   114
            0    40     0    6    0        0       0     40      0    54
            1     0     0   33    0        7       0      0      0    60
15:14:57  all    42     0   34    0        8       0     42      0   116
            0    40     0    5    0        0       0     41      0    55
            1     0     0   30    0        8       0      0      0    62
15:14:58  all    43     0   36    0        5       0     42      0   116
            0    40     0    6    0        0       0     39      0    54
            1     0     0   31    0        5       0      0      0    64
15:14:59  all    41     0   39    0        7       0     42      0   113
            0    40     0    7    0        0       0     41      0    53
            1     0     0   34    0        7       0      0      0    60
15:15:00  all    43     0   38    0        4       0     43      0   114
            0    39     0    9    0        0       0     39      0    52
            1     0     0   31    0        5       0      0      0    64
15:15:01  all    43     0   40    0        4       0     43      0   113
            0    40     0    9    0        0       0     39      0    51
            1     0     0   33    0        5       0      0      0    62
15:15:02  all    41     0   43    0        4       0     41      0   112
            0    38     0   10    0        0       0     38      0    52
            1     0     0   34    0        5       0      0      0    61
15:15:03  all    42     0   39    0        6       0     41      0   112
            0    40     0    7    0        0       0     41      0    53
            1     0     0   33    0        7       0      0      0    60
15:15:04  all    43     0   39    0        4       0     43      0   114
            0    41     0    6    0        0       0     40      0    53
            1     0     0   34    0        5       0      0      0    62
15:15:05  all    40     0   39    0        9       0     41      0   112
            0    39     0    8    0        0       0     40      0    53
            1     0     0   33    0        9       0      0      0    58
15:15:06  all    42     0   38    0        7       0     40      0   114
            0    39     0    9    0        0       0     39      0    52
            1     0     0   31    0        7       0      0      0    62
15:15:07  all    41     0   38    0        5       0     42      0   116
            0    38     0    8    0        0       0     38      0    54
            1     0     0   30    0        5       0      0      0    65
15:15:08  all    42     0   35    0       11       0     42      0   112
            0    41     0    7    0        0       0     40      0    52
            1     0     0   30    0       11       0      0      0    59
15:15:09  all    46     0   40    0        7       0     46      0   107
            0    43     0    7    0        0       0     44      0    50
            1     0     0   34    0        8       0      0      0    58
15:15:10  all    47     0   33    0        7       0     46      0   114
            0    43     0    6    0        0       0     42      0    51
            1     0     0   30    0        7       0      0      0    63
15:15:11  all    40     0   39    0        6       0     40      0   116
            0    38     0    8    0        0       0     38      0    54
            1     0     0   32    0        6       0      0      0    62
15:15:12  all    41     0   36    0        9       0     41      0   114
            0    39     0    7    0        0       0     40      0    53
            1     0     0   29    0       10       0      0      0    62
15:15:13  all    40     0   39    0        4       0     40      0   116
            0    37     0    9    0        0       0     37      0    54
            1     0     0   31    0        5       0      0      0    64
15:15:14  all    42     0   39    0        8       0     42      0   110
            0    40     0    9    0        0       0     40      0    51
            1     0     0   31    0        9       0      0      0    60
15:15:15  all    43     0   32    0        6       0     45      0   119
            0    40     0    6    0        0       0     40      0    54
            1     0     0   28    0        6       0      0      0    65
15:15:16  all    41     0   44    0        5       0     41      0   109
            0    39     0   12    0        0       0     38      0    50
            1     0     0   34    0        6       0      0      0    60
15:15:17  all    44     0   34    0        8       0     44      0   114
            0    41     0    7    0        0       0     41      0    52
            1     0     0   29    0        8       0      0      0    63
15:15:18  all    46     0   35    0        3       0     45      0   116
            0    41     0    7    0        0       0     42      0    52
            1     0     0   30    0        4       0      0      0    66
15:15:19  all    44     0   38    0        6       0     45      0   112
            0    43     0    5    0        0       0     42      0    52
            1     0     0   34    0        7       0      0      0    60
15:15:20  all    44     0   34    0        7       0     42      0   116
            0    40     0    5    0        0       0     41      0    55
            1     0     0   30    0        7       0      0      0    63
15:15:21  all    42     0   42    0        8       0     42      0   108
            0    40     0    9    0        0       0     40      0    51
            1     0     0   34    0        9       0      0      0    57
15:15:22  all    43     0   36    0        8       0     43      0   114
            0    40     0    7    0        0       0     39      0    53
            1     0     0   30    0        8       0      0      0    62
15:15:23  all    45     0   37    0        4       0     45      0   114
            0    41     0    8    0        0       0     42      0    51
            1     0     0   32    0        5       0      0      0    63
15:15:24  all    43     0   35    0        8       0     44      0   114
            0    40     0    8    0        0       0     39      0    52
            1     0     0   28    0        9       0      0      0    63
15:15:25  all    45     0   36    0        7       0     45      0   113
            0    42     0    5    0        0       0     43      0    53
            1     0     0   31    0        7       0      0      0    62
15:15:26  all    45     0   32    0        7       0     45      0   116
            0    42     0    5    0        0       0     42      0    53
            1     0     0   29    0        7       0      0      0    64
15:15:27  all    50     0   34    0        4       0     49      0   112
            0    44     0    7    0        0       0     44      0    49
            1     0     0   31    0        5       0      0      0    64
15:15:28  all    42     0   37    0        7       0     42      0   114
            0    39     0    9    0        0       0     39      0    52
            1     0     0   30    0        7       0      0      0    63
15:15:29  all    42     0   40    0        6       0     42      0   112
            0    40     0    8    0        0       0     39      0    52
            1     0     0   32    0        7       0      0      0    61
15:15:30  all    44     0   38    0        8       0     46      0   109
            0    42     0    8    0        0       0     42      0    50
            1     0     0   31    0        9       0      0      0    60
15:15:31  all    46     0   35    0        4       0     45      0   114
            0    43     0    4    0        0       0     43      0    53
            1     0     0   33    0        5       0      0      0    62
15:15:32  all    40     0   42    0        4       0     42      0   114
            0    38     0   10    0        0       0     39      0    52
            1     0     0   34    0        5       0      0      0    61
15:15:33  all    42     0   44    0        4       0     42      0   109
            0    42     0    5    0        0       0     42      0    53
            1     0     0   38    0        4       0      0      0    58
15:15:34  all    43     0   39    0        4       0     43      0   114
            0    41     0    7    0        0       0     40      0    52
            1     0     0   34    0        5       0      0      0    61
15:15:35  all    44     0   34    0        7       0     44      1   114
            0    41     0    5    0        0       0     42      0    54
            1     0     0   31    0        7       0      0      1    61
15:15:36  all    43     0   40    0        5       0     42      0   112
            0    40     0    8    0        0       0     39      0    52
            1     0     0   33    0        6       0      0      0    62
15:15:37  all    40     0   37    0        7       0     41      0   116
            0    38     0    8    0        0       0     39      0    55
            1     0     0   31    0        7       0      0      0    62
15:15:38  all    44     0   37    0        5       0     44      0   113
            0    41     0    6    0        0       0     41      0    53
            1     0     0   33    0        6       0      0      0    61
15:15:39  all    47     0   38    0        6       0     46      0   109
            0    45     0    6    0        0       0     44      0    50
            1     0     0   34    0        7       0      0      0    60
15:15:40  all    49     0   37    0        3       0     50      0   110
            0    44     0    8    0        0       0     45      0    49
            1     0     0   33    0        4       0      0      0    64
15:15:41  all    43     0   38    0        5       0     43      0   113
            0    41     0    8    0        0       0     40      0    51
            1     0     0   32    0        6       0      0      0    62
15:15:42  all    44     0   36    0        7       0     44      0   113
            0    41     0    6    0        0       0     41      0    53
            1     0     0   31    0        7       0      0      0    62
15:15:43  all    42     0   36    0        5       0     41      0   118
            0    38     0    9    0        0       0     39      0    53
            1     0     0   31    0        5       0      0      0    64
15:15:44  all    44     0   37    0        5       0     44      0   113
            0    40     0    8    0        0       0     40      0    52
            1     0     0   31    0        6       0      0      0    63
15:15:45  all    45     0   34    0        9       0     45      0   112
            0    42     0    6    0        0       0     42      0    52
            1     0     0   31    0        9       0      0      0    60
15:15:46  all    43     0   43    0        4       0     43      0   109
            0    42     0    7    0        0       0     41      0    51
            1     0     0   37    0        4       0      0      0    58
15:15:47  all    43     0   34    0        8       0     43      0   115
            0    41     0    6    0        0       0     42      0    53
            1     0     0   29    0        8       0      0      0    62
15:15:48  all    42     0   37    0        5       0     43      0   116
            0    39     0    6    0        0       0     39      0    54
            1     0     0   32    0        5       0      0      0    63
15:15:49  all    49     0   31    0        7       0     49      0   113
            0    45     0    5    0        0       0     45      0    50
            1     0     0   28    0        7       0      0      0    65
15:15:50  all    47     0   34    0        7       0     47      0   113
            0    43     0    6    0        0       0     43      0    51
            1     0     0   30    0        7       0      0      0    63
15:15:51  all    39     0   39    0        8       0     39      0   114
            0    39     0    8    0        0       0     38      0    53
            1     0     0   32    0        8       0      0      0    60
15:15:52  all    49     0   34    0        5       0     48      0   112
            0    44     0    5    0        0       0     45      0    51
            1     0     0   30    0        6       0      0      0    64
15:15:53  all    48     0   37    0        6       0     48      0   109
            0    44     0    7    0        0       0     44      0    49
            1     0     0   33    0        7       0      0      0    60
15:15:54  all    44     0   37    0        4       0     44      0   115
            0    40     0    9    0        0       0     39      0    51
            1     0     0   30    0        5       0      0      0    65
15:15:55  all    47     0   30    0        6       0     47      0   117
            0    42     0    7    0        0       0     42      0    51
            1     0     0   27    0        6       0      0      0    67
15:15:56  all    50     0   33    0        5       0     51      0   112
            0    46     0    4    0        0       0     47      0    50
            1     0     0   30    0        6       0      0      0    63
15:15:57  all    46     0   36    0        4       0     46      0   114
            0    43     0    6    0        0       0     43      0    51
            1     0     0   32    0        5       0      0      0    63
15:15:58  all    43     0   40    0        7       0     42      0   110
            0    41     0    6    0        0       0     40      0    53
            1     0     0   34    0        8       0      0      0    58
15:15:59  all    49     0   31    0        4       0     49      0   116
            0    44     0    5    0        0       0     44      0    51
            1     0     0   29    0        5       0      0      0    66
15:16:00  all    43     0   33    0        5       0     43      0   120
            0    38     0    9    0        0       0     39      0    53
            1     0     0   24    0        5       0      0      0    70
15:16:01  all    43     0   33    0        6       0     44      0   118
            0    40     0    6    0        0       0     40      0    54
            1     0     0   29    0        6       0      0      0    65
15:16:02  all    41     0   37    0        5       0     41      0   118
            0    37     0   10    0        0       0     37      0    53
            1     0     0   29    0        5       0      0      0    66
15:16:03  all    43     0   36    0        8       0     43      0   113
            0    42     0    6    0        0       0     41      0    52
            1     0     0   31    0        8       0      0      0    61
15:16:04  all    48     0   35    0        3       0     48      0   113
            0    43     0    6    0        0       0     44      0    51
            1     0     0   32    0        4       0      0      0    64
15:16:05  all    45     0   34    0        9       0     45      0   113
            0    42     0    7    0        0       0     42      0    51
            1     0     0   28    0        9       0      0      0    62
15:16:06  all    42     0   35    0        9       0     42      0   114
            0    40     0    6    0        0       0     40      0    54
            1     0     0   30    0        9       0      0      0    61
15:16:07  all    46     0   39    0        6       0     45      0   108
            0    44     0    5    0        0       0     44      0    51
            1     0     0   36    0        7       0      0      0    58
15:16:08  all    46     0   38    0        6       0     47      0   110
            0    42     0    8    0        0       0     42      0    50
            1     0     0   32    0        7       0      0      0    61
15:16:09  all    43     0   39    0        7       0     42      1   110
            0    41     0    8    0        0       0     40      0    51
            1     0     0   31    0        8       0      0      1    60
15:16:10  all    46     0   32    0        7       0     48      0   115
            0    42     0    7    0        0       0     43      0    51
            1     0     0   28    0        8       0      0      0    65
15:16:11  all    48     0   37    0        4       0     48      0   111
            0    45     0    3    0        0       0     45      0    52
            1     0     0   35    0        5       0      0      0    60
15:16:12  all    49     0   38    0        5       0     49      0   108
            0    45     0    7    0        0       0     45      0    48
            1     0     0   34    0        6       0      0      0    60
15:16:13  all    48     0   31    0        8       0     48      0   114
            0    43     0    8    0        0       0     42      0    50
            1     0     0   25    0        9       0      0      0    66
15:16:14  all    43     0   33    0        8       0     43      0   116
            0    39     0    9    0        0       0     40      0    52
            1     0     0   26    0        9       0      0      0    65
15:16:15  all    46     0   32    0        6       0     46      0   116
            0    43     0    5    0        0       0     42      0    52
            1     0     0   28    0        6       0      0      0    65
15:16:16  all    46     0   35    0        8       0     45      0   111
            0    43     0    5    0        0       0     44      0    52
            1     0     0   32    0        8       0      0      0    60
15:16:17  all    38     0   40    0        6       0     40      0   116
            0    37     0    9    0        0       0     37      0    55
            1     0     0   32    0        6       0      0      0    62
15:16:18  all    44     0   41    0        5       0     44      0   109
            0    42     0    8    0        0       0     42      0    50
            1     0     0   34    0        6       0      0      0    60
15:16:19  all    45     0   41    0        6       0     44      0   108
            0    42     0   10    0        0       0     41      0    49
            1     0     0   35    0        7       0      0      0    58
15:16:20  all    44     0   36    0        7       0     44      0   113
            0    41     0    6    0        0       0     41      0    53
            1     0     0   31    0        7       0      0      0    62
15:16:21  all    42     0   33    0        7       0     43      0   118
            0    40     0    5    0        0       0     41      0    54
            1     0     0   29    0        7       0      0      0    63
15:16:22  all    47     0   34    0        8       0     47      0   112
            0    43     0    7    0        0       0     42      0    50
            1     0     0   29    0        8       0      0      0    63
15:16:23  all    43     0   40    0        6       0     43      0   110
            0    41     0   10    0        0       0     41      0    49
            1     0     0   31    0        7       0      0      0    62
15:16:24  all    45     0   35    0        3       0     45      0   116
            0    41     0    6    0        0       0     42      0    53
            1     0     0   32    0        4       0      0      0    65
15:16:25  all    44     0   40    0        6       0     43      0   110
            0    42     0    7    0        0       0     42      0    51
            1     0     0   34    0        7       0      0      0    60
15:16:26  all    47     0   32    0        7       0     47      0   114
            0    43     0    5    0        0       0     43      0    52
            1     0     0   28    0        7       0      0      0    64
15:16:27  all    43     0   39    0        4       0     44      0   114
            0    40     0    8    0        0       0     39      0    52
            1     0     0   34    0        5       0      0      0    61
15:16:28  all    48     0   37    0        4       0     47      0   111
            0    44     0    6    0        0       0     45      0    50
            1     0     0   32    0        5       0      0      0    63
15:16:29  all    50     0   31    0        5       0     51      0   114
            0    46     0    3    0        0       0     46      0    51
            1     0     0   30    0        6       0      0      0    64
15:16:30  all    44     0   39    0        5       0     44      0   111
            0    42     0    6    0        0       0     41      0    52
            1     0     0   34    0        6       0      0      0    60
15:16:31  all    45     0   39    0        6       0     45      0   110
            0    42     0    8    0        0       0     42      0    50
            1     0     0   32    0        7       0      0      0    61
15:16:32  all    17     0   13    0        3       0     16      0   167
            0    15     0    4    0        0       0     15      0    80
            1     0     0   10    0        3       0      0      0    87
15:16:33  all     0     0    0    0        0       0      0      0   200
            0     0     0    0    0        0       0      0      0   100
            1     0     0    0    0        0       0      0      0   100
15:16:34  all     0     0    0    0        0       0      0      0   200
            0     0     0    0    0        0       0      0      0   100
            1     0     0    0    0        0       0      0      0   100
15:16:35  all     0     0    1    0        0       0      0      0   199
            0     0     0    0    0        0       0      0      0   100
            1     0     0    1    0        0       0      0      0    99
15:16:36  all     0     0    0    0        0       0      0      0   200
            0     0     0    0    0        0       0      0      0   100
            1     0     0    0    0        0       0      0      0   100
15:16:37  all     0     0    0    0        0       0      1      0   200
            0     0     0    0    0        0       0      1      0   100
            1     0     0    0    0        0       0      0      0   100
15:16:38  all     0     0    0    0        0       0      0      0   200
            0     0     0    0    0        0       0      0      0   100
            1     0     0    0    0        0       0      0      0   100
15:16:39  all     0     0    0    0        0       0      0      0   200
            0     0     0    0    0        0       0      0      0   100
            1     0     0    0    0        0       0      0      0   100
