
n41  4.10.1-itri  #1 SMP Sat Mar 3 20:34:58 EST 2018  x86_64  2018/03/21

-------------------------- analysis date: 2018/03/21 --------------------------

23:38:05  cpu  %usr %nice %sys %irq %softirq  %steal %guest  %wait %idle  _cpu_
23:38:06  all   100     0    1    0        0       0    100      0    99
            0     0     0    0    0        0       0      0      0   100
            1   100     0    0    0        0       0    100      0     0
23:38:07  all   100     0    1    0        0       0     99      0   100
            0     1     0    1    0        0       0      0      0    98
            1    98     0    2    0        0       0     98      0     0
23:38:08  all   101     0    0    0        0       0    101      0    99
            0     0     0    0    0        0       0      0      0   100
            1   100     0    0    0        0       0    100      0     0
23:38:09  all    98     0    3    0        0       0     98      0   100
            0     1     0    0    0        0       0      0      0    99
            1    98     0    2    0        0       0     97      0     0
23:38:10  all   101     0    0    0        0       0    101      0    99
            0     0     0    0    0        0       0      0      0   100
            1   100     0    0    0        0       0    100      0     0
23:38:11  all    98     0    2    0        0       0     97      0    99
            0     0     0    0    0        0       0      0      0   100
            1    98     0    2    0        0       0     99      0     0
23:38:12  all   100     0    0    0        0       0    100      0   100
            0     0     0    0    0        0       0      0      0   100
            1   100     0    0    0        0       0    100      0     0
23:38:13  all   101     0    0    0        0       0    101      0    99
            0     0     0    0    0        0       0      0      0   100
            1   100     0    0    0        0       0    100      0     0
23:38:14  all    96     0    4    0        0       0     94      0   100
            0     0     0    0    0        0       0      0      0   100
            1    96     0    4    0        0       0     94      0     0
23:38:15  all    94     0    5    0        1       0     95      0    99
            0     0     0    0    0        0       0      0      1    99
            1    95     0    5    0        0       0     94      0     0
23:38:16  all    56     0   38    0        7       0     36      0    99
            0     0     0    0    0        0       0      0      0   100
            1    54     0   39    0        7       0     37      0     0
23:38:17  all    43     0   44    0       13       0     26      0    99
            0     0     0    0    0        0       0      0      0   100
            1    44     0   43    0       14       0     26      0     0
23:38:18  all    38     0   51    0       11       0     21      0   100
            0     0     0    0    0        0       0      0      0   100
            1    38     0   52    0       10       0     21      0     0
23:38:19  all    55     0   36    0        8       0     33      0   101
            0     0     0    0    0        0       0      0      0   100
            1    55     0   36    0        9       0     32      0     0
23:38:20  all    44     0   42    0       14       0     24      0   100
            0     0     0    0    0        0       0      0      0   100
            1    44     0   43    0       14       0     24      0     0
23:38:21  all    40     0   47    0       14       0     24      0    99
            0     0     0    0    0        0       0      0      0   100
            1    40     0   46    0       13       0     24      0     0
23:38:22  all    44     0   47    0        8       0     28      0   101
            0     0     0    0    0        0       0      0      0   100
            1    44     0   48    0        8       0     29      0     0
23:38:23  all    44     0   47    0        9       0     23      0   100
            0     0     0    0    0        0       0      0      0   100
            1    44     0   47    0       10       0     23      0     0
23:38:24  all    44     0   43    0       13       0     20      0    99
            0     0     0    0    0        0       0      0      0   100
            1    44     0   43    0       12       0     20      0     0
23:38:25  all    44     0   45    0       12       0     20      0   100
            0     0     0    0    0        0       0      0      0   100
            1    44     0   44    0       12       0     20      0     0
23:38:26  all    44     0   47    0        9       0     24      0   100
            0     0     0    0    0        0       0      0      0   100
            1    44     0   47    0        9       0     24      0     0
23:38:27  all    44     0   42    0       13       0     27      0   101
            0     0     0    0    0        0       0      0      0   100
            1    44     0   43    0       14       0     27      0     0
23:38:28  all    44     0   48    0        9       0     27      0    99
            0     0     0    0    0        0       0      0      0   100
            1    43     0   48    0        8       0     27      0     0
23:38:29  all    46     0   47    0        7       0     25      0   100
            0     0     0    0    0        0       0      0      0   100
            1    46     0   47    0        7       0     25      0     0
23:38:30  all    40     0   46    0       13       0     24      0   100
            0     0     0    0    0        0       0      0      0   100
            1    41     0   46    0       14       0     24      0     0
23:38:31  all    36     0   49    0       16       0     21      0   100
            0     0     0    0    0        0       0      0      0   100
            1    36     0   48    0       15       0     21      0     0
23:38:32  all    36     0   48    0       16       0     22      0   100
            0     0     0    0    0        0       0      0      0   100
            1    36     0   48    0       16       0     22      0     0
23:38:33  all    48     0   41    0       11       0     30      0   100
            0     0     0    0    0        0       0      0      0   100
            1    47     0   42    0       11       0     30      0     0
23:38:34  all    36     0   48    0       16       0     23      0    99
            0     0     0    0    0        0       0      0      0   100
            1    37     0   47    0       16       0     23      0     0
23:38:35  all    39     0   50    0       10       0     25      0   101
            0     0     0    0    0        0       0      0      0   100
            1    39     0   50    0       11       0     25      0     0
23:38:36  all    43     0   48    0       10       0     23      0   100
            0     0     0    0    0        0       0      0      0   100
            1    42     0   47    0       10       0     23      0     0
23:38:37  all    39     0   43    0       18       0     23      0    99
            0     0     0    0    0        0       0      0      0   100
            1    40     0   44    0       17       0     23      0     0
23:38:38  all    40     0   50    0       10       0     21      0   100
            0     0     0    0    0        0       0      0      0   100
            1    40     0   49    0       10       0     21      0     0
23:38:39  all    41     0   44    0       14       0     24      0   101
            0     0     0    0    0        0       0      0      0   100
            1    41     0   45    0       14       0     24      0     0
23:38:40  all    44     0   42    0       14       0     30      0   100
            0     0     0    0    0        0       0      0      0   100
            1    44     0   42    0       14       0     29      0     0
23:38:41  all    42     0   47    0       12       0     26      0    99
            0     0     0    0    0        0       0      0      0   100
            1    41     0   46    0       13       0     27      0     0
23:38:42  all    40     0   49    0       11       0     26      0   100
            0     0     0    0    0        0       0      0      0   100
            1    41     0   49    0       10       0     26      0     0
23:38:43  all    40     0   51    0        9       0     26      0   100
            0     0     0    0    0        0       0      0      0   100
            1    39     0   51    0       10       0     25      0     0
23:38:44  all    41     0   48    0       11       0     24      0    99
            0     0     0    0    0        0       0      0      0   100
            1    42     0   48    0       10       0     25      0     0
23:38:45  all    37     0   46    0       17       0     23      0   100
            0     0     0    0    0        0       0      0      0   100
            1    37     0   47    0       17       0     23      0     0
23:38:46  all    37     0   49    0       14       0     24      0   100
            0     0     0    0    0        0       0      0      0   100
            1    37     0   49    0       14       0     24      0     0
23:38:47  all    40     0   50    0       10       0     21      0   100
            0     0     0    0    0        0       0      0      0   100
            1    40     0   50    0       10       0     20      0     0
23:38:48  all    40     0   44    0       16       0     20      0    99
            0     0     0    0    0        0       0      0      0   100
            1    40     0   44    0       16       0     21      0     0
23:38:49  all    45     0   50    0        5       0     29      0   100
            0     0     0    0    0        0       0      0      0   100
            1    44     0   49    0        6       0     29      0     0
23:38:50  all    47     0   47    0        6       0     29      0   100
            0     0     0    0    0        0       0      0      0   100
            1    48     0   47    0        6       0     29      0     0
23:38:51  all    47     0   44    0        9       0     34      0    99
            0     0     0    0    0        0       0      0      0   100
            1    47     0   44    0        8       0     34      0     0
23:38:52  all    38     0   45    0       17       0     26      0   100
            0     0     0    0    0        0       0      0      0   100
            1    37     0   45    0       18       0     26      0     0
23:38:53  all    39     0   48    0       13       0     24      0   100
            0     0     0    0    0        0       0      0      0   100
            1    40     0   48    0       12       0     23      0     0
23:38:54  all    33     0   51    0       16       0     19      0   100
            0     0     0    0    0        0       0      0      0   100
            1    32     0   51    0       17       0     20      0     0
23:38:55  all    37     0   46    0       17       0     25      0    99
            0     0     0    0    0        0       0      0      0   100
            1    38     0   46    0       17       0     25      0     0
23:38:56  all    43     0   48    0        8       0     24      0   101
            0     0     0    0    0        0       0      0      0   100
            1    43     0   49    0        8       0     24      0     0
23:38:57  all    34     0   52    0       15       0     20      0   100
            0     0     0    0    0        0       0      0      0   100
            1    34     0   52    0       14       0     19      0     0
23:38:58  all    40     0   47    0       13       0     20      0    99
            0     0     0    0    0        0       0      0      0   100
            1    39     0   48    0       13       0     21      0     0
23:38:59  all    38     0   48    0       13       0     24      0   101
            0     0     0    0    0        0       0      0      0   100
            1    39     0   47    0       14       0     24      0     0
23:39:00  all    37     0   54    0       10       0     25      0   100
            0     0     0    0    0        0       0      0      0   100
            1    37     0   54    0        9       0     25      0     0
23:39:01  all    43     0   43    0       13       0     26      1   100
            0     0     0    0    0        0       0      0      0   100
            1    43     0   44    0       14       0     26      0     0
23:39:02  all    37     0   49    0       14       0     23      0    99
            0     0     0    0    0        0       0      0      0   100
            1    37     0   49    0       14       0     23      0     0
23:39:03  all    42     0   46    0       12       0     28      0   100
            0     0     0    0    0        0       0      0      0   100
            1    42     0   46    0       12       0     28      0     0
23:39:04  all    43     0   44    0       14       0     26      0   100
            0     0     0    0    0        0       0      0      0   100
            1    42     0   44    0       13       0     26      0     0
23:39:05  all    38     0   51    0       11       0     24      0   100
            0     0     0    0    0        0       0      0      0   100
            1    39     0   50    0       11       0     24      0     0
23:39:06  all    45     0   45    0       11       0     26      0   100
            0     0     0    0    0        0       0      0      0   100
            1    45     0   44    0       12       0     25      0     0
23:39:07  all    37     0   50    0       13       0     24      0   100
            0     0     0    0    0        0       0      0      0   100
            1    37     0   51    0       12       0     25      0     0
23:39:08  all    37     0   51    0       12       0     21      0   100
            0     0     0    0    0        0       0      0      0   100
            1    37     0   51    0       12       0     21      0     0
23:39:09  all    36     0   50    0       14       0     21      0    99
            0     0     0    0    0        0       0      0      0   100
            1    36     0   50    0       14       0     21      0     0
23:39:10  all    45     0   42    0       13       0     28      0   100
            0     0     0    0    0        0       0      0      0   100
            1    45     0   41    0       13       0     28      0     0
23:39:11  all    41     0   48    0       11       0     25      0    99
            0     0     0    0    0        0       0      0      0   100
            1    41     0   48    0       11       0     25      0     0
23:39:12  all    37     0   51    0       11       0     19      0   101
            0     0     0    0    0        0       0      0      0   100
            1    37     0   51    0       12       0     18      0     0
23:39:13  all    44     0   47    0       11       0     28      0    99
            0     0     0    0    0        0       0      0      0   100
            1    43     0   46    0       10       0     28      0     0
23:39:14  all    41     0   47    0       11       0     23      0   101
            0     0     0    0    0        0       0      0      0   100
            1    42     0   47    0       12       0     24      0     0
23:39:15  all    47     0   49    0       13       0     25      0    91
            0     4     0    5    0        0       0      0      0    91
            1    43     0   44    0       12       0     25      0     0
23:39:16  all    44     0   43    0       13       0     31      0   100
            0     0     0    0    0        0       0      0      0   100
            1    44     0   43    0       13       0     31      0     0
23:39:17  all    35     0   50    0       15       0     22      0   101
            0     0     0    0    0        0       0      0      0   100
            1    35     0   50    0       16       0     22      0     0
23:39:18  all    42     0   48    0       11       0     25      0   100
            0     0     0    0    0        0       0      0      0   100
            1    42     0   47    0       11       0     24      0     0
23:39:19  all    43     0   45    0       12       0     26      0   100
            0     0     0    0    0        0       0      0      0   100
            1    43     0   45    0       11       0     27      0     0
23:39:20  all    44     0   43    0       13       0     22      0   100
            0     0     0    0    0        0       0      0      0   100
            1    43     0   44    0       13       0     22      0     0
23:39:21  all    41     0   50    0       10       0     24      0    99
            0     0     0    0    0        0       0      0      0   100
            1    42     0   49    0       10       0     23      0     0
23:39:22  all    38     0   49    0       12       0     23      0   101
            0     0     0    0    0        0       0      0      0   100
            1    38     0   49    0       12       0     24      0     0
23:39:23  all    46     0   41    0       14       0     25      0    99
            0     0     0    0    0        0       0      0      0   100
            1    45     0   41    0       14       0     25      0     0
23:39:24  all    39     0   50    0       10       0     22      0   101
            0     0     0    0    0        0       0      0      0   100
            1    40     0   50    0       10       0     22      0     0
23:39:25  all    38     0   49    0       13       0     27      0   100
            0     0     0    0    0        0       0      0      0   100
            1    38     0   49    0       13       0     27      0     0
23:39:26  all    44     0   44    0       12       0     27      0   100
            0     0     0    0    0        0       0      0      0   100
            1    44     0   44    0       13       0     27      0     0
23:39:27  all    43     0   43    0       15       0     26      0    99
            0     0     0    0    0        0       0      0      0   100
            1    42     0   43    0       14       0     26      0     0
23:39:28  all    36     0   47    0       16       0     20      0   101
            0     0     0    0    0        0       0      0      0   100
            1    37     0   47    0       16       0     20      0     0
23:39:29  all    37     0   52    0       11       0     19      0    99
            0     0     0    0    0        0       0      0      0   100
            1    37     0   51    0       12       0     19      0     0
23:39:30  all    45     0   45    0       11       0     26      0   100
            0     0     0    0    0        0       0      0      0   100
            1    44     0   45    0       10       0     26      0     0
23:39:31  all    39     0   48    0       13       0     24      0   100
            0     0     0    0    0        0       0      0      0   100
            1    39     0   48    0       13       0     24      0     0
23:39:32  all    38     0   46    0       15       0     23      0   101
            0     0     0    0    0        0       0      0      0   100
            1    38     0   46    0       16       0     22      0     0
23:39:33  all    39     0   47    0       14       0     22      0   100
            0     0     0    0    0        0       0      0      0   100
            1    39     0   47    0       14       0     23      0     0
23:39:34  all    35     0   51    0       15       0     21      0    99
            0     0     0    0    0        0       0      0      0   100
            1    35     0   50    0       15       0     21      0     0
23:39:35  all    35     0   51    0       13       0     19      0   101
            0     0     0    0    0        0       0      0      0   100
            1    36     0   52    0       12       0     19      0     0
23:39:36  all    46     0   40    0       15       0     29      0   100
            0     0     0    0    0        0       0      0      0   100
            1    45     0   40    0       16       0     29      0     0
23:39:37  all    39     0   47    0       14       0     21      0    99
            0     0     0    0    0        0       0      0      0   100
            1    39     0   47    0       13       0     20      0     0
23:39:38  all    39     0   50    0       11       0     23      0   100
            0     0     0    0    0        0       0      0      0   100
            1    39     0   49    0       12       0     24      0     0
23:39:39  all    44     0   47    0        8       0     25      0   101
            0     0     0    0    0        0       0      0      0   100
            1    45     0   48    0        8       0     25      0     0
23:39:40  all    43     0   45    0       13       0     25      0   100
            0     0     0    0    0        0       0      0      0   100
            1    42     0   45    0       12       0     25      0     0
23:39:41  all    33     0   52    0       15       0     17      0    99
            0     0     0    0    0        0       0      0      0   100
            1    33     0   52    0       15       0     17      0     0
23:39:42  all    36     0   49    0       14       0     26      0   101
            0     0     0    0    0        0       0      0      0   100
            1    37     0   49    0       14       0     26      0     0
23:39:43  all    41     0   49    0       10       0     25      0   100
            0     0     0    0    0        0       0      0      0   100
            1    40     0   49    0       11       0     25      0     0
23:39:44  all    39     0   46    0       16       0     23      0    99
            0     0     0    0    0        0       0      0      0   100
            1    40     0   45    0       15       0     23      0     0
23:39:45  all    40     0   46    0       13       0     26      0   101
            0     0     0    0    0        0       0      0      0   100
            1    40     0   47    0       14       0     26      0     0
23:39:46  all    43     0   45    0       13       0     26      0   100
            0     0     0    0    0        0       0      0      0   100
            1    43     0   45    0       12       0     26      0     0
23:39:47  all    44     0   43    0       13       0     28      0   100
            0     0     0    0    0        0       0      0      0   100
            1    44     0   42    0       13       0     27      0     0
23:39:48  all    42     0   43    0       15       0     26      0    99
            0     0     0    0    0        0       0      0      0   100
            1    42     0   44    0       15       0     27      0     0
23:39:49  all    37     0   51    0       12       0     23      0   100
            0     0     0    0    0        0       0      0      0   100
            1    37     0   51    0       12       0     23      0     0
23:39:50  all    42     0   48    0        9       0     27      0   100
            0     0     0    0    0        0       0      0      0   100
            1    42     0   49    0        9       0     26      0     0
23:39:51  all    38     0   46    0       16       0     25      1   100
            0     0     0    0    0        0       0      0      1    99
            1    38     0   46    0       17       0     26      0     0
23:39:52  all    35     0   49    0       17       0     17      0   100
            0     0     0    0    0        0       0      0      0   100
            1    34     0   49    0       16       0     17      0     0
23:39:53  all    36     0   52    0       12       0     20      0    99
            0     0     0    0    0        0       0      0      0   100
            1    36     0   52    0       12       0     20      0     0
23:39:54  all    98     0    1    0        0       0     97      0   101
            0     0     0    0    0        0       0      0      0   100
            1    98     0    1    0        1       0     97      0     0
23:39:55  all   101     0    0    0        0       0    101      0    99
            0     0     0    0    0        0       0      0      0   100
            1   100     0    0    0        0       0    100      0     0
23:39:56  all   100     0    0    0        0       0    100      0   100
            0     0     0    0    0        0       0      0      0   100
            1   100     0    0    0        0       0    100      0     0
23:39:57  all   101     0    0    0        0       0    101      0    99
            0     0     0    0    0        0       0      0      0   100
            1   100     0    0    0        0       0    100      0     0
23:39:58  all   100     0    1    0        0       0    100      0    99
            0     0     0    1    0        0       0      0      0    99
            1   100     0    0    0        0       0    100      0     0
23:39:59  all   100     0    0    0        0       0    100      0   100
            0     1     0    0    0        0       0      0      0    99
            1   100     0    0    0        0       0    100      0     0
23:40:00  all    99     0    1    0        0       0     99      0    99
            0     0     0    0    0        0       0      0      0   100
            1    99     0    1    0        0       0     99      0     0
23:40:01  all   100     0    0    0        0       0    100      0   100
            0     0     0    0    0        0       0      0      0   100
            1   100     0    0    0        0       0    100      0     0
23:40:02  all    98     0    4    0        0       0     98      0    99
            0     0     0    1    0        0       0      0      0    99
            1    97     0    3    0        0       0     96      0     0
23:40:03  all   100     0    0    0        0       0    100      0   100
            0     1     0    0    0        0       0      0      0    99
            1   100     0    0    0        0       0    100      0     0
