
ubuntu  4.10.0-42-generic  #46~16.04.1-Ubuntu SMP Mon Dec 4 15:57:59 UTC 2017  x86_64  2018/01/31

-------------------------- analysis date: 2018/01/31 --------------------------

15:27:24  cpu  %usr %nice %sys %irq %softirq  %steal %guest  %wait %idle  _cpu_
15:27:25  all     0     0    0    0        0       0      0      0   100
15:27:26  all     1     0    0    0        0       0      0      0    99
15:27:27  all     0     0    0    0        0       0      0      0   100
15:27:28  all     0     0    0    0        0       0      0      1    99
15:27:29  all     0     0    1    0        0       0      0      0    99
15:27:30  all    27     0   26    0       13       0     25      0    33
15:27:31  all    37     0   43    0       21       0     36      0     0
15:27:32  all    36     0   41    0       22       0     36      0     0
15:27:33  all    33     0   48    0       20       0     33      0     0
15:27:34  all    31     0   46    0       23       0     31      0     0
15:27:35  all    36     0   42    0       21       0     36      0     0
15:27:36  all    35     0   42    0       24       0     34      0     0
15:27:37  all    32     0   46    0       22       0     32      0     0
15:27:38  all    26     0   47    0       26       0     27      0     0
15:27:39  all    34     0   42    0       24       0     33      0     0
15:27:40  all    27     0   51    0       22       0     28      0     0
15:27:41  all    34     0   43    0       24       0     33      0     0
15:27:42  all    39     0   34    0       26       0     40      0     0
15:27:43  all    35     0   47    0       19       0     34      0     0
15:27:44  all    33     0   43    0       23       0     33      0     0
15:27:45  all    37     0   40    0       24       0     38      0     0
15:27:46  all    34     0   42    0       24       0     33      0     0
15:27:47  all    30     0   50    0       20       0     31      0     0
15:27:48  all    30     0   51    0       19       0     29      0     0
15:27:49  all    34     0   46    0       19       0     35      0     0
15:27:50  all    31     0   49    0       20       0     31      0     0
15:27:51  all    31     0   46    0       24       0     31      0     0
15:27:52  all    34     0   45    0       21       0     33      0     0
15:27:53  all    28     0   47    0       25       0     29      0     0
15:27:54  all    40     0   41    0       19       0     39      0     0
15:27:55  all    33     0   44    0       23       0     34      0     0
15:27:56  all    35     0   39    0       25       0     35      0     0
15:27:57  all    35     0   44    0       22       0     35      0     0
15:27:58  all    35     0   44    0       20       0     35      0     0
15:27:59  all    33     0   47    0       21       0     33      0     0
15:28:00  all    37     0   39    0       24       0     36      0     0
15:28:01  all    34     0   46    0       19       0     35      0     0
15:28:02  all    38     0   42    0       21       0     37      0     0
15:28:03  all    34     0   44    0       22       0     34      0     0
15:28:04  all    37     0   41    0       22       0     38      0     0
15:28:05  all    29     0   48    0       23       0     28      0     0
15:28:06  all    32     0   42    0       25       0     33      0     0
15:28:07  all    33     0   47    0       20       0     32      0     0
15:28:08  all    37     0   42    0       22       0     37      0     0
15:28:09  all    29     0   46    0       25       0     29      0     0
15:28:10  all    33     0   39    0       27       0     34      0     0
15:28:11  all    34     0   46    0       20       0     34      0     0
15:28:12  all    34     0   39    0       28       0     33      0     0
15:28:13  all    31     0   44    0       25       0     31      0     0
15:28:14  all    36     0   46    0       17       0     37      0     0
15:28:15  all    34     0   47    0       20       0     34      0     0
15:28:16  all    33     0   46    0       21       0     32      0     0
15:28:17  all    38     0   45    0       17       0     39      0     0
15:28:18  all    34     0   43    0       22       0     34      0     0
15:28:19  all    31     0   47    0       22       0     31      0     0
15:28:20  all    34     0   50    0       17       0     33      0     0
15:28:21  all    32     0   49    0       19       0     33      0     0
15:28:22  all    30     0   48    0       21       0     30      0     0
15:28:23  all    31     0   49    0       20       0     31      0     0
15:28:24  all    34     0   49    0       18       0     33      0     0
15:28:25  all    34     0   47    0       19       0     34      0     0
15:28:26  all    34     0   46    0       20       0     34      0     0
15:28:27  all    36     0   44    0       20       0     37      0     0
15:28:28  all    30     0   49    0       21       0     30      0     0
15:28:29  all    29     0   47    0       23       0     29      0     0
15:28:30  all    29     0   46    0       25       0     29      0     0
15:28:31  all    28     0   48    0       25       0     28      0     0
15:28:32  all    30     0   40    0       30       0     30      0     0
15:28:33  all    33     0   44    0       23       0     32      0     0
15:28:34  all    31     0   40    0       29       0     32      0     0
15:28:35  all    34     0   49    0       17       0     33      0     0
15:28:36  all    30     0   45    0       24       0     31      0     0
15:28:37  all    33     0   45    0       23       0     32      0     0
15:28:38  all    29     0   45    0       25       0     30      0     0
15:28:39  all    30     0   49    0       21       0     30      0     0
15:28:40  all    33     0   45    0       22       0     33      0     0
15:28:41  all    35     0   43    0       23       0     35      0     0
15:28:42  all    34     0   51    0       15       0     33      0     0
15:28:43  all    37     0   44    0       19       0     37      0     0
15:28:44  all    35     0   47    0       17       0     36      0     0
15:28:45  all    33     0   41    0       26       0     33      0     0
15:28:46  all    36     0   46    0       18       0     35      0     0
15:28:47  all    35     0   43    0       23       0     35      0     0
15:28:48  all    33     0   41    0       26       0     34      0     0
15:28:49  all    37     0   41    0       22       0     33      0     0
15:28:50  all    30     0   43    0       26       0     31      0     0
15:28:51  all    33     0   42    0       26       0     33      0     0
15:28:52  all    31     0   48    0       20       0     31      0     0
15:28:53  all    34     0   48    0       18       0     34      0     0
15:28:54  all    32     0   47    0       22       0     31      0     0
15:28:55  all    36     0   41    0       23       0     36      0     0
15:28:56  all    32     0   52    0       16       0     33      0     0
15:28:57  all    37     0   38    0       26       0     37      0     0
15:28:58  all    35     0   40    0       24       0     35      0     0
15:28:59  all    35     0   49    0       17       0     35      0     0
15:29:00  all    31     0   46    0       22       0     31      0     0
15:29:01  all    31     0   42    0       27       0     31      0     0
15:29:02  all    30     0   45    0       26       0     30      0     0
15:29:03  all    33     0   44    0       22       0     33      0     0
15:29:04  all    32     0   42    0       26       0     32      0     0
15:29:05  all    32     0   46    0       22       0     32      0     0
15:29:06  all    37     0   40    0       24       0     37      0     0
15:29:07  all    33     0   45    0       21       0     33      0     0
15:29:08  all    33     0   43    0       25       0     33      0     0
15:29:09  all    36     0   46    0       18       0     36      0     0
15:29:10  all    34     0   45    0       20       0     34      0     0
15:29:11  all    33     0   46    0       21       0     33      0     0
15:29:12  all    29     0   52    0       19       0     29      0     0
15:29:13  all    34     0   39    0       26       0     34      0     0
15:29:14  all    34     0   45    0       21       0     34      0     0
15:29:15  all    35     0   41    0       24       0     35      0     0
15:29:16  all    33     0   45    0       22       0     33      0     0
15:29:17  all    30     0   51    0       19       0     30      0     0
15:29:18  all    34     0   43    0       22       0     34      0     0
15:29:19  all    34     0   40    0       26       0     34      0     0
15:29:20  all    31     0   45    0       24       0     31      0     0
15:29:21  all    29     0   51    0       20       0     29      0     0
15:29:22  all    37     0   42    0       22       0     37      0     0
15:29:23  all    35     0   49    0       16       0     35      0     0
15:29:24  all    40     0   40    0       20       0     40      0     0
15:29:25  all    32     0   50    0       19       0     32      0     0
15:29:26  all    29     0   47    0       24       0     29      0     0
15:29:27  all    31     0   46    0       23       0     31      0     0
15:29:28  all    40     0   41    0       20       0     40      0     0
15:29:29  all    35     0   41    0       23       0     35      0     0
15:29:30  all    13     0   16    0        9       0     12      0    62
15:29:31  all     0     0    0    0        0       0      0      0   100
15:29:32  all     0     0    0    0        0       0      0      0   100
15:29:33  all     0     0    0    0        0       0      0      0   100
15:29:34  all     0     0    0    0        0       0      0      0   100
15:29:35  all     0     0    1    0        0       0      1      0    99
15:29:36  all     0     0    0    0        0       0      0      0   100
15:29:37  all     0     0    0    0        0       0      0      0   100
15:29:38  all     0     0    0    0        0       0      0      0   100
