
o41  4.10.0-40-generic  #44~16.04.1-Ubuntu SMP Thu Nov 9 15:37:44 UTC 2017  x86_64  2017/11/29

-------------------------- analysis date: 2017/11/29 --------------------------

16:02:55  cpu  %usr %nice %sys %irq %softirq  %steal %guest  %wait %idle  _cpu_
16:02:56  all     0     0    0    0        0       0      0      0   100
16:02:57  all     0     0    1    0        0       0      0      0    99
16:02:58  all     5     0    3    0        0       0      4      2    91
16:02:59  all     3     0    1    0        0       0      3      0    96
16:03:00  all     0     0    1    0        0       0      0      0    99
16:03:01  all     2     0    0    0        0       0      2      0    98
16:03:02  all     1     0    0    0        0       0      0      0    99
16:03:03  all    18     0   13    0        5       0      6      0    65
16:03:04  all    24     0   21    0        8       0     12      0    47
16:03:05  all    22     0   19    0        6       0     11      0    52
16:03:06  all    19     0   20    0        1       0     12      0    60
16:03:07  all    22     0   20    0        2       0     10      0    56
16:03:08  all    17     0   15    0        3       0      9      0    65
16:03:09  all    15     0   19    0        0       0      7      0    66
16:03:10  all    19     0   14    0        5       0      9      0    62
16:03:11  all    21     0   15    0        5       0      8      0    60
16:03:12  all    17     0   17    0        0       0      8      0    66
16:03:13  all    19     0   13    0        6       0     10      0    62
16:03:14  all    21     0   17    0        1       0     11      0    61
16:03:15  all    21     0   13    0        3       0     10      0    63
16:03:16  all    19     0   20    0        1       0     12      0    60
16:03:17  all    21     0   19    0        2       0      9      0    57
16:03:18  all    17     0   14    0        8       0     10      0    60
16:03:19  all    21     0   14    0        3       0     12      0    61
16:03:20  all    21     0   16    0        4       0     12      0    59
16:03:21  all    20     0   14    0        2       0     10      0    63
16:03:22  all    18     0   18    0        2       0     10      0    62
16:03:23  all    20     0   13    0        2       0     13      0    65
16:03:24  all    21     0   20    0        2       0     12      0    57
16:03:25  all    19     0   18    0        8       0      8      0    54
16:03:26  all    21     0   18    0        3       0     11      0    58
16:03:27  all    19     0   16    0        8       0     12      0    57
16:03:28  all    19     0   13    0       10       0     11      0    57
16:03:29  all    21     0   16    0        3       0     10      0    60
16:03:30  all    20     0   16    0        3       0      8      0    61
16:03:31  all    20     0   15    0        4       0      9      0    61
16:03:32  all    18     0   18    0        3       0     10      0    60
16:03:33  all    22     0   18    0        3       0     11      0    58
16:03:34  all    21     0   14    0        6       0     11      0    59
16:03:35  all    23     0   16    0        1       0     11      0    60
16:03:36  all    19     0   19    0        0       0      9      0    62
16:03:37  all    22     0   12    0        2       0     12      0    64
16:03:38  all    18     0   21    0        2       0     11      0    59
16:03:39  all    19     0   21    0        1       0     10      0    59
16:03:40  all    23     0   13    0        1       0     11      0    62
16:03:41  all    17     0   11    0        2       0      9      0    69
16:03:42  all    22     0   14    0        2       0     10      0    62
16:03:43  all    24     0   15    0        2       0     12      0    59
16:03:44  all    21     0   11    0        1       0     11      0    67
16:03:45  all    20     0   17    0        2       0      8      0    61
16:03:46  all    20     0   22    0        4       0      9      0    54
16:03:47  all    24     0   20    0        2       0     16      1    52
16:03:48  all    21     0   23    0        2       0      6      0    53
16:03:49  all    23     0   20    0        3       0     14      0    54
16:03:50  all    17     0   24    0        3       0     10      0    55
16:03:51  all    22     0   23    0        1       0      9      0    54
16:03:52  all    22     0   20    0        2       0     13      0    57
16:03:53  all    29     0   15    0        4       0     15      0    52
16:03:54  all    23     0   22    0        2       0     15      0    53
16:03:55  all    25     0   21    0        2       0      9      1    51
16:03:56  all    27     0   17    0        1       0     16      0    55
16:03:57  all    20     0   18    0        2       0     14      0    60
16:03:58  all    22     0   18    0        1       0      8      0    59
16:03:59  all    24     0   11    0        1       0     20      0    64
16:04:00  all    18     0   21    0        0       0      8      0    61
16:04:01  all    21     0   14    0        1       0     12      0    64
16:04:02  all    20     0   20    0        2       0     15      0    58
16:04:03  all    20     0   19    0        3       0     11      0    58
16:04:04  all    19     0   17    0        3       0     13      0    61
16:04:05  all    23     0   15    0        2       0     12      0    60
16:04:06  all    16     0   22    0        2       0      8      0    60
16:04:07  all    21     0   20    0        1       0     11      0    57
16:04:08  all    25     0   15    0        2       0     16      0    57
16:04:09  all    19     0   26    0        2       0      9      0    53
16:04:10  all    23     0   18    0        3       0      7      0    56
16:04:11  all    27     0   13    0        2       0     20      0    57
16:04:12  all    22     0   16    0        6       0     13      0    56
16:04:13  all    22     0   14    0        2       0     10      0    62
16:04:14  all    19     0   16    0        2       0      9      0    63
16:04:15  all    21     0   15    0        2       0     10      0    62
16:04:16  all    20     0   17    0        3       0     10      0    60
16:04:17  all    17     0   17    0        1       0      9      1    64
16:04:18  all    21     0   16    0        0       0      8      0    63
16:04:19  all    20     0   16    0        2       0     10      0    62
16:04:20  all    17     0   17    0        3       0     10      0    62
16:04:21  all    18     0   16    0        2       0     11      0    64
16:04:22  all    20     0   19    0        3       0      7      0    58
16:04:23  all    20     0   20    0        6       0     11      0    54
16:04:24  all    22     0   24    0        3       0     13      0    51
16:04:25  all    22     0   23    0        1       0     12      0    55
16:04:26  all    22     0   19    0        2       0     10      0    56
16:04:27  all    24     0   20    0        2       0     12      0    54
16:04:28  all    21     0   21    0        3       0     10      0    55
16:04:29  all    21     0   22    0        2       0      9      0    54
16:04:30  all    28     0   25    0        0       0     17      0    48
16:04:31  all    23     0   33    0        1       0      9      0    43
16:04:32  all    25     0   18    0        3       0     15      0    54
16:04:33  all    25     0   19    0        4       0     16      0    53
16:04:34  all    21     0   25    0        3       0      9      0    51
16:04:35  all    21     0   23    0        0       0      6      0    56
16:04:36  all    12     0   28    0        0       0     11      0    60
16:04:37  all    19     0   22    0        0       0      5      0    59
16:04:38  all    26     0   19    0        0       0      2      0    55
16:04:39  all    24     0   20    0        0       0      2      0    56
16:04:40  all    27     0   18    0        0       0      3      0    55
16:04:41  all    23     0   19    0        1       0      1      0    57
16:04:42  all    23     0   15    0        0       0      9      0    62
16:04:43  all    27     0   13    0        1       0     19      0    59
16:04:44  all    25     0   15    0        0       0     16      0    60
16:04:45  all    19     0   19    0        2       0     10      0    60
16:04:46  all    22     0   19    0        3       0     11      0    57
16:04:47  all    23     0   20    0        3       0     12      0    54
16:04:48  all    22     0   23    0        3       0     11      0    52
16:04:49  all    24     0   19    0        2       0     12      0    55
16:04:50  all    25     0   18    0        5       0     11      0    52
16:04:51  all    30     0   21    0        1       0     15      0    47
16:04:52  all    25     0   20    0        1       0     15      0    54
16:04:53  all    36     0   17    0        1       0     24      0    47
16:04:54  all    35     0   17    0        1       0     23      0    47
16:04:55  all    25     0   23    0        5       0     15      0    47
16:04:56  all    23     0   21    0        5       0     10      0    52
16:04:57  all    22     0   20    0        4       0     11      0    54
16:04:58  all    27     0   19    0        2       0     14      0    52
16:04:59  all    24     0   19    0        2       0     10      0    54
16:05:00  all    24     0   22    0        2       0     14      0    53
16:05:01  all    23     0   17    0        2       0     11      0    58
16:05:02  all    22     0   18    0        6       0     11      0    54
16:05:03  all    10     0   12    0        2       0      5      0    76
16:05:04  all     0     0    0    0        0       0      0      0   100
16:05:05  all     0     0    1    0        0       0      0      0    99
16:05:06  all     0     0    0    0        0       0      0      0   100
16:05:07  all     0     0    0    0        0       0      0      0   100
16:05:08  all     1     0    0    0        0       0      0      1    98
16:05:09  all     0     0    1    0        0       0      0      0    99
16:05:10  all     0     0    0    0        0       0      0      0   100
16:05:11  all     0     0    0    0        0       0      0      0   100
16:05:12  all     0     0    0    0        0       0      0      0   100
16:05:13  all     0     0    1    0        0       0      0      0    99
