
ubuntu  4.10.0-42-generic  #46~16.04.1-Ubuntu SMP Mon Dec 4 15:57:59 UTC 2017  x86_64  2018/01/28

-------------------------- analysis date: 2018/01/28 --------------------------

22:56:59  cpu  %usr %nice %sys %irq %softirq  %steal %guest  %wait %idle  _cpu_
22:57:00  all   100     0    0    0        0       0    100      0   100
            0     0     0    0    0        0       0      0      0   100
            1   100     0    0    0        0       0    100      0     0
22:57:01  all   101     0    0    0        0       0    101      0    99
            0     0     0    1    0        0       0      0      0    99
            1   100     0    0    0        0       0    100      0     0
22:57:02  all   100     0    0    0        0       0    100      0   100
            0     1     0    0    0        0       0      0      0    99
            1   100     0    0    0        0       0    100      0     0
22:57:03  all   101     0    0    0        0       0    101      0    99
            0     0     0    0    0        0       0      0      0   100
            1   100     0    0    0        0       0    100      0     0
22:57:04  all   100     0    0    0        0       0    100      0   100
            0     1     0    0    0        0       0      0      0    99
            1   100     0    0    0        0       0    100      0     0
22:57:05  all   100     0    1    0        0       0    100      0    99
            0     0     0    0    0        0       0      0      0   100
            1   100     0    0    0        0       0    100      0     0
22:57:06  all   100     0    0    0        0       0    100      0   100
            0     0     0    0    0        0       0      0      0   100
            1   100     0    0    0        0       0    100      0     0
22:57:07  all   100     0    1    0        0       0    100      0    99
            0     0     0    1    0        0       0      0      0    99
            1   100     0    0    0        0       0     99      0     0
22:57:08  all   100     0    0    0        0       0    100      0   100
            0     0     0    0    0        0       0      0      0   100
            1   100     0    0    0        0       0    100      0     0
22:57:09  all   101     0    0    0        0       0    101      0    99
            0     0     0    0    0        0       0      0      0   100
            1   100     0    0    0        0       0    100      0     0
22:57:10  all   100     0    0    0        0       0    100      1   100
            0     0     0    0    0        0       0      0      1    99
            1   100     0    0    0        0       0    100      0     0
22:57:11  all   101     0    0    0        0       0    101      0    99
            0     0     0    0    0        0       0      0      0   100
            1   100     0    0    0        0       0    100      0     0
22:57:12  all   100     0    0    0        0       0    100      0   100
            0     0     0    0    0        0       0      0      0   100
            1   100     0    0    0        0       0    100      0     0
22:57:13  all   100     0    0    0        0       0    100      0   100
            0     0     0    0    0        0       0      0      0   100
            1   100     0    0    0        0       0    100      0     0
22:57:14  all   101     0    0    0        0       0    101      0    99
            0     0     0    0    0        0       0      0      0   100
            1   100     0    0    0        0       0    100      0     0
22:57:15  all   101     0    0    0        0       0    101      0    99
            0     0     0    0    0        0       0      0      0   100
            1   100     0    0    0        0       0    100      0     0
22:57:16  all   100     0    0    0        0       0    100      0   100
            0     0     0    0    0        0       0      0      0   100
            1   100     0    0    0        0       0    100      0     0
22:57:17  all   100     0    0    0        0       0    100      0   100
            0     0     0    0    0        0       0      0      0   100
            1   100     0    0    0        0       0    100      0     0
22:57:18  all   101     0    0    0        0       0    101      0    99
            0     0     0    0    0        0       0      0      0   100
            1   100     0    0    0        0       0    100      0     0
22:57:19  all   100     0    0    0        0       0    100      0   100
            0     0     0    0    0        0       0      0      0   100
            1   100     0    0    0        0       0    100      0     0
22:57:20  all   101     0    0    0        0       0    101      0    99
            0     0     0    0    0        0       0      0      0   100
            1    99     0    1    0        0       0    100      0     0
22:57:21  all   100     0    0    0        0       0    100      0   100
            0     0     0    0    0        0       0      0      0   100
            1   100     0    0    0        0       0    100      0     0
22:57:22  all   101     0    0    0        0       0    101      0    99
            0     0     0    0    0        0       0      0      0   100
            1   100     0    0    0        0       0    100      0     0
22:57:23  all   100     0    0    0        0       0    100      0   100
            0     0     0    0    0        0       0      0      0   100
            1   100     0    0    0        0       0    100      0     0
22:57:24  all   101     0    0    0        0       0    101      0    99
            0     0     0    0    0        0       0      0      0   100
            1   100     0    0    0        0       0    100      0     0
22:57:25  all   100     0    0    0        0       0    100      0   100
            0     0     0    0    0        0       0      0      0   100
            1   100     0    0    0        0       0    100      0     0
22:57:26  all   100     0    0    0        0       0    100      1    99
            0     0     0    0    0        0       0      0      0   100
            1   100     0    0    0        0       0    100      0     0
22:57:27  all   100     0    0    0        0       0    100      0   100
            0     0     0    0    0        0       0      0      0   100
            1   100     0    0    0        0       0    100      0     0
22:57:28  all   101     0    0    0        0       0    101      0    99
            0     0     0    0    0        0       0      0      0   100
            1   100     0    0    0        0       0    100      0     0
22:57:29  all   100     0    0    0        0       0    100      0   100
            0     0     0    0    0        0       0      0      0   100
            1   100     0    0    0        0       0    100      0     0
22:57:30  all   101     0    0    0        0       0    101      0    99
            0     0     0    0    0        0       0      0      0   100
            1   100     0    0    0        0       0    100      0     0
22:57:31  all   100     0    0    0        0       0    100      0   100
            0     0     0    0    0        0       0      0      0   100
            1   100     0    0    0        0       0    100      0     0
22:57:32  all   101     0    0    0        0       0    101      0    99
            0     0     0    0    0        0       0      0      1    99
            1   100     0    0    0        0       0    100      0     0
22:57:33  all   100     0    0    0        0       0    100      0   100
            0     0     0    0    0        0       0      0      0   100
            1   100     0    0    0        0       0    100      0     0
22:57:34  all   101     0    0    0        0       0    101      0    99
            0     0     0    0    0        0       0      0      0   100
            1   100     0    0    0        0       0    100      0     0
22:57:35  all   100     0    0    0        0       0    100      0   100
            0     0     0    0    0        0       0      0      0   100
            1   100     0    0    0        0       0    100      0     0
22:57:36  all   101     0    0    0        0       0    101      0    99
            0     0     0    0    0        0       0      0      0   100
            1   100     0    0    0        0       0    100      0     0
22:57:37  all   100     0    0    0        0       0    100      0   100
            0     0     0    0    0        0       0      0      0   100
            1   100     0    0    0        0       0    100      0     0
22:57:38  all   100     0    0    0        0       0    100      0   100
            0     0     0    0    0        0       0      0      0   100
            1   100     0    0    0        0       0    100      0     0
22:57:39  all   101     0    0    0        0       0    101      0    99
            0     0     0    0    0        0       0      0      0   100
            1   100     0    0    0        0       0    100      0     0
22:57:40  all   101     0    0    0        0       0    101      0    99
            0     0     0    0    0        0       0      0      0   100
            1   100     0    0    0        0       0    100      0     0
22:57:41  all   100     0    0    0        0       0    100      0   100
            0     0     0    0    0        0       0      0      0   100
            1   100     0    0    0        0       0    100      0     0
22:57:42  all   100     0    0    0        0       0    100      0   100
            0     0     0    0    0        0       0      0      0   100
            1   100     0    0    0        0       0    100      0     0
22:57:43  all   101     0    0    0        0       0    101      0    99
            0     0     0    0    0        0       0      0      0   100
            1   100     0    0    0        0       0    100      0     0
22:57:44  all   100     0    0    0        0       0    100      0   100
            0     0     0    0    0        0       0      0      0   100
            1   100     0    0    0        0       0    100      0     0
22:57:45  all   101     0    0    0        0       0    101      0    99
            0     0     0    0    0        0       0      0      0   100
            1   100     0    0    0        0       0    100      0     0
22:57:46  all   100     0    0    0        0       0    100      0   100
            0     0     0    0    0        0       0      0      0   100
            1   100     0    0    0        0       0    100      0     0
22:57:47  all   101     0    0    0        0       0    101      0    99
            0     0     0    0    0        0       0      0      0   100
            1   100     0    0    0        0       0    100      0     0
22:57:48  all   100     0    0    0        0       0    100      1   100
            0     0     0    0    0        0       0      0      1    99
            1   100     0    0    0        0       0    100      0     0
22:57:49  all   101     0    0    0        0       0    101      0    99
            0     0     0    0    0        0       0      0      0   100
            1   100     0    0    0        0       0    100      0     0
22:57:50  all   100     0    0    0        0       0    100      0   100
            0     0     0    0    0        0       0      0      0   100
            1   100     0    0    0        0       0    100      0     0
22:57:51  all   101     0    0    0        0       0    101      0    99
            0     0     0    0    0        0       0      0      0   100
            1   100     0    0    0        0       0    100      0     0
22:57:52  all   100     0    0    0        0       0    100      0   100
            0     0     0    0    0        0       0      0      0   100
            1   100     0    0    0        0       0    100      0     0
22:57:53  all   101     0    0    0        0       0    101      0    99
            0     0     0    0    0        0       0      0      0   100
            1   100     0    0    0        0       0    100      0     0
22:57:54  all   100     0    0    0        0       0    100      0   100
            0     0     0    0    0        0       0      0      0   100
            1   100     0    0    0        0       0    100      0     0
22:57:55  all   100     0    1    0        0       0     99      0   100
            0     0     0    0    0        0       0      0      0   100
            1   100     0    0    0        0       0    100      0     0
22:57:56  all   101     0    0    0        0       0    101      0    99
            0     0     0    0    0        0       0      0      0   100
            1   100     0    0    0        0       0    100      0     0
22:57:57  all   101     0    0    0        0       0    101      0    99
            0     0     0    0    0        0       0      0      0   100
            1   100     0    0    0        0       0    100      0     0
22:57:58  all   100     0    0    0        0       0    100      0   100
            0     0     0    0    0        0       0      0      0   100
            1   100     0    0    0        0       0    100      0     0
22:57:59  all   100     0    0    0        0       0    100      0   100
            0     0     0    0    0        0       0      0      0   100
            1   100     0    0    0        0       0    100      0     0
22:58:00  all   101     0    0    0        0       0    101      0    99
            0     0     0    0    0        0       0      0      0   100
            1   100     0    0    0        0       0    100      0     0
22:58:01  all   101     0    0    0        0       0    101      0    99
            0     0     0    0    0        0       0      0      0   100
            1   100     0    0    0        0       0    100      0     0
22:58:02  all   100     0    0    0        0       0    100      0   100
            0     0     0    0    0        0       0      0      0   100
            1   100     0    0    0        0       0    100      0     0
22:58:03  all   100     0    0    0        0       0    100      0   100
            0     0     0    0    0        0       0      0      0   100
            1   100     0    0    0        0       0    100      0     0
22:58:04  all   100     0    0    0        0       0    100      1    99
            0     0     0    0    0        0       0      0      0   100
            1   100     0    0    0        0       0    100      0     0
22:58:05  all   100     0    0    0        0       0    100      0   100
            0     0     0    0    0        0       0      0      0   100
            1   100     0    0    0        0       0    100      0     0
22:58:06  all   101     0    0    0        0       0    101      0    99
            0     0     0    0    0        0       0      0      0   100
            1   100     0    0    0        0       0    100      0     0
22:58:07  all   100     0    0    0        0       0    100      0   100
            0     0     0    0    0        0       0      0      0   100
            1   100     0    0    0        0       0    100      0     0
22:58:08  all   101     0    0    0        0       0    101      0    99
            0     0     0    0    0        0       0      0      0   100
            1   100     0    0    0        0       0    100      0     0
22:58:09  all   100     0    0    0        0       0    100      0   100
            0     0     0    0    0        0       0      0      0   100
            1   100     0    0    0        0       0    100      0     0
22:58:10  all   101     0    0    0        0       0    101      0    99
            0     0     0    0    0        0       0      0      1    99
            1   100     0    0    0        0       0    100      0     0
22:58:11  all   100     0    0    0        0       0    100      0   100
            0     0     0    0    0        0       0      0      0   100
            1   100     0    0    0        0       0    100      0     0
22:58:12  all   101     0    0    0        0       0    101      0    99
            0     0     0    0    0        0       0      0      0   100
            1   100     0    0    0        0       0    100      0     0
22:58:13  all   100     0    0    0        0       0    100      0   100
            0     0     0    0    0        0       0      0      0   100
            1    99     0    1    0        0       0     98      0     0
22:58:14  all   100     0    1    0        0       0    100      0    99
            0     0     0    1    0        0       0      0      0    99
            1   100     0    0    0        0       0    100      0     0
22:58:15  all   100     0    0    0        0       0    100      0   100
            0     0     0    0    0        0       0      0      0   100
            1   100     0    0    0        0       0    100      0     0
22:58:16  all   101     0    0    0        0       0    101      0    99
            0     0     0    0    0        0       0      0      0   100
            1   100     0    0    0        0       0    100      0     0
22:58:17  all   100     0    0    0        0       0    100      0   100
            0     1     0    0    0        0       0      0      0    99
            1   100     0    0    0        0       0    100      0     0
22:58:18  all   101     0    0    0        0       0    101      0    99
            0     0     0    0    0        0       0      0      0   100
            1   100     0    0    0        0       0    100      0     0
22:58:19  all   100     0    1    0        0       0    100      0   100
            0     0     0    1    0        0       0      0      0    99
            1   100     0    0    0        0       0    100      0     0
22:58:20  all   100     0    0    0        0       0    100      0   100
            0     1     0    0    0        0       0      0      0    99
            1   100     0    0    0        0       0    101      0     0
22:58:21  all   100     0    1    0        0       0     99      0    99
            0     0     0    0    0        0       0      0      0   100
            1   100     0    0    0        0       0     99      0     0
22:58:22  all   105     0    4    0        0       0    101      0    91
            0     4     0    5    0        0       0      0      0    91
            1   100     0    0    0        0       0    100      0     0
22:58:23  all   100     0    1    0        0       0    100      0   100
            0     0     0    0    0        0       0      0      0   100
            1   100     0    0    0        0       0    100      0     0
22:58:24  all   100     0    0    0        0       0    100      0   100
            0     0     0    0    0        0       0      0      0   100
            1   100     0    0    0        0       0    100      0     0
22:58:25  all   101     0    0    0        0       0    100      0    99
            0     0     0    0    0        0       0      0      0   100
            1   100     0    0    0        0       0    100      0     0
22:58:26  all   100     0    1    0        0       0    100      1    99
            0     0     0    1    0        0       0      0      1    98
            1   100     0    0    0        0       0    100      0     0
22:58:27  all   100     0    0    0        0       0    100      0   100
            0     1     0    0    0        0       0      0      0    99
            1   100     0    0    0        0       0    100      0     0
22:58:28  all   101     0    0    0        0       0    101      3    96
            0     0     0    0    0        0       0      0      2    98
            1   100     0    0    0        0       0    100      0     0
22:58:29  all   100     0    0    0        0       0    100      0   100
            0     0     0    0    0        0       0      0      0   100
            1   100     0    0    0        0       0    100      0     0
22:58:30  all   100     0    0    0        0       0    100      0   100
            0     0     0    1    0        0       0      0      1    98
            1   100     0    0    0        0       0    100      0     0
22:58:31  all   100     0    1    0        0       0    100      0    99
            0     0     0    0    0        0       0      0      0   100
            1   100     0    0    0        0       0    100      0     0
22:58:32  all   101     0    0    0        0       0    101      0    99
            0     0     0    0    0        0       0      0      0   100
            1   100     0    0    0        0       0    100      0     0
22:58:33  all   100     0    1    0        0       0    100      0   100
            0     0     0    1    0        0       0      0      0    99
            1   100     0    0    0        0       0    101      0     0
22:58:34  all   100     0    0    0        0       0    100      0   100
            0     1     0    0    0        0       0      0      0    99
            1   100     0    0    0        0       0    100      0     0
22:58:35  all   101     0    0    0        0       0    101      0    99
            0     0     0    1    0        0       0      0      0    99
            1   100     0    0    0        0       0    100      0     0
22:58:36  all   100     0    0    0        0       0    100      0   100
            0     0     0    0    0        0       0      0      0   100
            1   100     0    0    0        0       0    100      0     0
22:58:37  all   101     0    0    0        0       0    101      0    99
            0     0     0    0    0        0       0      0      0   100
            1   100     0    0    0        0       0    100      0     0
22:58:38  all   100     0    0    0        0       0    100      0   100
            0     0     0    0    0        0       0      0      0   100
            1   100     0    0    0        0       0    100      0     0
22:58:39  all   100     0    1    0        0       0     99      0    99
            0     0     0    0    0        0       0      0      0   100
            1    99     0    1    0        0       0     98      0     0
22:58:40  all   100     0    0    0        0       0    100      0   100
            0     0     0    0    0        0       0      0      0   100
            1   100     0    0    0        0       0    101      0     0
22:58:41  all   101     0    0    0        0       0    101      0    99
            0     0     0    0    0        0       0      0      0   100
            1   100     0    0    0        0       0    100      0     0
22:58:42  all   100     0    0    0        0       0    100      0   100
            0     0     0    0    0        0       0      0      0   100
            1   100     0    0    0        0       0    100      0     0
22:58:43  all   100     0    0    0        0       0    100      0   100
            0     0     0    0    0        0       0      0      0   100
            1   100     0    0    0        0       0    100      0     0
22:58:44  all   101     0    0    0        0       0    101      0    99
            0     0     0    0    0        0       0      0      0   100
            1   100     0    0    0        0       0    100      0     0
22:58:45  all   101     0    0    0        0       0    101      0    99
            0     0     0    0    0        0       0      0      0   100
            1   100     0    0    0        0       0    100      0     0
22:58:46  all   100     0    0    0        0       0    100      0   100
            0     0     0    0    0        0       0      0      0   100
            1   100     0    0    0        0       0    100      0     0
22:58:47  all   100     0    0    0        0       0    100      1   100
            0     0     0    0    0        0       0      0      1    99
            1   100     0    0    0        0       0    100      0     0
22:58:48  all   101     0    0    0        0       0    101      0    99
            0     0     0    0    0        0       0      0      0   100
            1   100     0    0    0        0       0    100      0     0
22:58:49  all    99     0    1    0        0       0     99      0   100
            0     0     0    0    0        0       0      0      0   100
            1    99     0    1    0        0       0     99      0     0
22:58:50  all   101     0    0    0        0       0    101      0    99
            0     0     0    0    0        0       0      0      0   100
            1   100     0    0    0        0       0    100      0     0
22:58:51  all   100     0    0    0        0       0    100      0   100
            0     0     0    0    0        0       0      0      0   100
            1   100     0    0    0        0       0    100      0     0
22:58:52  all   101     0    0    0        0       0    101      0    99
            0     0     0    0    0        0       0      0      0   100
            1   100     0    0    0        0       0    100      0     0
22:58:53  all   100     0    0    0        0       0    100      0   100
            0     0     0    0    0        0       0      0      0   100
            1   100     0    0    0        0       0    100      0     0
22:58:54  all   101     0    0    0        0       0    101      0    99
            0     0     0    0    0        0       0      0      0   100
            1   100     0    0    0        0       0    100      0     0
22:58:55  all   100     0    0    0        0       0    100      0   100
            0     0     0    0    0        0       0      0      0   100
            1   100     0    0    0        0       0    100      0     0
22:58:56  all   101     0    0    0        0       0    101      0    99
            0     0     0    0    0        0       0      0      0   100
            1   100     0    0    0        0       0    100      0     0
22:58:57  all   100     0    0    0        0       0    100      0   100
            0     0     0    0    0        0       0      0      0   100
            1   100     0    0    0        0       0    100      0     0
22:58:58  all   101     0    0    0        0       0    101      2    97
            0     0     0    0    0        0       0      0      2    98
            1   100     0    0    0        0       0    100      0     0
22:58:59  all   100     0    0    0        0       0    100      1   100
            0     0     0    0    0        0       0      0      0   100
            1   100     0    0    0        0       0    100      0     0
22:59:00  all   101     0    0    0        0       0    101      0    99
            0     0     0    0    0        0       0      0      0   100
            1   100     0    0    0        0       0     99      0     0
22:59:01  all   101     0    0    0        0       0    101      0    99
            0     0     0    0    0        0       0      0      0   100
            1   100     0    0    0        0       0    100      0     0
22:59:02  all   100     0    0    0        0       0    100      0   100
            0     0     0    0    0        0       0      0      0   100
            1   100     0    0    0        0       0    100      0     0
22:59:03  all   100     0    0    0        0       0    100      0   100
            0     0     0    0    0        0       0      0      0   100
            1   100     0    0    0        0       0    100      0     0
22:59:04  all   101     0    0    0        0       0    101      0    99
            0     0     0    0    0        0       0      0      0   100
            1   100     0    0    0        0       0    100      0     0
22:59:05  all    99     0    0    0        0       0    101      0   101
            0     0     0    0    0        0       0      0      1    99
            1   100     0    0    0        0       0    101      0     0
22:59:06  all   101     0    0    0        0       0    101      0    99
            0     0     0    0    0        0       0      0      0   100
            1   100     0    0    0        0       0    100      0     0
22:59:07  all   100     0    0    0        0       0    100      0   100
            0     0     0    0    0        0       0      0      0   100
            1   100     0    0    0        0       0    100      0     0
22:59:08  all   101     0    0    0        0       0    101      0    99
            0     0     0    0    0        0       0      0      0   100
            1   100     0    0    0        0       0    100      0     0
22:59:09  all   100     0    1    0        0       0     99      0   100
            0     0     0    0    0        0       0      0      0   100
            1    99     0    1    0        0       0     98      0     0
22:59:10  all   101     0    0    0        0       0    101      0    99
            0     0     0    0    0        0       0      0      0   100
            1   100     0    0    0        0       0    100      0     0
22:59:11  all   100     0    0    0        0       0    100      0   100
            0     0     0    0    0        0       0      0      0   100
            1   100     0    0    0        0       0    101      0     0
22:59:12  all   101     0    0    0        0       0    101      0    99
            0     0     0    0    0        0       0      0      0   100
            1   100     0    0    0        0       0    100      0     0
22:59:13  all   100     0    0    0        0       0    100      0   100
            0     0     0    0    0        0       0      0      0   100
            1   100     0    0    0        0       0    100      0     0
22:59:14  all   101     0    0    0        0       0    101      0    99
            0     0     0    0    0        0       0      0      0   100
            1   100     0    0    0        0       0    100      0     0
22:59:15  all   100     0    0    0        0       0    100      0   100
            0     0     0    0    0        0       0      0      0   100
            1   100     0    0    0        0       0    100      0     0
22:59:16  all   101     0    0    0        0       0    101      0    99
            0     0     0    0    0        0       0      0      0   100
            1   100     0    0    0        0       0    100      0     0
