
o41  4.10.0-40-generic  #44~16.04.1-Ubuntu SMP Thu Nov 9 15:37:44 UTC 2017  x86_64  2017/11/24

-------------------------- analysis date: 2017/11/24 --------------------------

20:41:13  cpu  %usr %nice %sys %irq %softirq  %steal %guest  %wait %idle  _cpu_
20:41:14  all   100     0    0    0        0       0    100      0     0
20:41:15  all   100     0    0    0        0       0    100      0     0
20:41:16  all   100     0    0    0        0       0    100      0     0
20:41:17  all   100     0    0    0        0       0    100      0     0
20:41:18  all   100     0    0    0        0       0    100      0     0
20:41:19  all    99     0    1    0        0       0     99      0     0
20:41:20  all   100     0    0    0        0       0    100      0     0
20:41:21  all   100     0    0    0        0       0    100      0     0
20:41:22  all    95     0    2    0        3       0     96      0     0
20:41:23  all    81     0   12    0        7       0     75      0     0
20:41:24  all    82     0   11    0        7       0     74      0     0
20:41:25  all    82     0   14    0        4       0     78      0     0
20:41:26  all    83     0   12    0        5       0     79      0     0
20:41:27  all    79     0   15    0        6       0     75      0     0
20:41:28  all    76     0   18    0        6       0     70      0     0
20:41:29  all    80     0   15    0        5       0     73      0     0
20:41:30  all    81     0   12    0        7       0     75      0     0
20:41:31  all    80     0   14    0        6       0     74      0     0
20:41:32  all    80     0   14    0        6       0     74      0     0
20:41:33  all    85     0    9    0        6       0     80      0     0
20:41:34  all    81     0   14    0        5       0     76      0     0
20:41:35  all    81     0   13    0        6       0     74      0     0
20:41:36  all    79     0   14    0        7       0     74      0     0
20:41:37  all    81     0   13    0        6       0     74      0     0
20:41:38  all    80     0   13    0        7       0     76      0     0
20:41:39  all    81     0   16    0        3       0     74      0     0
20:41:40  all    88     0    8    0        4       0     80      0     0
20:41:41  all    86     0    8    0        6       0     80      0     0
20:41:42  all    85     0   13    0        2       0     75      0     0
20:41:43  all    86     0   11    0        3       0     72      0     0
20:41:44  all    80     0   11    0        9       0     70      0     0
20:41:45  all    72     0   17    0       11       0     66      0     0
20:41:46  all    76     0   12    0       12       0     70      0     0
20:41:47  all    86     0    9    0        5       0     78      0     0
20:41:48  all    79     0   13    0        8       0     75      0     0
20:41:49  all    79     0   16    0        5       0     74      0     0
20:41:50  all    81     0   12    0        7       0     73      0     0
20:41:51  all    82     0   13    0        5       0     75      0     0
20:41:52  all    85     0   10    0        5       0     78      0     0
20:41:53  all    85     0    8    0        7       0     77      0     0
20:41:54  all    80     0   13    0        7       0     75      0     0
20:41:55  all    79     0   17    0        4       0     73      0     0
20:41:56  all    83     0   11    0        6       0     77      0     0
20:41:57  all    79     0   14    0        7       0     72      0     0
20:41:58  all    81     0   13    0        6       0     75      0     0
20:41:59  all    82     0   13    0        5       0     75      0     0
20:42:00  all    78     0   12    0       10       0     70      0     0
20:42:01  all    78     0   15    0        7       0     72      0     0
20:42:02  all    83     0   10    0        7       0     78      0     0
20:42:03  all    81     0   11    0        8       0     68      0     0
20:42:04  all    75     0   11    0       14       0     70      0     0
20:42:05  all    80     0   12    0        8       0     78      0     0
20:42:06  all    82     0   13    0        5       0     71      0     0
20:42:07  all    83     0    8    0        9       0     76      0     0
20:42:08  all    83     0   14    0        3       0     77      0     0
20:42:09  all    72     0   18    0       10       0     64      0     0
20:42:10  all    85     0   10    0        5       0     80      0     0
20:42:11  all    83     0   14    0        3       0     71      0     0
20:42:12  all    78     0   14    0        8       0     74      0     0
20:42:13  all    79     0   12    0        9       0     73      0     0
20:42:14  all    76     0   12    0       12       0     70      0     0
20:42:15  all    85     0    8    0        7       0     82      0     0
20:42:16  all    87     0   10    0        3       0     81      0     0
20:42:17  all    83     0    9    0        8       0     77      0     0
20:42:18  all    83     0   11    0        6       0     76      0     0
20:42:19  all    80     0   14    0        6       0     73      0     0
20:42:20  all    81     0   12    0        7       0     75      0     0
20:42:21  all    87     0    8    0        5       0     80      0     0
20:42:22  all    80     0   14    0        6       0     76      0     0
20:42:23  all    81     0   12    0        7       0     75      0     0
20:42:24  all    80     0   16    0        4       0     71      0     0
20:42:25  all    79     0   12    0        9       0     71      0     0
20:42:26  all    80     0   14    0        6       0     71      0     0
20:42:27  all    78     0   16    0        6       0     69      0     0
20:42:28  all    77     0   18    0        5       0     71      0     0
20:42:29  all    76     0   18    0        6       0     63      0     0
20:42:30  all    75     0   20    0        5       0     66      0     0
20:42:31  all    80     0   16    0        4       0     73      0     0
20:42:32  all    76     0   18    0        6       0     66      0     0
20:42:33  all    76     0   19    0        5       0     71      0     0
20:42:34  all    76     0   19    0        5       0     68      0     0
20:42:35  all    79     0   16    0        5       0     70      0     0
20:42:36  all    76     0   18    0        6       0     65      0     0
20:42:37  all    76     0   19    0        5       0     68      0     0
20:42:38  all    76     0   17    0        7       0     66      0     0
20:42:39  all    79     0   16    0        5       0     71      0     0
20:42:40  all    82     0   11    0        7       0     75      0     0
20:42:41  all    82     0   13    0        5       0     73      0     0
20:42:42  all    80     0   12    0        8       0     77      0     0
20:42:43  all    80     0   15    0        5       0     76      0     0
20:42:44  all    82     0   11    0        7       0     77      0     0
20:42:45  all    84     0   12    0        4       0     81      0     0
20:42:46  all    81     0   12    0        7       0     71      0     0
20:42:47  all    82     0   14    0        4       0     78      0     0
20:42:48  all    82     0   10    0        8       0     74      0     0
20:42:49  all    85     0   10    0        5       0     81      0     0
20:42:50  all    78     0   13    0        9       0     71      0     0
20:42:51  all    81     0   12    0        7       0     74      0     0
20:42:52  all    81     0   13    0        6       0     74      0     0
20:42:53  all    82     0   12    0        6       0     76      0     0
20:42:54  all    85     0   10    0        5       0     79      0     0
20:42:55  all    76     0   16    0        8       0     71      0     0
20:42:56  all    83     0   13    0        4       0     74      0     0
20:42:57  all    75     0   16    0        9       0     67      0     0
20:42:58  all    83     0   11    0        6       0     75      0     0
20:42:59  all    81     0   10    0        9       0     75      0     0
20:43:00  all    83     0   12    0        5       0     76      0     0
20:43:01  all    81     0   11    0        8       0     73      0     0
20:43:02  all    83     0   11    0        6       0     78      0     0
20:43:03  all    79     0   15    0        6       0     74      0     0
20:43:04  all    81     0   14    0        5       0     75      0     0
20:43:05  all    84     0   11    0        5       0     76      0     0
20:43:06  all    80     0   15    0        5       0     74      0     0
20:43:07  all    80     0   14    0        6       0     72      0     0
20:43:08  all    83     0   10    0        7       0     73      0     0
20:43:09  all    85     0   11    0        4       0     79      0     0
20:43:10  all    77     0   17    0        6       0     71      0     0
20:43:11  all    80     0   13    0        7       0     72      0     0
20:43:12  all    84     0   11    0        5       0     77      0     0
20:43:13  all    79     0   14    0        7       0     71      0     0
20:43:14  all    80     0   11    0        9       0     75      0     0
20:43:15  all    82     0   12    0        6       0     74      0     0
20:43:16  all    79     0   16    0        5       0     72      0     0
20:43:17  all    79     0   15    0        6       0     70      0     0
20:43:18  all    82     0   15    0        3       0     74      0     0
20:43:19  all    80     0   14    0        6       0     72      0     0
20:43:20  all    78     0   13    0        9       0     73      0     0
20:43:21  all    78     0   14    0        8       0     71      0     0
20:43:22  all    83     0   12    0        5       0     76      0     0
20:43:23  all   100     0    0    0        0       0    100      0     0
20:43:24  all   100     0    0    0        0       0    100      0     0
20:43:25  all    99     0    1    0        0       0     99      0     0
20:43:26  all   100     0    0    0        0       0    100      0     0
20:43:27  all   100     0    0    0        0       0    100      0     0
20:43:28  all   100     0    0    0        0       0    100      0     0
20:43:29  all   100     0    0    0        0       0    100      0     0
20:43:30  all   100     0    0    0        0       0    100      0     0
