
o41  4.10.0-40-generic  #44~16.04.1-Ubuntu SMP Thu Nov 9 15:37:44 UTC 2017  x86_64  2017/11/23

-------------------------- analysis date: 2017/11/23 --------------------------

15:43:36  cpu  %usr %nice %sys %irq %softirq  %steal %guest  %wait %idle  _cpu_
15:43:37  all     0     0    1    0        0       0      0      0    99
15:43:38  all     0     0    0    0        0       0      0      0   100
15:43:39  all     1     0    0    0        0       0      1      0    98
15:43:40  all     0     0    0    0        0       0      0      0   100
15:43:41  all     0     0    1    0        0       0      0      0    99
15:43:42  all     0     0    0    0        0       0      0      1    99
15:43:43  all     1     0    1    0        0       0      0      0    98
15:43:44  all     0     0    0    0        0       0      0      0   100
15:43:45  all    10     0   28    0        2       0      3      0    57
15:43:46  all    16     0   70    0        6       0      7      0     0
15:43:47  all    12     0   77    0        5       0      7      0     0
15:43:48  all    14     0   73    0        6       0      7      0     1
15:43:49  all    14     0   72    0        6       0      8      0     0
15:43:50  all     9     0   79    0        5       0      7      0     0
15:43:51  all    12     0   75    0        5       0      8      0     0
15:43:52  all    11     0   72    0        9       0      8      0     0
15:43:53  all    12     0   76    0        4       0      7      0     1
15:43:54  all    15     0   72    0        6       0      7      0     0
15:43:55  all    12     0   77    0        5       0      6      0     0
15:43:56  all    11     0   77    0        6       0      6      0     0
15:43:57  all    10     0   78    0        7       0      5      0     1
15:43:58  all    14     0   75    0        5       0      6      0     0
15:43:59  all    12     0   74    0        7       0      7      0     0
15:44:00  all    13     0   74    0        7       0      7      0     0
15:44:01  all    11     0   79    0        4       0      6      0     0
15:44:02  all    12     0   77    0        4       0      6      0     1
15:44:03  all    14     0   72    0        6       0      7      0     0
15:44:04  all    13     0   76    0        3       0      7      0     1
15:44:05  all    13     0   77    0        2       0      8      0     0
15:44:06  all    17     0   66    0        7       0     10      0     0
15:44:07  all    12     0   76    0        4       0      8      0     0
15:44:08  all    13     0   73    0        6       0      6      0     1
15:44:09  all    14     0   70    0        5       0     10      0     0
15:44:10  all    11     0   76    0        7       0      5      0     1
15:44:11  all    15     0   72    0        6       0      7      0     0
15:44:12  all    12     0   76    0        6       0      6      0     0
15:44:13  all    16     0   72    0        4       0      8      0     0
15:44:14  all    16     0   70    0        4       0      9      0     1
15:44:15  all    14     0   73    0        6       0      7      0     0
15:44:16  all    14     0   75    0        5       0      7      0     0
15:44:17  all    17     0   69    0        6       0      8      0     1
15:44:18  all    12     0   75    0        6       0      7      0     0
15:44:19  all    14     0   72    0        6       0      7      0     0
15:44:20  all    15     0   71    0        5       0      8      0     1
15:44:21  all    18     0   69    0        5       0      8      0     0
15:44:22  all    15     0   69    0        8       0      8      0     0
15:44:23  all    16     0   69    0        5       0      9      0     1
15:44:24  all    14     0   73    0        7       0      7      0     0
15:44:25  all    15     0   67    0        7       0     11      0     0
15:44:26  all    13     0   75    0        5       0      7      0     0
15:44:27  all    13     0   77    0        4       0      6      0     1
15:44:28  all    14     0   73    0        5       0      8      0     0
15:44:29  all    16     0   69    0        5       0      8      0     1
15:44:30  all    17     0   67    0        5       0     11      0     0
15:44:31  all    11     0   75    0        8       0      6      0     0
15:44:32  all    14     0   73    0        5       0      7      0     1
15:44:33  all    15     0   70    0        5       0      9      0     0
15:44:34  all    15     0   71    0        7       0      7      0     0
15:44:35  all    13     0   73    0        6       0      7      0     1
15:44:36  all    14     0   75    0        6       0      6      0     0
15:44:37  all    14     0   72    0        6       0      8      0     0
15:44:38  all    14     0   74    0        7       0      6      0     0
15:44:39  all    13     0   75    0        5       0      7      0     1
15:44:40  all    19     0   66    0        5       0     10      0     0
15:44:41  all    15     0   68    0        5       0     10      0     1
15:44:42  all    17     0   70    0        7       0      7      0     0
15:44:43  all    16     0   70    0        6       0      8      0     0
15:44:44  all    15     0   71    0        7       0      7      0     0
15:44:45  all    14     0   71    0        5       0      9      0     1
15:44:46  all    12     0   76    0        4       0      8      0     0
15:44:47  all    15     0   71    0        5       0      9      0     0
15:44:48  all    17     0   69    0        6       0      7      0     1
15:44:49  all    14     0   71    0        4       0     10      0     0
15:44:50  all    11     0   78    0        6       0      5      0     0
15:44:51  all    17     0   70    0        5       0      8      0     1
15:44:52  all    14     0   71    0        4       0     11      0     0
15:44:53  all    14     0   73    0        5       0      8      0     1
15:44:54  all    14     0   73    0        7       0      7      0     0
15:44:55  all    13     0   74    0        5       0      9      0     0
15:44:56  all    14     0   70    0        6       0     10      0     0
15:44:57  all    12     0   75    0        7       0      5      0     1
15:44:58  all    16     0   68    0        5       0     11      0     0
15:44:59  all    14     0   71    0        6       0      9      0     0
15:45:00  all    12     0   77    0        8       0      3      0     1
15:45:01  all    11     0   74    0        5       0     10      0     0
15:45:02  all    16     0   74    0        5       0      6      0     0
15:45:03  all    13     0   72    0        7       0      7      0     1
15:45:04  all    16     0   72    0        5       0      7      0     0
15:45:05  all    14     0   73    0        6       0      7      0     1
15:45:06  all    14     0   72    0        6       0      7      0     0
15:45:07  all    14     0   74    0        4       0      8      0     0
15:45:08  all    11     0   77    0        5       0      7      0     1
15:45:09  all    13     0   73    0        5       0      9      0     0
15:45:10  all    18     0   70    0        7       0      5      0     0
15:45:11  all    14     0   69    0        4       0     12      0     1
15:45:12  all    16     0   71    0        6       0      7      0     0
15:45:13  all    15     0   72    0        6       0      8      0     0
15:45:14  all    17     0   71    0        5       0      6      0     1
15:45:15  all    11     0   76    0        7       0      7      0     0
15:45:16  all    15     0   66    0        6       0      7      0     7
15:45:17  all    20     0   10    0        2       0      9      0    58
15:45:18  all    17     0   19    0        2       0     10      0    52
15:45:19  all    18     0   19    0        5       0     12      0    47
15:45:20  all    23     0   18    0        3       0     10      0    46
15:45:21  all    21     0   21    0        2       0     11      0    45
15:45:22  all    22     0   18    0        1       0     10      1    48
15:45:23  all    20     0   15    0        1       0     11      0    54
15:45:24  all    20     0   13    0        1       0     10      0    55
15:45:25  all    19     0   12    0        2       0     10      0    56
15:45:26  all    23     0   15    0        2       0     11      0    49
15:45:27  all    19     0   15    0        3       0     12      0    51
15:45:28  all    19     0   14    0        3       0     11      0    53
15:45:29  all    21     0   20    0        2       0     11      0    46
15:45:30  all    21     0   17    0        2       0     11      0    49
15:45:31  all    22     0   17    0        1       0     10      0    50
15:45:32  all    20     0   16    0        1       0     12      0    50
15:45:33  all    22     0   16    0        1       0     14      0    47
15:45:34  all    15     0   21    0        3       0      8      0    53
15:45:35  all    21     0   13    0        0       0     16      0    50
15:45:36  all    25     0    6    0        2       0     20      0    46
15:45:37  all    23     0   11    0        3       0     13      0    50
15:45:38  all    20     0   15    0        4       0     10      0    51
15:45:39  all    19     0   14    0        4       0      8      0    55
15:45:40  all    19     0   18    0        4       0     10      0    50
15:45:41  all    18     0   17    0        2       0      8      0    54
15:45:42  all    20     0   12    0        4       0     12      0    52
15:45:43  all    19     0   16    0        2       0     11      0    53
15:45:44  all    15     0   21    0        1       0      8      0    55
15:45:45  all    12     0   10    0        1       0      7      0    69
15:45:46  all     0     0    0    0        0       0      1      0    99
15:45:47  all     0     0    0    0        0       0      0      0   100
15:45:48  all     0     0    0    0        0       0      0      0   100
15:45:49  all     0     0    0    0        0       0      0      0   100
15:45:50  all     0     0    0    0        0       0      0      0   100
15:45:51  all     2     0    0    0        0       0      0      0    98
15:45:52  all     0     0    0    0        0       0      1      0    99
15:45:53  all     0     0    0    0        0       0      0      0   100
