
o41  4.10.0-40-generic  #44~16.04.1-Ubuntu SMP Thu Nov 9 15:37:44 UTC 2017  x86_64  2017/11/24

-------------------------- analysis date: 2017/11/24 --------------------------

21:09:16  cpu  %usr %nice %sys %irq %softirq  %steal %guest  %wait %idle  _cpu_
21:09:17  all   100     0    0    0        0       0    100      0     0
21:09:18  all   100     0    0    0        0       0    100      0     0
21:09:19  all   100     0    0    0        0       0    100      0     0
21:09:20  all   100     0    0    0        0       0    100      0     0
21:09:21  all   100     0    0    0        0       0    100      0     0
21:09:22  all   100     0    0    0        0       0    100      0     0
21:09:23  all   100     0    0    0        0       0    100      0     0
21:09:24  all   100     0    0    0        0       0    100      0     0
21:09:25  all    99     0    1    0        0       0     99      0     0
21:09:26  all    97     0    3    0        0       0     98      0     0
21:09:27  all    99     0    1    0        0       0     98      0     0
21:09:28  all    98     0    2    0        0       0     98      0     0
21:09:29  all   100     0    0    0        0       0    100      0     0
21:09:30  all    98     0    2    0        0       0     98      0     0
21:09:31  all   100     0    0    0        0       0    100      0     0
21:09:32  all    99     0    1    0        0       0     99      0     0
21:09:33  all    96     0    4    0        0       0     97      0     0
21:09:34  all   100     0    0    0        0       0     99      0     0
21:09:35  all    97     0    3    0        0       0     97      0     0
21:09:36  all    98     0    2    0        0       0     97      0     0
21:09:37  all    99     0    1    0        0       0    100      0     0
21:09:38  all    98     0    2    0        0       0     98      0     0
21:09:39  all    97     0    3    0        0       0     97      0     0
21:09:40  all    99     0    1    0        0       0     99      0     0
21:09:41  all    99     0    1    0        0       0     99      0     0
21:09:42  all    98     0    2    0        0       0     98      0     0
21:09:43  all    97     0    3    0        0       0     97      0     0
21:09:44  all    98     0    2    0        0       0     98      0     0
21:09:45  all    99     0    1    0        0       0     99      0     0
21:09:46  all    98     0    2    0        0       0     97      0     0
21:09:47  all   100     0    0    0        0       0    101      0     0
21:09:48  all    99     0    1    0        0       0     99      0     0
21:09:49  all    96     0    4    0        0       0     96      0     0
21:09:50  all    99     0    1    0        0       0     99      0     0
21:09:51  all    98     0    2    0        0       0     98      0     0
21:09:52  all    97     0    3    0        0       0     97      0     0
21:09:53  all    99     0    1    0        0       0     99      0     0
21:09:54  all    99     0    1    0        0       0     99      0     0
21:09:55  all    97     0    3    0        0       0     96      0     0
21:09:56  all   100     0    0    0        0       0    101      0     0
21:09:57  all    98     0    2    0        0       0     97      0     0
21:09:58  all    99     0    1    0        0       0    100      0     0
21:09:59  all    99     0    1    0        0       0     99      0     0
21:10:00  all    99     0    1    0        0       0     99      0     0
21:10:01  all    99     0    1    0        0       0     99      0     0
21:10:02  all    99     0    1    0        0       0     99      0     0
21:10:03  all    98     0    2    0        0       0     98      0     0
21:10:04  all    98     0    2    0        0       0     98      0     0
21:10:05  all    99     0    1    0        0       0     99      0     0
21:10:06  all    98     0    2    0        0       0     97      0     0
21:10:07  all    99     0    1    0        0       0    100      0     0
21:10:08  all    99     0    1    0        0       0     98      0     0
21:10:09  all   100     0    0    0        0       0    101      0     0
21:10:10  all    98     0    2    0        0       0     98      0     0
21:10:11  all    99     0    1    0        0       0     99      0     0
21:10:12  all    97     0    3    0        0       0     97      0     0
21:10:13  all    99     0    1    0        0       0     99      0     0
21:10:14  all    98     0    2    0        0       0     98      0     0
21:10:15  all    99     0    1    0        0       0     98      0     0
21:10:16  all    99     0    1    0        0       0    100      0     0
21:10:17  all    97     0    3    0        0       0     96      0     0
21:10:18  all    98     0    2    0        0       0     98      0     0
21:10:19  all    99     0    1    0        0       0    100      0     0
21:10:20  all    99     0    1    0        0       0     98      0     0
21:10:21  all   100     0    0    0        0       0    101      0     0
21:10:22  all    98     0    2    0        0       0     98      0     0
21:10:23  all    98     0    2    0        0       0     98      0     0
21:10:24  all    99     0    1    0        0       0     99      0     0
21:10:25  all   100     0    0    0        0       0    100      0     0
21:10:26  all    98     0    2    0        0       0     98      0     0
21:10:27  all    98     0    2    0        0       0     98      0     0
21:10:28  all    99     0    1    0        0       0     99      0     0
21:10:29  all   100     0    0    0        0       0    100      0     0
21:10:30  all    98     0    2    0        0       0     98      0     0
21:10:31  all    99     0    1    0        0       0     99      0     0
21:10:32  all    99     0    1    0        0       0     99      0     0
21:10:33  all    98     0    2    0        0       0     98      0     0
21:10:34  all    97     0    3    0        0       0     97      0     0
21:10:35  all    99     0    1    0        0       0     98      0     0
21:10:36  all    99     0    1    0        0       0    100      0     0
21:10:37  all    99     0    1    0        0       0     99      0     0
21:10:38  all    98     0    2    0        0       0     98      0     0
21:10:39  all    99     0    1    0        0       0     99      0     0
21:10:40  all    98     0    2    0        0       0     98      0     0
21:10:41  all    99     0    1    0        0       0     98      0     0
21:10:42  all    98     0    2    0        0       0     98      0     0
21:10:43  all   100     0    0    0        0       0    101      0     0
21:10:44  all    99     0    1    0        0       0     99      0     0
21:10:45  all    99     0    1    0        0       0     99      0     0
21:10:46  all    98     0    2    0        0       0     98      0     0
21:10:47  all    99     0    1    0        0       0     99      0     0
21:10:48  all    99     0    1    0        0       0     99      0     0
21:10:49  all    98     0    2    0        0       0     98      0     0
21:10:50  all    99     0    1    0        0       0     99      0     0
21:10:51  all    99     0    1    0        0       0     99      0     0
21:10:52  all   100     0    0    0        0       0    100      0     0
21:10:53  all    98     0    2    0        0       0     98      0     0
21:10:54  all    98     0    2    0        0       0     97      0     0
21:10:55  all   100     0    0    0        0       0    101      0     0
21:10:56  all    99     0    1    0        0       0     99      0     0
21:10:57  all    98     0    2    0        0       0     98      0     0
21:10:58  all    99     0    1    0        0       0     99      0     0
21:10:59  all    98     0    2    0        0       0     98      0     0
21:11:00  all    99     0    1    0        0       0     99      0     0
21:11:01  all    99     0    1    0        0       0     99      0     0
21:11:02  all    98     0    2    0        0       0     97      0     0
21:11:03  all    99     0    1    0        0       0    100      0     0
21:11:04  all    99     0    1    0        0       0     99      0     0
21:11:05  all    98     0    2    0        0       0     97      0     0
21:11:06  all    99     0    1    0        0       0    100      0     0
21:11:07  all    98     0    2    0        0       0     98      0     0
21:11:08  all    99     0    1    0        0       0     98      0     0
21:11:09  all    99     0    1    0        0       0    100      0     0
21:11:10  all    99     0    1    0        0       0     99      0     0
21:11:11  all    98     0    2    0        0       0     97      0     0
21:11:12  all   100     0    0    0        0       0    101      0     0
21:11:13  all    99     0    1    0        0       0     99      0     0
21:11:14  all    98     0    2    0        0       0     98      0     0
21:11:15  all    99     0    1    0        0       0     99      0     0
21:11:16  all    98     0    2    0        0       0     97      0     0
21:11:17  all    99     0    1    0        0       0    100      0     0
21:11:18  all    99     0    1    0        0       0     99      0     0
21:11:19  all    99     0    1    0        0       0     99      0     0
21:11:20  all    98     0    2    0        0       0     98      0     0
21:11:21  all    98     0    2    0        0       0     98      0     0
21:11:22  all    99     0    1    0        0       0     99      0     0
21:11:23  all    96     0    4    0        0       0     95      0     0
21:11:24  all    99     0    1    0        0       0    100      0     0
21:11:25  all   100     0    0    0        0       0    100      0     0
21:11:26  all   100     0    0    0        0       0    100      0     0
21:11:27  all   100     0    0    0        0       0    100      0     0
21:11:28  all   100     0    0    0        0       0    100      0     0
21:11:29  all   100     0    0    0        0       0    100      0     0
21:11:30  all   100     0    0    0        0       0    100      0     0
21:11:31  all   100     0    0    0        0       0    100      0     0
21:11:32  all   100     0    0    0        0       0    100      0     0
21:11:33  all   100     0    0    0        0       0    100      0     0
