
o41  4.10.0-40-generic  #44~16.04.1-Ubuntu SMP Thu Nov 9 15:37:44 UTC 2017  x86_64  2017/11/24

-------------------------- analysis date: 2017/11/24 --------------------------

19:59:53  cpu  %usr %nice %sys %irq %softirq  %steal %guest  %wait %idle  _cpu_
19:59:54  all     0     0    0    0        0       0      0      0   100
19:59:55  all     0     0    0    0        0       0      0      0   100
19:59:56  all     0     0    0    0        0       0      0      0   100
19:59:57  all     0     0    1    0        0       0      0      0    99
19:59:58  all     0     0    0    0        0       0      0      0   100
19:59:59  all     0     0    0    0        0       0      0      0   100
20:00:00  all     1     0    1    0        0       0      0      0    98
20:00:01  all     0     0    0    0        0       0      0      0   100
20:00:02  all     1     0    0    0        0       0      0      0    99
20:00:03  all    21     0   17    0        6       0     10      0    56
20:00:04  all    21     0   25    0        3       0     10      0    51
20:00:05  all    22     0   19    0        3       0     12      0    56
20:00:06  all    23     0   17    0        2       0     11      0    58
20:00:07  all    24     0   11    0        2       0     10      0    62
20:00:08  all    18     0   18    0        3       0     10      1    59
20:00:09  all    21     0   16    0        2       0      9      0    60
20:00:10  all    19     0   21    0        6       0      7      0    54
20:00:11  all    20     0   49    0        5       0     11      0    25
20:00:12  all    21     0   73    0        5       0     10      0     1
20:00:13  all    14     0   79    0        7       0      7      0     0
20:00:14  all    16     0   80    0        4       0      7      0     0
20:00:15  all    13     0   82    0        5       0      6      0     0
20:00:16  all    15     0   81    0        4       0      7      0     0
20:00:17  all    12     0   81    0        7       0      7      0     0
20:00:18  all    18     0   46    0        3       0      9      0    33
20:00:19  all    19     0   15    0        2       0      9      0    63
20:00:20  all    21     0   13    0        1       0     10      0    66
20:00:21  all    23     0   15    0        1       0      9      0    61
20:00:22  all    18     0   17    0        3       0     11      0    62
20:00:23  all    19     0   15    0        3       0      8      0    62
20:00:24  all    19     0   15    0        3       0     11      0    62
20:00:25  all    18     0   23    0        3       0      5      0    57
20:00:26  all    23     0   19    0        0       0      4      0    58
20:00:27  all    18     0   19    0        2       0      7      0    61
20:00:28  all    20     0   19    0        3       0     11      0    57
20:00:29  all    20     0   15    0        3       0      8      0    62
20:00:30  all    23     0   16    0        2       0     13      0    59
20:00:31  all    22     0   16    0        2       0     11      0    60
20:00:32  all    21     0   16    0        3       0     12      0    60
20:00:33  all    19     0   20    0        1       0     10      0    60
20:00:34  all    20     0   16    0        3       0     10      0    61
20:00:35  all    18     0   20    0        1       0     10      0    60
20:00:36  all    23     0   15    0        2       0     12      0    60
20:00:37  all    25     0   12    0        3       0     13      0    60
20:00:38  all    20     0   18    0        3       0     11      0    59
20:00:39  all    19     0   14    0        3       0     10      0    64
20:00:40  all    20     0   16    0        3       0     12      0    61
20:00:41  all    18     0   18    0        2       0      9      0    62
20:00:42  all    19     0   16    0        2       0      6      0    62
20:00:43  all    17     0   19    0        3       0      8      0    61
20:00:44  all    19     0   16    0        4       0     10      0    61
20:00:45  all    21     0   21    0        1       0      7      0    57
20:00:46  all    23     0   15    0        0       0     16      0    62
20:00:47  all    24     0    8    0        6       0     17      0    63
20:00:48  all    22     0   11    0        4       0     13      0    62
20:00:49  all    12     0   22    0        2       0      6      0    63
20:00:50  all    12     0   28    0        1       0      4      0    59
20:00:51  all    15     0   24    0        3       0      1      0    58
20:00:52  all    21     0   17    0        3       0      4      0    59
20:00:53  all    20     0   16    0        7       0      5      0    56
20:00:54  all    27     0    9    0        0       0     20      0    64
20:00:55  all    28     0    9    0        0       0     24      0    63
20:00:56  all    27     0    8    0        2       0     20      1    62
20:00:57  all    26     0   10    0        1       0     22      0    63
20:00:58  all    20     0   19    0        0       0      8      0    60
20:00:59  all    24     0   20    0        0       0     13      0    55
20:01:00  all    23     0   17    0        0       0     12      0    61
20:01:01  all    21     0   20    0        2       0     12      0    56
20:01:02  all    19     0   19    0        2       0     12      0    60
20:01:03  all    20     0   21    0        1       0     10      0    58
20:01:04  all    18     0   18    0        3       0      5      0    62
20:01:05  all    25     0   11    0        2       0     11      0    62
20:01:06  all    22     0   17    0        5       0     12      0    56
20:01:07  all    26     0   15    0        3       0     15      0    55
20:01:08  all    22     0   25    0        0       0      3      0    54
20:01:09  all    25     0   20    0        1       0     10      0    54
20:01:10  all    17     0   21    0        3       0      9      0    59
20:01:11  all    20     0   21    0        4       0      9      0    56
20:01:12  all    19     0   18    0        1       0     10      0    63
20:01:13  all    19     0   17    0        4       0     10      0    59
20:01:14  all    21     0   16    0        1       0     10      0    62
20:01:15  all    25     0   17    0        2       0     11      0    56
20:01:16  all    21     0   18    0        2       0     11      0    59
20:01:17  all    19     0   17    0        4       0     10      0    59
20:01:18  all    21     0   17    0        5       0     12      0    57
20:01:19  all    20     0   15    0        7       0     13      0    57
20:01:20  all    18     0   16    0        4       0      7      0    61
20:01:21  all    22     0   13    0        1       0     12      0    63
20:01:22  all    18     0   16    0        4       0      8      1    61
20:01:23  all    22     0   14    0        3       0     11      0    61
20:01:24  all    20     0   16    0        2       0     11      0    61
20:01:25  all    19     0   15    0        3       0     11      0    62
20:01:26  all    18     0   16    0        4       0      9      0    62
20:01:27  all    24     0   18    0        2       0      9      0    56
20:01:28  all    26     0   18    0        0       0      3      0    56
20:01:29  all    19     0   25    0        1       0      4      0    55
20:01:30  all    18     0   19    0        2       0      9      0    61
20:01:31  all    19     0   20    0        3       0      9      0    58
20:01:32  all    20     0   16    0        4       0     11      0    59
20:01:33  all    22     0   17    0        2       0     12      0    59
20:01:34  all    22     0   14    0        3       0     10      0    60
20:01:35  all    16     0   18    0        3       0     10      0    62
20:01:36  all    22     0   14    0        3       0     11      0    60
20:01:37  all    23     0   14    0        2       0     10      0    61
20:01:38  all    18     0   18    0        3       0     10      0    60
20:01:39  all    21     0   16    0        2       0      9      0    61
20:01:40  all    22     0   17    0        3       0      8      0    58
20:01:41  all    21     0   15    0        5       0     11      0    59
20:01:42  all    20     0   18    0        1       0     12      0    60
20:01:43  all    24     0   16    0        2       0     11      0    58
20:01:44  all    19     0   17    0        2       0     12      0    61
20:01:45  all    21     0   16    0        4       0      9      0    59
20:01:46  all    19     0   16    0        3       0     10      0    62
20:01:47  all    18     0   18    0        3       0     10      0    60
20:01:48  all    22     0   18    0        3       0     12      0    57
20:01:49  all    22     0   21    0        1       0      4      0    57
20:01:50  all    15     0   26    0        1       0      6      0    58
20:01:51  all    22     0   11    0        6       0     17      0    61
20:01:52  all    22     0   10    0        2       0     21      0    65
20:01:53  all    18     0   21    0        0       0     10      0    62
20:01:54  all    20     0   16    0        2       0     13      0    62
20:01:55  all    15     0   22    0        2       0      7      0    61
20:01:56  all    22     0   19    0        1       0      5      0    58
20:01:57  all    20     0   19    0        1       0      4      1    59
20:01:58  all    18     0   20    0        0       0      2      0    62
20:01:59  all    15     0   15    0        0       0      5      0    70
20:02:00  all    17     0   16    0        1       0      3      0    66
20:02:01  all    16     0   15    0        2       0      2      0    67
20:02:02  all    18     0   11    0        2       0     12      0    69
20:02:03  all     9     0    2    0        0       0      8      0    89
20:02:04  all     0     0    0    0        0       0      0      0   100
20:02:05  all     0     0    0    0        0       0      0      0   100
20:02:06  all     0     0    0    0        0       0      0      0   100
20:02:07  all     0     0    0    0        0       0      0      0   100
20:02:08  all     0     0    0    0        0       0      0      0   100
20:02:09  all     0     0    0    0        0       0      0      0   100
20:02:10  all     0     0    0    0        0       0      0      0   100
