
o41  4.10.0-40-generic  #44~16.04.1-Ubuntu SMP Thu Nov 9 15:37:44 UTC 2017  x86_64  2017/11/23

-------------------------- analysis date: 2017/11/23 --------------------------

16:36:54  cpu  %usr %nice %sys %irq %softirq  %steal %guest  %wait %idle  _cpu_
16:36:55  all    50     0    0    0        0       0     50      0     0
16:36:56  all    50     0    0    0        0       0     50      0     0
16:36:57  all    50     0    0    0        0       0     50      0     0
16:36:58  all    50     0    0    0        0       0     50      0     0
16:36:59  all    50     0    0    0        0       0     50      0     0
16:37:00  all    50     0    0    0        0       0     50      0     0
16:37:01  all    50     0    0    0        0       0     50      0     0
16:37:02  all    50     0    0    0        0       0     50      0     0
16:37:03  all    50     0    0    0        0       0     50      0     0
16:37:04  all    48     0    3    0        2       0     47      0     0
16:37:05  all    46     0    3    0        4       0     47      0     0
16:37:06  all    47     0    3    0        3       0     47      0     0
16:37:07  all    47     0    4    0        2       0     47      0     0
16:37:08  all    47     0    4    0        3       0     47      0     0
16:37:09  all    48     0    2    0        3       0     47      0     0
16:37:10  all    48     0    2    0        2       0     48      0     0
16:37:11  all    46     0    4    0        3       0     47      0     0
16:37:12  all    47     0    4    0        3       0     47      0     0
16:37:13  all    46     0    5    0        3       0     46      0     0
16:37:14  all    47     0    4    0        2       0     47      0     0
16:37:15  all    46     0    4    0        3       0     46      0     0
16:37:16  all    47     0    4    0        3       0     47      0     0
16:37:17  all    47     0    4    0        3       0     47      0     0
16:37:18  all    47     0    3    0        3       0     47      0     0
16:37:19  all    46     0    5    0        3       0     46      0     0
16:37:20  all    47     0    4    0        4       0     46      0     0
16:37:21  all    48     0    2    0        2       0     48      0     0
16:37:22  all    47     0    4    0        3       0     46      0     0
16:37:23  all    47     0    2    0        3       0     48      0     0
16:37:24  all    47     0    3    0        3       0     47      0     0
16:37:25  all    47     0    4    0        3       0     47      0     0
16:37:26  all    48     0    2    0        2       0     48      0     0
16:37:27  all    48     0    2    0        3       0     48      0     0
16:37:28  all    47     0    3    0        4       0     46      0     0
16:37:29  all    47     0    3    0        2       0     47      0     0
16:37:30  all    46     0    5    0        3       0     46      0     0
16:37:31  all    47     0    3    0        4       0     46      0     0
16:37:32  all    47     0    3    0        2       0     48      0     0
16:37:33  all    47     0    3    0        4       0     47      0     0
16:37:34  all    46     0    4    0        3       0     46      0     0
16:37:35  all    46     0    4    0        4       0     46      0     0
16:37:36  all    45     0    4    0        4       0     46      0     0
16:37:37  all    47     0    3    0        3       0     47      0     0
16:37:38  all    47     0    3    0        2       0     47      0     0
16:37:39  all    47     0    3    0        3       0     47      0     0
16:37:40  all    47     0    4    0        2       0     47      0     0
16:37:41  all    48     0    3    0        2       0     48      0     0
16:37:42  all    47     0    3    0        2       0     47      0     0
16:37:43  all    47     0    4    0        3       0     47      0     0
16:37:44  all    46     0    4    0        3       0     46      0     0
16:37:45  all    48     0    3    0        2       0     48      0     0
16:37:46  all    48     0    3    0        2       0     47      0     0
16:37:47  all    47     0    3    0        3       0     48      0     0
16:37:48  all    47     0    4    0        2       0     47      0     0
16:37:49  all    48     0    2    0        2       0     48      0     0
16:37:50  all    47     0    4    0        3       0     46      0     0
16:37:51  all    48     0    3    0        1       0     48      0     0
16:37:52  all    45     0    4    0        5       0     45      0     0
16:37:53  all    47     0    4    0        2       0     47      0     0
16:37:54  all    47     0    4    0        3       0     47      0     0
16:37:55  all    47     0    4    0        3       0     47      0     0
16:37:56  all    48     0    3    0        2       0     48      0     0
16:37:57  all    47     0    4    0        3       0     47      0     0
16:37:58  all    46     0    4    0        4       0     46      0     0
16:37:59  all    47     0    4    0        3       0     46      0     0
16:38:00  all    47     0    3    0        3       0     47      0     0
16:38:01  all    47     0    3    0        3       0     48      0     0
16:38:02  all    46     0    5    0        3       0     46      0     0
16:38:03  all    46     0    5    0        3       0     47      0     0
16:38:04  all    47     0    3    0        3       0     47      0     0
16:38:05  all    47     0    4    0        3       0     47      0     0
16:38:06  all    47     0    4    0        3       0     46      0     0
16:38:07  all    46     0    3    0        4       0     46      0     0
16:38:08  all    48     0    2    0        2       0     48      0     0
16:38:09  all    47     0    3    0        4       0     47      0     0
16:38:10  all    47     0    4    0        2       0     47      0     0
16:38:11  all    48     0    1    0        3       0     48      0     0
16:38:12  all    47     0    3    0        3       0     47      0     0
16:38:13  all    47     0    3    0        3       0     47      0     0
16:38:14  all    48     0    3    0        2       0     48      0     0
16:38:15  all    47     0    4    0        3       0     47      0     0
16:38:16  all    46     0    5    0        2       0     46      0     0
16:38:17  all    47     0    4    0        3       0     47      0     0
16:38:18  all    47     0    3    0        3       0     47      0     0
16:38:19  all    47     0    4    0        2       0     47      0     0
16:38:20  all    46     0    4    0        3       0     46      0     0
16:38:21  all    46     0    4    0        4       0     46      0     0
16:38:22  all    47     0    3    0        2       0     47      0     0
16:38:23  all    47     0    3    0        2       0     47      0     0
16:38:24  all    47     0    4    0        2       0     47      0     0
16:38:25  all    47     0    2    0        3       0     47      0     0
16:38:26  all    48     0    2    0        3       0     48      0     0
16:38:27  all    47     0    4    0        2       0     47      0     0
16:38:28  all    48     0    2    0        3       0     48      0     0
16:38:29  all    48     0    3    0        2       0     48      0     0
16:38:30  all    47     0    4    0        3       0     47      0     0
16:38:31  all    47     0    3    0        3       0     47      0     0
16:38:32  all    47     0    4    0        3       0     47      0     0
16:38:33  all    47     0    4    0        2       0     47      0     0
16:38:34  all    47     0    4    0        3       0     47      0     0
16:38:35  all    47     0    3    0        3       0     47      0     0
16:38:36  all    47     0    3    0        3       0     47      0     0
16:38:37  all    47     0    3    0        3       0     47      0     0
16:38:38  all    47     0    4    0        2       0     47      0     0
16:38:39  all    48     0    3    0        2       0     48      0     0
16:38:40  all    47     0    3    0        3       0     47      0     0
16:38:41  all    47     0    4    0        3       0     47      0     0
16:38:42  all    47     0    4    0        2       0     47      0     0
16:38:43  all    48     0    3    0        2       0     48      0     0
16:38:44  all    47     0    3    0        3       0     47      0     0
16:38:45  all    47     0    4    0        3       0     47      0     0
16:38:46  all    47     0    3    0        3       0     47      0     0
16:38:47  all    48     0    3    0        2       0     48      0     0
16:38:48  all    47     0    4    0        2       0     47      0     0
16:38:49  all    47     0    2    0        4       0     47      0     0
16:38:50  all    47     0    4    0        3       0     47      0     0
16:38:51  all    47     0    3    0        2       0     47      0     0
16:38:52  all    47     0    3    0        3       0     47      0     0
16:38:53  all    47     0    3    0        3       0     47      0     0
16:38:54  all    47     0    3    0        3       0     47      0     0
16:38:55  all    47     0    3    0        3       0     47      0     0
16:38:56  all    46     0    5    0        3       0     46      0     0
16:38:57  all    47     0    5    0        2       0     46      0     0
16:38:58  all    46     0    3    0        4       0     46      0     0
16:38:59  all    47     0    2    0        4       0     47      0     0
16:39:00  all    47     0    3    0        2       0     48      0     0
16:39:01  all    47     0    4    0        3       0     47      0     0
16:39:02  all    47     0    5    0        1       0     47      0     0
16:39:03  all    47     0    3    0        3       0     47      0     0
16:39:04  all    46     0    4    0        3       0     46      0     0
16:39:05  all    50     0    0    0        0       0     50      0     0
16:39:06  all    50     0    0    0        0       0     50      0     0
16:39:07  all    50     0    0    0        0       0     50      0     0
16:39:08  all    50     0    0    0        0       0     50      0     0
16:39:09  all    50     0    0    0        0       0     50      0     0
16:39:10  all    50     0    0    0        0       0     50      0     0
16:39:11  all    50     0    0    0        0       0     50      0     0
16:39:12  all    50     0    0    0        0       0     50      0     0
