
n41  4.10.1-itri  #1 SMP Sat Mar 3 20:34:58 EST 2018  x86_64  2018/03/22

-------------------------- analysis date: 2018/03/22 --------------------------

01:21:41  cpu  %usr %nice %sys %irq %softirq  %steal %guest  %wait %idle  _cpu_
01:21:42  all     0     0    0    0        0       0      0     24    76
01:21:43  all     0     0    0    0        0       0      0      0   100
01:21:44  all     0     0    0    0        0       0      0     26    74
01:21:45  all     0     0    0    0        0       0      0     10    90
01:21:46  all     0     0    1    0        0       0      0      0    99
01:21:47  all     8     0   30    0        6       0      0     42    14
01:21:48  all     9     0   26    0       32       0      0      0    33
01:21:49  all    12     0   25    0       21       0      0      1    40
01:21:50  all    11     0   30    0       20       0      0      0    40
01:21:51  all    12     0   33    0       18       0      0      0    37
01:21:52  all     6     0   30    0       23       0      0      9    32
01:21:53  all    10     0   32    0       16       0      0     13    29
01:21:54  all    11     0   24    0       27       0      0      1    38
01:21:55  all    12     0   28    0       19       0      0      0    41
01:21:56  all     8     0   27    0       25       0      0      0    41
01:21:57  all    10     0   27    0       23       0      0      0    40
01:21:58  all    15     0   26    0       21       0      0      1    38
01:21:59  all     9     0   30    0       21       0      0      0    40
01:22:00  all     7     0   28    0       26       0      0      0    39
01:22:01  all    10     0   33    0       17       0      0      0    40
01:22:02  all     4     0   34    0       19       0      0      1    42
01:22:03  all    10     0   28    0       21       0      0      1    40
01:22:04  all    12     0   27    0       23       0      0      0    39
01:22:05  all     8     0   33    0       18       0      0      0    41
01:22:06  all    12     0   26    0       21       0      0      0    41
01:22:07  all    11     0   27    0       23       0      0      0    40
01:22:08  all     7     0   31    0       21       0      0      1    40
01:22:09  all    13     0   27    0       21       0      0      0    38
01:22:10  all     7     0   32    0       22       0      0      0    39
01:22:11  all     7     0   35    0       19       0      0      0    39
01:22:12  all    10     0   26    0       22       0      0      0    42
01:22:13  all     8     0   28    0       25       0      0      1    39
01:22:14  all    10     0   30    0       20       0      0      0    40
01:22:15  all    12     0   35    0       14       0      0      0    39
01:22:16  all    10     0   26    0       24       0      0      0    40
01:22:17  all    12     0   25    0       26       0      0      0    36
01:22:18  all    11     0   30    0       19       0      0      1    39
01:22:19  all     6     0   33    0       19       0      0      0    41
01:22:20  all     8     0   29    0       22       0      0      0    41
01:22:21  all     8     0   27    0       21       0      0      0    44
01:22:22  all     8     0   32    0       19       0      0      0    41
01:22:23  all    11     0   27    0       21       0      0      1    40
01:22:24  all     9     0   26    0       15       0      0      2    48
01:22:25  all     0     0    0    0        0       0      0      0   100
01:22:26  all     0     0    0    0        0       0      0      0   100
01:22:27  all     0     0    0    0        0       0      0      0   100
01:22:28  all     0     0    0    0        0       0      0      2    98
