
ubuntu  4.10.0-42-generic  #46~16.04.1-Ubuntu SMP Mon Dec 4 15:57:59 UTC 2017  x86_64  2018/01/31

-------------------------- analysis date: 2018/01/31 --------------------------

09:19:52  cpu  %usr %nice %sys %irq %softirq  %steal %guest  %wait %idle  _cpu_
09:19:53  all     0     0    0    0        0       0      0      0   200
            0     0     0    0    0        0       0      0      0   100
            1     0     0    0    0        0       0      0      0   100
09:19:54  all     0     0    0    0        0       0      0      1   199
            0     0     0    0    0        0       0      0      0   100
            1     0     0    0    0        0       0      0      1    99
09:19:55  all     0     0    0    0        0       0      0      0   200
            0     0     0    0    0        0       0      0      0   100
            1     0     0    0    0        0       0      0      0   100
09:19:56  all     0     0    0    0        0       0      0      0   200
            0     0     0    0    0        0       0      0      0   100
            1     0     0    0    0        0       0      0      0   100
09:19:57  all     0     0    0    0        0       0      0      0   200
            0     0     0    0    0        0       0      0      0   100
            1     0     0    0    0        0       0      0      0   100
09:19:58  all     0     0    0    0        0       0      0      2   198
            0     0     0    0    0        0       0      0      0   100
            1     0     0    0    0        0       0      0      2    98
09:19:59  all    50     0   34    0        6       0     49      2   108
            0    45     0    5    0        0       0     46      0    50
            1     1     0   31    0        7       0      0      2    59
09:20:00  all    48     0   41    0        3       0     49      0   108
            0    46     0    5    0        0       0     46      0    50
            1     0     0   37    0        4       0      0      0    59
09:20:01  all    50     0   32    0        5       0     49      0   112
            0    45     0    5    0        0       0     45      0    50
            1     0     0   31    0        6       0      0      0    63
09:20:02  all    46     0   30    0        7       0     47      0   117
            0    42     0    7    0        0       0     42      0    51
            1     0     0   25    0        8       0      0      0    67
09:20:03  all    47     0   36    0        3       0     46      0   114
            0    43     0    5    0        0       0     43      0    52
            1     0     0   34    0        4       0      0      0    62
09:20:04  all    43     0   39    0        6       0     43      0   112
            0    40     0    8    0        0       0     40      0    52
            1     0     0   33    0        6       0      0      0    62
09:20:05  all    44     0   39    0        5       0     45      0   112
            0    43     0    4    0        0       0     43      0    53
            1     0     0   36    0        6       0      0      0    59
09:20:06  all    54     0   33    0        6       0     53      0   107
            0    47     0    7    0        0       0     47      0    46
            1     0     0   30    0        6       0      0      0    63
09:20:07  all    43     0   43    0        3       0     43      0   111
            0    41     0    7    0        0       0     41      0    52
            1     0     0   38    0        3       0      0      0    59
09:20:08  all    48     0   35    0        7       0     48      0   109
            0    45     0    5    0        0       0     45      0    50
            1     0     0   32    0        8       0      0      0    60
09:20:09  all    43     0   36    0        8       0     44      0   114
            0    41     0    7    0        0       0     40      0    52
            1     0     0   30    0        8       0      0      0    62
09:20:10  all    45     0   40    0        4       0     45      0   111
            0    42     0    7    0        0       0     42      0    51
            1     0     0   35    0        5       0      0      0    60
09:20:11  all    69     0   40    0       19       0     69      0    72
            0    62     0    7    0        0       0     63      0    31
            1     0     0   36    0       22       0      0      0    41
09:20:12  all    75     0   47    0       20       0     75      0    58
            0    69     0    6    0        0       0     69      0    25
            1     0     0   43    0       22       0      0      0    35
09:20:13  all    68     0   49    0       17       0     67      0    66
            0    63     0    8    0        0       0     63      0    29
            1     0     0   44    0       19       0      0      0    37
09:20:14  all    78     0   43    0       20       0     80      0    59
            0    71     0    5    0        0       0     70      0    25
            1     0     0   42    0       22       0      0      0    35
09:20:15  all    69     0   47    0       22       0     69      0    61
            0    63     0   11    0        0       0     63      0    26
            1     0     0   40    0       23       0      0      0    36
09:20:16  all    73     0   52    0       16       0     73      0    59
            0    68     0    5    0        0       0     68      0    27
            1     0     0   49    0       18       0      0      0    33
09:20:17  all    73     0   49    0       17       0     73      0    61
            0    66     0    8    0        0       0     66      0    26
            1     0     0   46    0       19       0      0      0    36
09:20:18  all    70     0   49    0       20       0     70      0    60
            0    66     0    7    0        0       0     66      0    26
            1     0     0   44    0       21       0      0      0    35
09:20:19  all    73     0   42    0       23       0     72      0    62
            0    65     0    7    0        0       0     66      0    27
            1     0     0   38    0       26       0      0      0    36
09:20:20  all    77     0   47    0       15       0     78      0    61
            0    69     0    6    0        0       0     68      0    25
            1     0     0   47    0       17       0      0      0    36
09:20:21  all    73     0   47    0       14       0     72      0    66
            0    65     0    7    0        0       0     66      0    28
            1     0     0   42    0       18       0      0      0    40
09:20:22  all    70     0   43    0       24       0     70      1    62
            0    64     0    9    0        0       0     64      0    26
            1     0     0   38    0       27       0      0      0    35
09:20:23  all    73     0   45    0       21       0     73      0    60
            0    67     0    7    0        0       0     67      0    26
            1     0     0   41    0       24       0      0      0    35
09:20:24  all    74     0   49    0       18       0     75      0    60
            0    66     0    9    0        0       0     66      0    25
            1     0     0   44    0       20       0      0      0    35
09:20:25  all    79     0   44    0       19       0     79      0    57
            0    71     0    5    0        0       0     70      0    24
            1     0     0   44    0       22       0      0      0    34
09:20:26  all    78     0   46    0       17       0     78      0    59
            0    69     0    7    0        0       0     69      0    24
            1     0     0   43    0       20       0      0      0    37
09:20:27  all    71     0   43    0       18       0     71      0    68
            0    66     0    4    0        0       0     66      0    30
            1     0     0   42    0       19       0      0      0    39
09:20:28  all    73     0   52    0       22       0     73      0    52
            0    68     0    9    0        0       0     68      0    22
            1     0     0   46    0       24       0      0      0    31
09:20:29  all    83     0   45    0       28       0     82      0    45
            0    75     0    6    0        0       0     76      0    19
            1     1     0   43    0       30       0      0      0    26
09:20:30  all    70     0   49    0       26       0     70      0    55
            0    67     0    9    0        0       0     67      0    24
            1     0     0   42    0       27       0      0      0    31
09:20:31  all    73     0   49    0       26       0     73      0    52
            0    69     0    8    0        0       0     68      0    23
            1     0     0   43    0       27       0      0      0    30
09:20:32  all    57     0   50    0       19       0     57      0    74
            0    57     0    8    0        0       0     57      0    35
            1     0     0   41    0       19       0      0      0    40
09:20:33  all    70     0   44    0       23       0     71      0    63
            0    64     0    8    0        0       0     64      0    28
            1     0     0   39    0       26       0      0      0    35
09:20:34  all    72     0   48    0       18       0     71      0    62
            0    66     0    7    0        0       0     67      0    27
            1     0     0   44    0       19       0      0      0    37
09:20:35  all    72     0   45    0       24       0     72      0    58
            0    66     0    9    0        0       0     66      0    25
            1     0     0   40    0       27       0      0      0    34
09:20:36  all    72     0   48    0       21       0     73      0    59
            0    66     0    8    0        0       0     65      0    26
            1     0     0   42    0       23       0      0      0    35
09:20:37  all    77     0   46    0       20       0     76      0    57
            0    70     0    6    0        0       0     71      0    25
            1     0     0   44    0       23       0      0      0    33
09:20:38  all    76     0   41    0       22       0     76      0    61
            0    69     0    4    0        0       0     69      0    27
            1     0     0   40    0       25       0      0      0    35
09:20:39  all    73     0   46    0       20       0     73      0    61
            0    68     0    6    0        0       0     68      0    26
            1     0     0   43    0       22       0      0      0    35
09:20:40  all    67     0   46    0       15       0     67      0    72
            0    62     0    6    0        0       0     62      0    31
            1     0     0   42    0       17       0      0      0    41
09:20:41  all    73     0   43    0       24       0     74      0    60
            0    66     0    8    0        0       0     65      0    26
            1     0     0   39    0       25       0      0      0    35
09:20:42  all    72     0   47    0       20       0     71      0    61
            0    68     0    4    0        0       0     70      0    27
            1     0     0   45    0       22       0      0      0    34
09:20:43  all    66     0   46    0       20       0     66      0    67
            0    63     0    6    0        0       0     63      0    31
            1     0     0   42    0       21       0      0      0    37
09:20:44  all    75     0   46    0       19       0     75      0    60
            0    69     0    4    0        0       0     69      0    26
            1     0     0   44    0       21       0      0      0    35
09:20:45  all    73     0   50    0       16       0     75      0    61
            0    65     0   10    0        0       0     64      0    25
            1     0     0   45    0       19       0      0      0    36
09:20:46  all    72     0   46    0       21       0     72      0    61
            0    67     0    6    0        0       0     67      0    27
            1     0     0   43    0       22       0      0      0    35
09:20:47  all    74     0   45    0       21       0     73      0    60
            0    67     0    7    0        0       0     68      0    26
            1     0     0   42    0       23       0      0      0    35
09:20:48  all    75     0   46    0       20       0     76      0    59
            0    69     0    5    0        0       0     68      0    26
            1     0     0   43    0       23       0      0      0    34
09:20:49  all    74     0   48    0       23       0     72      0    55
            0    67     0    8    0        0       0     68      0    24
            1     1     0   43    0       24       0      0      0    32
09:20:50  all    49     0   39    0        7       0     46      0   105
            0    44     0    8    0        0       0     43      0    48
            1     2     0   32    0        9       0      0      0    57
09:20:51  all    42     0   36    0        8       0     43      0   114
            0    39     0    8    0        0       0     39      0    53
            1     0     0   30    0        8       0      0      0    62
09:20:52  all    42     0   38    0        7       0     42      0   113
            0    41     0    6    0        0       0     41      0    53
            1     0     0   34    0        6       0      0      0    61
09:20:53  all    39     0   40    0       14       0     39      0   107
            0    26     0    4    0        2       0     26      0    68
            1    13     0   36    0       13       0     13      0    38
09:20:54  all    45     0   36    0        9       0     44      0   111
            0    42     0    6    0        0       0     42      0    52
            1     0     0   32    0        8       0      0      0    60
09:20:55  all    48     0   32    0        9       0     48      1   111
            0    43     0    7    0        0       0     43      0    50
            1     0     0   27    0       11       0      0      1    61
09:20:56  all    46     0   35    0        6       0     46      0   112
            0    43     0    7    0        0       0     43      0    50
            1     0     0   30    0        6       0      0      0    64
09:20:57  all    40     0   38    0        7       0     40      0   116
            0    38     0    8    0        0       0     38      0    54
            1     0     0   30    0        7       0      0      0    63
09:20:58  all    38     0   39    0        6       0     39      0   117
            0    37     0    7    0        0       0     37      0    56
            1     0     0   33    0        7       0      0      0    60
09:20:59  all    46     0   36    0        3       0     46      0   116
            0    41     0    8    0        0       0     41      0    51
            1     0     0   29    0        3       0      0      0    68
09:21:00  all    38     0   35    0        6       0     38      0   121
            0    37     0    7    0        0       0     37      0    57
            1     0     0   29    0        7       0      0      0    64
09:21:01  all    46     0   36    0        6       0     46      0   111
            0    42     0    8    0        0       0     42      0    50
            1     0     0   32    0        6       0      0      0    62
09:21:02  all    41     0   34    0        4       0     40      0   122
            0    39     0    6    0        0       0     39      0    56
            1     0     0   30    0        5       0      0      0    65
09:21:03  all    42     0   38    0        5       0     42      0   114
            0    40     0    5    0        0       0     40      0    54
            1     0     0   33    0        6       0      0      0    61
09:21:04  all    46     0   38    0        6       0     47      0   110
            0    43     0    6    0        0       0     44      0    51
            1     0     0   34    0        6       0      0      0    60
09:21:05  all    47     0   33    0        4       0     47      0   116
            0    42     0    8    0        0       0     42      0    50
            1     0     0   29    0        5       0      0      0    66
09:21:06  all    44     0   39    0        6       0     44      1   109
            0    41     0   10    0        0       0     40      0    50
            1     0     0   31    0        8       0      0      1    60
09:21:07  all    49     0   31    0        7       0     49      0   113
            0    45     0    5    0        0       0     45      0    50
            1     0     0   28    0        6       0      0      0    66
09:21:08  all    45     0   35    0        4       0     44      0   115
            0    43     0    3    0        0       0     43      0    54
            1     0     0   34    0        6       0      0      0    60
09:21:09  all    40     0   40    0        5       0     42      0   114
            0    39     0    6    0        0       0     39      0    54
            1     0     0   34    0        5       0      0      0    61
09:21:10  all    46     0   36    0        5       0     46      0   112
            0    43     0    7    0        0       0     43      0    50
            1     0     0   31    0        7       0      0      0    62
09:21:11  all    46     0   34    0        7       0     46      0   114
            0    42     0    7    0        0       0     43      0    51
            1     0     0   30    0        6       0      0      0    64
09:21:12  all    45     0   42    0        5       0     45      0   108
            0    42     0    7    0        0       0     41      0    51
            1     0     0   36    0        6       0      0      0    59
09:21:13  all    45     0   38    0        6       0     45      0   111
            0    42     0    7    0        0       0     42      0    51
            1     0     0   32    0        7       0      0      0    61
09:21:14  all    54     0   27    0        4       0     54      0   114
            0    48     0    2    0        0       0     48      0    50
            1     0     0   28    0        5       0      0      0    67
09:21:15  all    43     0   36    0        6       0     42      0   116
            0    42     0    3    0        0       0     42      0    55
            1     0     0   34    0        6       0      0      0    60
09:21:16  all    43     0   34    0        7       0     43      0   117
            0    40     0    5    0        0       0     41      0    55
            1     1     0   30    0        7       0      0      0    62
09:21:17  all    42     0   39    0        5       0     42      0   114
            0    39     0    9    0        0       0     38      0    52
            1     0     0   31    0        6       0      0      0    63
09:21:18  all    45     0   38    0        5       0     45      0   112
            0    41     0    8    0        0       0     41      0    51
            1     0     0   31    0        6       0      0      0    63
09:21:19  all    42     0   34    0        8       0     40      0   117
            0    40     0    5    0        0       0     40      0    55
            1     0     0   29    0        8       0      0      0    62
09:21:20  all    45     0   37    0        5       0     45      0   113
            0    41     0    6    0        0       0     42      0    53
            1     0     0   33    0        7       0      0      0    60
09:21:21  all    44     0   41    0        6       0     45      0   108
            0    42     0   10    0        0       0     41      0    49
            1     0     0   33    0        7       0      0      0    60
09:21:22  all    46     0   34    0        8       0     45      0   113
            0    42     0    6    0        0       0     42      1    51
            1     0     0   30    0        7       0      0      0    63
09:21:23  all    50     0   37    0        4       0     50      0   109
            0    46     0    4    0        0       0     46      0    50
            1     0     0   35    0        5       0      0      0    60
09:21:24  all    41     0   39    0        7       0     41      0   114
            0    39     0    8    0        0       0     39      0    53
            1     0     0   31    0        7       0      0      0    62
09:21:25  all    43     0   39    0        5       0     43      0   113
            0    40     0    7    0        0       0     40      0    53
            1     0     0   33    0        6       0      0      0    61
09:21:26  all    43     0   34    0        8       0     42      2   113
            0    40     0    7    0        0       0     40      0    53
            1     1     0   29    0        8       0      0      1    61
09:21:27  all    41     0   46    0        4       0     41      0   109
            0    38     0   13    0        0       0     38      0    50
            1     0     0   35    0        6       0      0      0    60
09:21:28  all    45     0   36    0        3       0     45      0   115
            0    42     0    4    0        0       0     42      0    54
            1     1     0   33    0        4       0      0      0    62
09:21:29  all    46     0   38    0        8       0     46      0   108
            0    20     0   19    0        0       0     20      0    61
            1    25     0   20    0        8       0     27      0    46
09:21:30  all    49     0   30    0        7       0     49      0   114
            0    46     0    2    0        0       0     46      0    52
            1     0     0   30    0        7       0      0      0    63
09:21:31  all    43     0   34    0       11       0     43      0   112
            0    41     0    6    0        0       0     41      0    53
            1     0     0   29    0       10       0      0      0    61
09:21:32  all    48     0   36    0        4       0     48      0   111
            0    45     0    4    0        0       0     45      0    51
            1     0     0   34    0        6       0      0      0    60
09:21:33  all    46     0   39    0        5       0     44      0   110
            0    42     0    8    0        0       0     42      0    50
            1     1     0   33    0        6       0      0      0    60
09:21:34  all    42     0   43    0        4       0     42      0   111
            0    40     0    6    0        0       0     40      0    54
            1     0     0   38    0        3       0      0      0    58
09:21:35  all    44     0   39    0        3       0     44      0   114
            0    41     0    4    0        0       0     43      0    54
            1     0     0   36    0        3       0      0      0    60
09:21:36  all    46     0   39    0        4       0     46      0   111
            0    44     0    6    0        0       0     44      0    50
            1     0     0   34    0        5       0      0      0    61
09:21:37  all    46     0   40    0        4       0     45      0   109
            0    43     0    7    0        0       0     42      0    50
            1     1     0   36    0        4       0      0      0    58
09:21:38  all    48     0   40    0        8       0     48      0   103
            0    21     0   18    0        0       0     21      0    61
            1    27     0   22    0        9       0     27      0    42
09:21:39  all    47     0   36    0        5       0     46      0   111
            0    43     0    7    0        0       0     43      0    50
            1     0     0   33    0        7       0      0      0    60
09:21:40  all    48     0   36    0        6       0     48      0   109
            0    45     0    6    0        0       0     45      0    50
            1     1     0   31    0        6       0      0      0    62
09:21:41  all    40     0   35    0        8       0     40      0   117
            0    37     0    9    0        0       0     37      0    54
            1     0     0   28    0        8       0      0      0    64
09:21:42  all    42     0   41    0        6       0     41      0   110
            0    40     0    9    0        0       0     40      0    51
            1     1     0   33    0        7       0      0      0    59
09:21:43  all    43     0   41    0        4       0     43      0   111
            0    40     0    8    0        0       0     40      0    52
            1     0     0   34    0        5       0      0      0    61
09:21:44  all    47     0   38    0        4       0     47      0   111
            0    44     0    6    0        0       0     44      0    50
            1     0     0   35    0        5       0      0      0    60
09:21:45  all    49     0   36    0        4       0     49      0   111
            0    44     0    6    0        0       0     44      0    50
            1     0     0   32    0        6       0      0      0    62
09:21:46  all    39     0   40    0        3       0     39      0   118
            0    35     0    9    0        0       0     37      0    56
            1     0     0   33    0        4       0      0      0    63
09:21:47  all    46     0   34    0        4       0     46      0   115
            0    42     0    8    0        0       0     41      0    50
            1     0     0   29    0        4       0      0      0    67
09:21:48  all    46     0   35    0        6       0     46      0   112
            0    42     0    6    0        0       0     42      0    52
            1     1     0   30    0        7       0      0      0    62
09:21:49  all    46     0   36    0        7       0     45      0   110
            0    43     0    5    0        0       0     43      0    52
            1     0     0   33    0        8       0      0      0    59
09:21:50  all    42     0   38    0        7       0     42      0   114
            0    40     0    6    0        0       0     40      0    54
            1     0     0   32    0        8       0      0      0    60
09:21:51  all    40     0   37    0        6       0     42      0   117
            0    39     0    4    0        0       0     40      1    55
            1     0     0   34    0        5       0      0      0    62
09:21:52  all    46     0   38    0       13       0     45      0   103
            0     0     0   32    0        0       0      0      0    68
            1    49     0    5    0       14       0     49      0    33
09:21:53  all    40     0   35    0       14       0     39      0   111
            0     0     0   26    0        0       0      0      0    74
            1    42     0    7    0       15       0     40      0    36
09:21:54  all    48     0   39    0        7       0     49      0   105
            0     0     0   32    0        0       0      0      0    68
            1    52     0    7    0        8       0     52      0    34
09:21:55  all    46     0   40    0       11       0     46      0   104
            0     0     0   33    0        0       0      0      0    67
            1    49     0    6    0       10       0     49      0    34
09:21:56  all    48     0   34    0        9       0     46      0   109
            0     0     0   27    0        0       0      0      0    73
            1    49     0    6    0        9       0     49      0    35
09:21:57  all    41     0   39    0       10       0     41      0   109
            0     0     0   29    0        0       0      0      0    71
            1    45     0    7    0       12       0     45      0    35
09:21:58  all    47     0   36    0        8       0     46      0   109
            0     0     0   29    0        0       0      0      0    71
            1    50     0    6    0        8       0     49      0    36
09:21:59  all     9     0    5    0        2       0      9      0   184
            0     0     0    3    0        0       0      0      0    97
            1     9     0    2    0        1       0      9      0    88
09:22:00  all     3     0    1    0        0       0      4      0   196
            0     0     0    0    0        0       0      0      0   100
            1     4     0    1    0        0       0      4      0    95
09:22:01  all     1     0    0    0        0       0      1      0   199
            0     0     0    0    0        0       0      0      0   100
            1     1     0    0    0        0       0      1      0    99
09:22:02  all     0     0    0    0        0       0      0      0   200
            0     0     0    0    0        0       0      0      0   100
            1     0     0    0    0        0       0      0      0   100
09:22:03  all     0     0    0    0        0       0      0      0   200
            0     0     0    0    0        0       0      0      0   100
            1     0     0    0    0        0       0      0      0   100
09:22:04  all     1     0    1    0        0       0      0      0   198
            0     0     0    0    0        0       0      0      0   100
            1     0     0    1    0        0       0      0      0    99
09:22:05  all     0     0    0    0        0       0      0      1   199
            0     0     0    0    0        0       0      0      0   100
            1     0     0    0    0        0       0      0      1    99
09:22:06  all     0     0    0    0        0       0      0      0   200
            0     0     0    0    0        0       0      0      0   100
            1     0     0    0    0        0       0      0      0   100
09:22:07  all     0     0    0    0        0       0      0      0   200
            0     0     0    0    0        0       0      0      0   100
            1     0     0    0    0        0       0      0      0   100
09:22:08  all     0     0    1    0        0       0      0      0   199
            0     0     0    0    0        0       0      0      0   100
            1     0     0    1    0        0       0      0      0    99
