
itri  4.4.0-87-generic  #110-Ubuntu SMP Tue Jul 18 12:55:35 UTC 2017  x86_64  2018/02/01

-------------------------- analysis date: 2018/02/01 --------------------------

22:51:28  cpu  %usr %nice %sys %irq %softirq  %steal %guest  %wait %idle  _cpu_
22:51:29  all     0     0    1    0        0       0      0      0    99
22:51:30  all     0     0    0    0        0       0      0      0   100
22:51:31  all     0     0    0    0        0       0      0      0   100
22:51:32  all     0     0    1    0        0       0      0      0    99
22:51:33  all     0     0    0    0        0       0      0      0   100
22:51:34  all     0     0   36    0        3       0      0      0    60
22:51:35  all     1     0   33    0        2       0      0      0    64
22:51:36  all     0     0   31    0        3       0      0      0    66
22:51:37  all     1     0   33    0        2       0      0      0    64
22:51:38  all     1     0   32    0        3       0      0      0    63
22:51:39  all     1     0   29    0        3       0      0      0    67
22:51:40  all     0     0   30    0        4       0      0      0    65
22:51:41  all     0     0   31    0        3       0      0      0    66
22:51:42  all     3     0   31    0        3       0      0      0    63
22:51:43  all     1     0   32    0        2       0      0      0    65
22:51:44  all     0     0   32    0        2       0      0      0    66
22:51:45  all     0     0   32    0        4       0      0      0    63
22:51:46  all     2     0   28    0        2       0      0      0    67
22:51:47  all     1     0   30    0        1       0      0      0    68
22:51:48  all     0     0   28    0        6       0      0      0    67
22:51:49  all     1     0   30    0        2       0      0      0    66
22:51:50  all     0     0   32    0        2       0      0      0    66
22:51:51  all     1     0   32    0        5       0      0      0    62
22:51:52  all     1     0   26    0        2       0      0      0    70
22:51:53  all     0     0   33    0        2       0      0      0    65
22:51:54  all     1     0   30    0        3       0      0      0    66
22:51:55  all     0     0   32    0        5       0      0      0    63
22:51:56  all     1     0   32    0        3       0      0      0    63
22:51:57  all     0     0   31    0        2       0      0      0    66
22:51:58  all     0     0   30    0        3       0      0      0    67
22:51:59  all     1     0   30    0        3       0      0      0    66
22:52:00  all     1     0   32    0        2       0      0      0    65
22:52:01  all     1     0   33    0        3       0      0      0    63
22:52:02  all     1     0   32    0        2       0      0      0    65
22:52:03  all     0     0   27    0        6       0      0      0    67
22:52:04  all     1     0   28    0        3       0      0      0    68
22:52:05  all     0     0   30    0        3       0      0      0    66
22:52:06  all     1     0   24    0        4       0      0      0    71
22:52:07  all     0     0   29    0        3       0      0      0    68
22:52:08  all     1     0   29    0        2       0      0      0    68
22:52:09  all     1     0   27    0        5       0      0      0    66
22:52:10  all     0     0   31    0        2       0      0      0    66
22:52:11  all     0     0   25    0        1       0      0      0    74
22:52:12  all     2     0   27    0        3       0      0      0    67
22:52:13  all     0     0   30    0        3       0      0      0    66
22:52:14  all     0     0   29    0        7       0      0      0    64
22:52:15  all     0     0   29    0        1       0      0      0    70
22:52:16  all     0     0   30    0        2       0      0      0    68
22:52:17  all     1     0   31    0        2       0      0      0    66
22:52:18  all     0     0   31    0        3       0      0      0    66
22:52:19  all     0     0   32    0        2       0      0      0    66
22:52:20  all     0     0   28    0        5       0      0      0    67
22:52:21  all     1     0   27    0        3       0      0      0    69
22:52:22  all     0     0   33    0        3       0      0      0    64
22:52:23  all     1     0   34    0        2       0      0      0    63
22:52:24  all     0     0   32    0        4       0      0      0    64
22:52:25  all     0     0   29    0        2       0      0      0    69
22:52:26  all     0     0   29    0        4       0      0      0    66
22:52:27  all     0     0   32    0        3       0      0      0    65
22:52:28  all     1     0   31    0        5       0      0      0    63
22:52:29  all     0     0   31    0        2       0      0      0    67
22:52:30  all     0     0   32    0        3       0      0      0    65
22:52:31  all     1     0   26    0        3       0      0      0    70
22:52:32  all     1     0   31    0        3       0      0      0    65
22:52:33  all     0     0   31    0        5       0      0      0    63
22:52:34  all     0     0   30    0        5       0      0      0    64
22:52:35  all     1     0   28    0        3       0      0      0    68
22:52:36  all     1     0   33    0        2       0      0      0    64
22:52:37  all     0     0   31    0        3       0      0      0    66
22:52:38  all     0     0   30    0        3       0      0      0    67
22:52:39  all     1     0   31    0        5       0      0      0    63
22:52:40  all     0     0   30    0        5       0      0      0    65
22:52:41  all     0     0   30    0        5       0      0      0    65
22:52:42  all     1     0   30    0        3       0      0      0    66
22:52:43  all     0     0   34    0        2       0      0      0    64
22:52:44  all     0     0   30    0        2       0      0      0    68
22:52:45  all     1     0   31    0        3       0      0      0    65
22:52:46  all     1     0   32    0        3       0      0      0    64
22:52:47  all     1     0   29    0        3       0      0      0    66
22:52:48  all     1     0   32    0        2       0      0      0    65
22:52:49  all     2     0   30    0        1       0      0      0    66
22:52:50  all     0     0   29    0        4       0      0      0    66
22:52:51  all     0     0   33    0        3       0      0      0    64
22:52:52  all     0     0   31    0        3       0      0      0    66
22:52:53  all     1     0   34    0        1       0      0      0    64
22:52:54  all     1     0   33    0        2       0      0      0    63
22:52:55  all     1     0   29    0        3       0      0      0    66
22:52:56  all     1     0   30    0        3       0      0      0    66
22:52:57  all     0     0   30    0        5       0      0      0    65
22:52:58  all     1     0   30    0        2       0      0      0    66
22:52:59  all     2     0   30    0        2       0      0      0    66
22:53:00  all     1     0   32    0        3       0      0      0    64
22:53:01  all     0     0   32    0        3       0      0      0    65
22:53:02  all     0     0   30    0        5       0      0      0    65
22:53:03  all     1     0   32    0        3       0      0      0    63
22:53:04  all     1     0   33    0        2       0      0      0    64
22:53:05  all     0     0   30    0        3       0      0      0    67
22:53:06  all     0     0   30    0        3       0      0      0    67
22:53:07  all     0     0   34    0        2       0      0      0    63
22:53:08  all     0     0   33    0        1       0      0      0    66
22:53:09  all     2     0   31    0        2       0      0      0    65
22:53:10  all     0     0   34    0        4       0      0      0    61
22:53:11  all     2     0   33    0        3       0      0      0    62
22:53:12  all     0     0   33    0        2       0      0      0    65
22:53:13  all     0     0   31    0        2       0      0      0    67
22:53:14  all     1     0   32    0        2       0      0      0    65
22:53:15  all     0     0   33    0        2       0      0      0    65
22:53:16  all     1     0   32    0        2       0      0      0    65
22:53:17  all     0     0   33    0        3       0      0      0    64
22:53:18  all     0     0   31    0        4       0      0      0    65
22:53:19  all     0     0   30    0        2       0      0      0    68
22:53:20  all     0     0   30    0        3       0      0      0    66
22:53:21  all     1     0   33    0        1       0      0      0    65
22:53:22  all     1     0   32    0        2       0      0      0    65
22:53:23  all     0     0   32    0        2       0      0      0    66
22:53:24  all     1     0   33    0        1       0      0      0    65
22:53:25  all     0     0   32    0        3       0      0      0    65
22:53:26  all     0     0   32    0        4       0      0      0    63
22:53:27  all     1     0   30    0        2       0      0      0    67
22:53:28  all     0     0   32    0        3       0      0      0    65
22:53:29  all     0     0   31    0        1       0      0      0    67
22:53:30  all     1     0   32    0        4       0      0      0    62
22:53:31  all     0     0   27    0        5       0      0      0    69
22:53:32  all     2     0   29    0        4       0      0      0    64
22:53:33  all     1     0   30    0        5       0      0      0    63
22:53:34  all     1     0    0    0        0       0      0      0    99
22:53:35  all     0     0    0    0        0       0      0      0   100
22:53:36  all     0     0    0    0        0       0      0      0   100
22:53:37  all     0     0    1    0        0       0      0      0    99
22:53:38  all     0     0    0    0        0       0      0      0   100
