
n41  4.10.1-itri  #1 SMP Sat Mar 3 20:34:58 EST 2018  x86_64  2018/03/21

-------------------------- analysis date: 2018/03/21 --------------------------

23:28:50  cpu  %usr %nice %sys %irq %softirq  %steal %guest  %wait %idle  _cpu_
23:28:51  all    98     0    2    0        0       0     97      0    99
            0     0     0    0    0        0       0      0      0   100
            1    97     0    3    0        0       0     97      0     0
23:28:52  all   100     0    0    0        0       0    100      0   100
            0     0     0    0    0        0       0      0      0   100
            1   100     0    0    0        0       0    100      0     0
23:28:53  all   100     0    0    0        0       0    101      0   100
            0     0     0    0    0        0       0      0      0   100
            1   100     0    0    0        0       0    100      0     0
23:28:54  all   100     0    0    0        0       0    100      0   100
            0     0     0    0    0        0       0      0      0   100
            1   100     0    0    0        0       0    100      0     0
23:28:55  all   101     0    0    0        0       0     99      0    99
            0     0     0    0    0        0       0      0      0   100
            1   100     0    0    0        0       0     99      0     0
23:28:56  all   100     0    0    0        0       0    100      0   100
            0     0     0    0    0        0       0      0      0   100
            1   100     0    0    0        0       0    100      0     0
23:28:57  all   101     0    0    0        0       0    101      0    99
            0     0     0    0    0        0       0      0      0   100
            1   100     0    0    0        0       0    100      0     0
23:28:58  all   101     0    0    0        0       0    101      0    99
            0     0     0    0    0        0       0      0      0   100
            1   100     0    0    0        0       0    100      0     0
23:28:59  all    93     0    6    0        1       0     90      1    99
            0     0     0    0    0        0       0      0      0   100
            1    93     0    6    0        1       0     91      0     0
23:29:00  all   101     0    0    0        0       0    101      0    99
            0     0     0    0    0        0       0      0      0   100
            1   100     0    0    0        0       0    100      0     0
23:29:01  all    84     0   16    0        0       0     74      0   100
            0     0     0    0    0        0       0      0      0   100
            1    84     0   16    0        0       0     74      0     0
23:29:02  all    66     0   26    0       13       0     51     43    53
            0     0     0    5    0        0       0      0     43    52
            1    66     0   21    0       13       0     51      0     0
23:29:03  all    55     0   24    0       28       0     42     93     0
            0     0     0    6    0        0       0      0     94     0
            1    54     0   18    0       28       0     42      0     0
23:29:04  all    59     0   25    0       22       0     48     94     0
            0     0     0    7    0        0       0      0     93     0
            1    58     0   19    0       23       0     48      0     0
23:29:05  all    74     0   11    0       23       0     74     92     0
            0     0     0    9    0        0       0      0     91     0
            1    75     0    2    0       23       0     75      0     0
23:29:06  all    81     0    6    0       17       0     80     27    70
            0     0     0    2    0        0       0      0     27    71
            1    81     0    2    0       17       0     81      0     0
23:29:07  all    75     0    8    0       17       0     76      0   100
            0     0     0    0    0        0       0      0      0   100
            1    76     0    8    0       16       0     76      0     0
23:29:08  all    54     0   42    0        6       0     37     31    66
            0     0     0    3    0        0       0      0     32    65
            1    54     0   40    0        6       0     37      0     0
23:29:09  all    59     0   36    0       10       0     47     95     0
            0     0     0    4    0        0       0      0     96     0
            1    58     0   32    0       10       0     47      0     0
23:29:10  all    55     0   35    0       15       0     45     94     0
            0     0     0    6    0        0       0      0     94     0
            1    55     0   30    0       15       0     45      0     0
23:29:11  all    59     0   46    0       14       0     51     82     0
            0     2     0   16    0        1       0      0     81     0
            1    57     0   29    0       14       0     51      0     0
23:29:12  all    62     0   45    0       11       0     57     82     0
            0     0     0   17    0        0       0      0     83     0
            1    61     0   27    0       12       0     56      0     0
23:29:13  all    57     0   50    0       13       0     47     80     0
            0     0     0   21    0        0       0      0     79     0
            1    58     0   30    0       12       0     48      0     0
23:29:14  all    62     0   45    0        8       0     51     85     0
            0     0     0   15    0        0       0      0     85     0
            1    62     0   30    0        8       0     50      0     0
23:29:15  all    50     0   77    0        7       0     26     65     0
            0     3     0   31    0        0       0      0     66     0
            1    46     0   47    0        8       0     26      0     0
23:29:16  all    82     0   16    0        8       0     80     94     0
            0     0     0    5    0        0       0      0     95     0
            1    81     0   11    0        8       0     79      0     0
23:29:17  all    91     0    5    0        8       0     90     96     0
            0     0     0    3    0        0       0      0     97     0
            1    91     0    2    0        7       0     90      0     0
23:29:18  all    92     0    5    0        5       0     93     97     0
            0     0     0    3    0        0       0      0     97     0
            1    93     0    2    0        5       0     94      0     0
23:29:19  all    94     0    4    0        5       0     94     96     0
            0     0     0    3    0        0       0      0     97     0
            1    94     0    1    0        5       0     94      0     0
23:29:20  all    95     0    4    0        4       0     95     96     0
            0     0     0    2    0        0       0      0     98     0
            1    95     0    1    0        4       0     95      0     0
23:29:21  all    92     0    5    0        5       0     92     97     0
            0     0     0    2    0        0       0      0     98     0
            1    91     0    4    0        5       0     91      0     0
23:29:22  all    80     0   26    0        5       0     74     89     0
            0     0     0   12    0        0       0      0     88     0
            1    80     0   14    0        6       0     74      0     0
23:29:23  all    43     0   71    0       13       0     22     72     0
            0     0     0   27    0        0       0      0     73     0
            1    43     0   44    0       12       0     22      0     0
23:29:24  all    41     0   72    0        9       0     22     78     0
            0     0     0   21    0        0       0      0     79     0
            1    40     0   50    0       10       0     22      0     0
23:29:25  all    73     0   32    0        9       0     63     86     0
            0     0     0   14    0        0       0      0     86     0
            1    75     0   17    0        8       0     65      0     0
23:29:26  all    76     0   23    0        9       0     69     92     0
            0     0     0    8    0        0       0      0     92     0
            1    75     0   16    0        9       0     68      0     0
23:29:27  all    81     0   18    0        8       0     77     93     0
            0     0     0    7    0        0       0      0     93     0
            1    81     0   11    0        8       0     77      0     0
23:29:28  all    90     0    6    0        8       0     90     96     0
            0     0     0    5    0        0       0      0     95     0
            1    91     0    1    0        8       0     91      0     0
23:29:29  all    86     0   10    0       10       0     85     95     0
            0     0     0    5    0        0       0      0     95     0
            1    85     0    5    0       10       0     84      0     0
23:29:30  all    85     0    9    0       10       0     85     95     0
            0     0     0    4    0        0       0      0     96     0
            1    85     0    5    0       10       0     85      0     0
23:29:31  all    86     0    9    0       10       0     86     95     0
            0     0     0    5    0        0       0      0     95     0
            1    86     0    4    0       10       0     86      0     0
23:29:32  all    86     0    6    0       12       0     86     95     0
            0     0     0    5    0        0       0      0     95     0
            1    86     0    2    0       12       0     86      0     0
23:29:33  all    78     0   13    0       14       0     79     95     0
            0     0     0    5    0        0       0      0     95     0
            1    79     0    6    0       15       0     80      0     0
23:29:34  all    78     0   12    0       16       0     77     94     0
            0     0     0    6    0        0       0      0     94     0
            1    77     0    8    0       15       0     76      0     0
23:29:35  all    75     0   13    0       18       0     76     94     0
            0     0     0    6    0        0       0      0     94     0
            1    76     0    6    0       18       0     77      0     0
23:29:36  all    75     0    9    0       20       0     75     95     0
            0     0     0    3    0        0       0      0     97     0
            1    73     0    6    0       21       0     73      0     0
23:29:37  all    74     0   13    0       18       0     73     65    31
            0     0     0    5    0        0       0      0     64    31
            1    74     0    8    0       18       0     73      0     0
23:29:38  all    83     0    5    0       12       0     83      0    99
            0     0     0    0    0        0       0      0      0   100
            1    83     0    5    0       12       0     83      0     0
23:29:39  all    83     0    4    0       13       0     83      0   100
            0     0     0    0    0        0       0      0      0   100
            1    84     0    4    0       12       0     84      0     0
23:29:40  all   100     0    0    0        0       0    100      0   100
            0     0     0    0    0        0       0      0      0   100
            1   100     0    0    0        0       0    100      0     0
23:29:41  all   100     0    1    0        0       0    100      0    99
            0     0     0    0    0        0       0      0      0   100
            1   100     0    0    0        0       0    100      0     0
23:29:42  all   100     0    0    0        0       0    100      0   100
            0     0     0    1    0        0       0      0      0    99
            1   100     0    0    0        0       0    100      0     0
23:29:43  all   101     0    0    0        0       0     99      0    99
            0     1     0    0    0        0       0      0      0    99
            1    99     0    1    0        0       0     99      0     0
23:29:44  all   100     0    0    0        0       0    100      0   100
            0     0     0    0    0        0       0      0      0   100
            1   100     0    0    0        0       0    100      0     0
23:29:45  all   100     0    1    0        0       0    100      0    99
            0     0     0    0    0        0       0      0      0   100
            1   100     0    0    0        0       0    100      0     0
23:29:46  all   101     0    0    0        0       0    100      0    99
            0     1     0    0    0        0       0      0      0    99
            1   100     0    0    0        0       0    100      0     0
23:29:47  all   100     0    0    0        0       0    100      0   100
            0     0     0    0    0        0       0      0      0   100
            1   100     0    0    0        0       0    100      0     0
23:29:48  all    99     0    1    0        0       0    101      0    99
            0     0     0    1    0        0       0      0      0    99
            1   100     0    0    0        0       0    100      0     0
23:29:49  all   100     0    0    0        0       0    100      0   100
            0     0     0    0    0        0       0      0      0   100
            1   100     0    0    0        0       0    100      0     0
