
n41  4.10.1-itri  #1 SMP Sat Mar 3 20:34:58 EST 2018  x86_64  2018/03/21

-------------------------- analysis date: 2018/03/21 --------------------------

22:11:16  cpu  %usr %nice %sys %irq %softirq  %steal %guest  %wait %idle  _cpu_
22:11:17  all    99     0    1    0        0       0     99      0   100
            0     0     0    1    0        0       0      0      0    99
            1    99     0    1    0        0       0     99      0     0
22:11:18  all    99     0    2    0        0       0     99      0    99
            0     0     0    0    0        0       0      0      0   100
            1    99     0    1    0        0       0     99      0     0
22:11:19  all   101     0    0    0        0       0    101      0    99
            0     0     0    1    0        0       0      0      0    99
            1   100     0    0    0        0       0    100      0     0
22:11:20  all    99     0    2    0        0       0     99      0    99
            0     0     0    0    0        0       0      0      0   100
            1   100     0    0    0        0       0    100      0     0
22:11:21  all   101     0    0    0        0       0    101      0    99
            0     0     0    1    0        0       0      0      0    99
            1   100     0    0    0        0       0    100      0     0
22:11:22  all   100     0    0    0        0       0     99      0   100
            0     0     0    0    0        0       0      0      0   100
            1    99     0    1    0        0       0     99      0     0
22:11:23  all   101     0    0    0        0       0    101      0    99
            0     0     0    0    0        0       0      0      0   100
            1   100     0    0    0        0       0    100      0     0
22:11:25  all   100     0    1    0        0       0    100      0   100
            0     0     0    0    0        0       0      0      0   100
            1   100     0    0    0        0       0    100      0     0
22:11:26  all   100     0    1    0        0       0    100      0    99
            0     0     0    0    0        0       0      0      0   100
            1   100     0    0    0        0       0    100      0     0
22:11:27  all    88     0   11    0        0       0     88      0   101
            0     0     0    0    0        0       0      0      0   100
            1    88     0   12    0        0       0     88      0     0
22:11:28  all    92     0    8    0        0       0     92      0    99
            0     0     0    0    0        0       0      0      0   100
            1    92     0    8    0        0       0     92      0     0
22:11:29  all    88     0   12    0        0       0     88      0   100
            0     0     0    0    0        0       0      0      0   100
            1    88     0   12    0        0       0     88      0     0
22:11:30  all    90     0   11    0        0       0     90      0   100
            0     0     0    0    0        0       0      0      0   100
            1    90     0   10    0        0       0     90      0     0
22:11:31  all    86     0   13    0        0       0     86      0   101
            0     0     0    0    0        0       0      0      0   100
            1    86     0   14    0        0       0     86      0     0
22:11:32  all    88     0   12    0        0       0     88      0    99
            0     0     0    0    0        0       0      0      0   100
            1    88     0   12    0        0       0     88      0     0
22:11:33  all    90     0   10    0        0       0     90      0   100
            0     0     0    0    0        0       0      0      0   100
            1    90     0   10    0        0       0     90      0     0
22:11:34  all    92     0    8    0        0       0     92      0   100
            0     0     0    0    0        0       0      0      0   100
            1    92     0    8    0        0       0     92      0     0
22:11:35  all    88     0   13    0        0       0     88      0    99
            0     0     0    0    0        0       0      0      0   100
            1    88     0   12    0        0       0     88      0     0
22:11:36  all    90     0    9    0        0       0     90      0   101
            0     0     0    0    0        0       0      0      0   100
            1    90     0   10    0        0       0     90      0     0
22:11:37  all    88     0   13    0        0       0     88      0   100
            0     0     0    0    0        0       0      0      0   100
            1    88     0   12    0        0       0     88      0     0
22:11:38  all    88     0   12    0        0       0     88      0   100
            0     0     0    0    0        0       0      0      0   100
            1    88     0   12    0        0       0     88      0     0
22:11:39  all    90     0   10    0        0       0     90      0   100
            0     0     0    0    0        0       0      0      0   100
            1    89     0   11    0        0       0     90      0     0
22:11:40  all    88     0   12    0        0       0     88      0   100
            0     0     0    0    0        0       0      0      0   100
            1    88     0   12    0        0       0     88      0     0
22:11:41  all    88     0   12    0        0       0     88      0   100
            0     0     0    0    0        0       0      0      0   100
            1    88     0   12    0        0       0     88      0     0
22:11:42  all    90     0   10    0        0       0     90      0    99
            0     0     0    0    0        0       0      0      0   100
            1    90     0   10    0        0       0     89      0     0
22:11:43  all    87     0   13    0        0       0     87      0   100
            0     0     0    0    0        0       0      0      0   100
            1    87     0   13    0        0       0     87      0     0
22:11:44  all    90     0   10    0        0       0     90      0   100
            0     0     0    0    0        0       0      0      0   100
            1    90     0   10    0        0       0     90      0     0
22:11:45  all    90     0   11    0        0       0     90      0   100
            0     0     0    0    0        0       0      0      0   100
            1    90     0   10    0        0       0     90      0     0
22:11:46  all    86     0   13    0        0       0     86      0   101
            0     0     0    0    0        0       0      0      0   100
            1    86     0   14    0        0       0     86      0     0
22:11:47  all    91     0    9    0        0       0     91      0    99
            0     0     0    0    0        0       0      0      0   100
            1    91     0    9    0        0       0     92      0     0
22:11:48  all    89     0   12    0        0       0     89      0   100
            0     0     0    0    0        0       0      0      0   100
            1    89     0   11    0        0       0     88      0     0
22:11:49  all    87     0   13    0        0       0     87      0   100
            0     0     0    0    0        0       0      0      0   100
            1    86     0   14    0        0       0     86      0     0
22:11:50  all    92     0    9    0        0       0     92      0   100
            0     0     0    0    0        0       0      0      0   100
            1    92     0    8    0        0       0     92      0     0
22:11:51  all    92     0    8    0        0       0     92      1   100
            0     0     0    0    0        0       0      0      1    99
            1    92     0    8    0        0       0     92      0     0
22:11:52  all    98     0    2    0        0       0     98      0   100
            0     0     0    0    0        0       0      0      0   100
            1    98     0    2    0        0       0     98      0     0
22:11:53  all   100     0    0    0        0       0    100      0   100
            0     0     0    0    0        0       0      0      0   100
            1    99     0    1    0        0       0    100      0     0
22:11:54  all   101     0    0    0        0       0    101      0    99
            0     0     0    0    0        0       0      0      0   100
            1   100     0    0    0        0       0    100      0     0
22:11:55  all   100     0    0    0        0       0    100      0   100
            0     0     0    0    0        0       0      0      0   100
            1   100     0    0    0        0       0    100      0     0
22:11:56  all   101     0    0    0        0       0    101      0    99
            0     0     0    0    0        0       0      0      0   100
            1   100     0    0    0        0       0    100      0     0
22:11:57  all   100     0    0    0        0       0    100      0   100
            0     0     0    0    0        0       0      0      0   100
            1   100     0    0    0        0       0     99      0     0
22:11:58  all   101     0    0    0        0       0    101      0    99
            0     0     0    0    0        0       0      0      0   100
            1   100     0    0    0        0       0    100      0     0
22:11:59  all    99     0    1    0        0       0     99      0   100
            0     0     0    0    0        0       0      0      0   100
            1    99     0    1    0        0       0     99      0     0
22:12:00  all   101     0    0    0        0       0    101      0    99
            0     0     0    0    0        0       0      0      0   100
            1   100     0    0    0        0       0    100      0     0
