
ubuntu  4.10.0-42-generic  #46~16.04.1-Ubuntu SMP Mon Dec 4 15:57:59 UTC 2017  x86_64  2018/01/30

-------------------------- analysis date: 2018/01/30 --------------------------

19:46:59  cpu  %usr %nice %sys %irq %softirq  %steal %guest  %wait %idle  _cpu_
19:47:00  all     0     0    0    0        0       0      0      0   200
            0     0     0    0    0        0       0      0      0   100
            1     0     0    0    0        0       0      0      0   100
19:47:01  all     0     0    0    0        0       0      0      0   200
            0     0     0    0    0        0       0      0      0   100
            1     0     0    0    0        0       0      0      0   100
19:47:02  all     1     0    0    0        0       0      0      0   199
            0     0     0    0    0        0       0      0      0   100
            1     0     0    0    0        0       0      0      0   100
19:47:03  all     0     0    0    0        0       0      0      0   200
            0     0     0    0    0        0       0      0      0   100
            1     0     0    0    0        0       0      0      0   100
19:47:04  all     0     0    0    0        0       0      0      0   200
            0     0     0    0    0        0       0      0      0   100
            1     0     0    0    0        0       0      0      0   100
19:47:05  all     0     0    0    0        0       0      0      0   200
            0     0     0    0    0        0       0      0      0   100
            1     0     0    0    0        0       0      0      0   100
19:47:06  all     0     0    0    0        0       0      0      0   200
            0     0     0    0    0        0       0      0      0   100
            1     0     0    0    0        0       0      0      0   100
19:47:07  all     0     0    0    0        0       0      0      1   199
            0     0     0    0    0        0       0      0      0   100
            1     0     0    0    0        0       0      0      0   100
19:47:08  all    34     0   44    0        0       0     34      1   121
            0     0     0    0    0        0       0      0      0   100
            1    34     0   45    0        0       0     34      2    20
19:47:09  all    43     0   58    0        0       0     43      0    99
            0     0     0    0    0        0       0      0      0   100
            1    43     0   57    0        0       0     43      0     0
19:47:10  all    36     0   63    0        0       0     36      0   101
            0     0     0    0    0        0       0      0      0   100
            1    36     0   64    0        0       0     36      0     0
19:47:11  all    39     0   62    0        0       0     38      0   100
            0     0     0    0    0        0       0      0      0   100
            1    39     0   61    0        0       0     39      0     0
19:47:12  all    44     0   56    0        0       0     44      0    99
            0     0     0    0    0        0       0      0      0   100
            1    44     0   56    0        0       0     44      0     0
19:47:13  all    45     0   55    0        0       0     46      9    91
            0     0     0    0    0        0       0      0      9    91
            1    45     0   55    0        0       0     45      0     0
19:47:14  all    39     0   61    0        0       0     39      0   100
            0     7     0    9    0        0       0      7      0    84
            1    32     0   53    0        0       0     32      0    15
19:47:15  all    43     0   58    0        0       0     43      1    98
            0    38     0   52    0        0       0     38      0    10
            1     5     0    5    0        0       0      5      0    90
19:47:16  all    49     0   52    0        0       0     48      0   100
            0     0     0    0    0        0       0      0      0   100
            1    48     0   52    0        0       0     49      0     0
19:47:17  all    40     0   60    0        0       0     40      0    99
            0     0     0    0    0        0       0      0      0   100
            1    40     0   60    0        0       0     40      0     0
19:47:18  all    47     0   53    0        0       0     48      1    98
            0     0     0    0    0        0       0      0      2    98
            1    48     0   52    0        0       0     47      0     0
19:47:19  all    46     0   54    0        0       0     46      1    99
            0     0     0    0    0        0       0      0      0   100
            1    46     0   54    0        0       0     46      0     0
19:47:20  all    42     0   58    0        0       0     41      0   100
            0     0     0    0    0        0       0      0      0   100
            1    41     0   59    0        0       0     41      0     0
19:47:21  all    45     0   55    0        0       0     45      0   100
            0     1     0    0    0        0       0      0      0    99
            1    45     0   55    0        0       0     46      0     0
19:47:22  all    41     0   59    0        0       0     41      0    99
            0     0     0    0    0        0       0      0      0   100
            1    41     0   59    0        0       0     40      0     0
19:47:23  all    45     0   56    0        0       0     45      0    99
            0     0     0    0    0        0       0      0      0   100
            1    45     0   55    0        0       0     45      0     0
19:47:24  all    44     0   56    0        0       0     43      0    99
            0    19     0   16    0        0       0     19      0    65
            1    24     0   41    0        0       0     26      0    35
19:47:25  all    40     0   62    0        0       0     40      0    98
            0    39     0   61    0        0       0     39      0     0
            1     1     0    0    0        0       0      0      0    99
19:47:26  all    43     0   58    0        0       0     43      0    98
            0    37     0   50    0        0       0     37      0    13
            1     6     0    6    0        0       0      6      0    88
19:47:27  all    43     0   57    0        0       0     43      0    99
            0     0     0    0    0        0       0      0      0   100
            1    43     0   57    0        0       0     42      0     0
19:47:28  all    39     0   61    0        0       0     39      0   100
            0     0     0    0    0        0       0      0      0   100
            1    39     0   61    0        0       0     40      0     0
19:47:29  all    42     0   59    0        0       0     41      0    99
            0     0     0    1    0        0       0      0      1    98
            1    42     0   58    0        0       0     41      0     0
19:47:30  all    43     0   57    0        0       0     43      0   100
            0     0     0    0    0        0       0      0      0   100
            1    43     0   57    0        0       0     43      0     0
19:47:31  all    44     0   56    0        0       0     44      0    99
            0     1     0    0    0        0       0      0      0    99
            1    44     0   56    0        0       0     44      0     0
19:47:32  all    43     0   58    0        0       0     43      0    99
            0     0     0    0    0        0       0      0      0   100
            1    42     0   58    0        0       0     43      0     0
19:47:33  all    42     0   59    0        0       0     41      0   100
            0     0     0    0    0        0       0      0      0   100
            1    42     0   58    0        0       0     41      0     0
19:47:34  all    37     0   63    0        0       0     37      0   100
            0     0     0    0    0        0       0      0      0   100
            1    36     0   64    0        0       0     36      0     0
19:47:35  all    41     0   59    0        0       0     41      1    98
            0     0     0    1    0        0       0      0      1    98
            1    41     0   59    0        0       0     42      0     0
19:47:36  all    47     0   53    0        0       0     47      0    99
            0     1     0    0    0        0       0      0      0    99
            1    47     0   53    0        0       0     47      0     0
19:47:37  all    44     0   56    0        0       0     43      1    99
            0     0     0    0    0        0       0      0      0   100
            1    43     0   57    0        0       0     43      0     0
19:47:38  all    45     0   56    0        0       0     45      0    99
            0     1     0    0    0        0       0      0      0    99
            1    45     0   55    0        0       0     44      0     0
19:47:39  all    40     0   60    0        0       0     40      0   100
            0     0     0    0    0        0       0      0      0   100
            1    40     0   60    0        0       0     40      0     0
19:47:40  all    41     0   59    0        0       0     40      0    99
            0     0     0    0    0        0       0      0      0   100
            1    41     0   59    0        0       0     41      0     0
19:47:41  all    47     0   54    0        0       0     47      0   100
            0     0     0    0    0        0       0      0      0   100
            1    46     0   54    0        0       0     47      0     0
19:47:42  all    45     0   55    0        0       0     44      0    99
            0     1     0    0    0        0       0      0      0    99
            1    45     0   55    0        0       0     44      0     0
19:47:43  all    35     0   65    0        0       0     36      0   100
            0     0     0    0    0        0       0      0      0   100
            1    35     0   65    0        0       0     36      0     0
19:47:44  all    45     0   57    0        0       0     44      0    99
            0     0     0    1    0        0       0      0      0    99
            1    44     0   56    0        0       0     44      0     0
19:47:45  all    44     0   56    0        0       0     43      0   100
            0     1     0    0    0        0       0      0      1    98
            1    44     0   56    0        0       0     43      0     0
19:47:46  all    43     0   57    0        0       0     44      0    99
            0     0     0    0    0        0       0      0      0   100
            1    43     0   57    0        0       0     43      0     0
19:47:47  all    41     0   59    0        0       0     40      0   100
            0     0     0    0    0        0       0      0      0   100
            1    41     0   59    0        0       0     41      0     0
19:47:48  all    43     0   58    0        0       0     43      0    98
            0     0     0    1    0        0       0      0      0    99
            1    43     0   57    0        0       0     43      0     0
19:47:49  all    45     0   56    0        0       0     45      0   100
            0     0     0    0    0        0       0      0      0   100
            1    44     0   56    0        0       0     45      0     0
19:47:50  all    39     0   61    0        0       0     40      0   100
            0     0     0    0    0        0       0      0      0   100
            1    40     0   60    0        0       0     39      0     0
19:47:51  all    43     0   57    0        0       0     43      0   100
            0     0     0    0    0        0       0      0      0   100
            1    43     0   57    0        0       0     44      0     0
19:47:52  all    44     0   57    0        0       0     43      0    99
            0     0     0    0    0        0       0      0      0   100
            1    43     0   57    0        0       0     43      0     0
19:47:53  all    41     0   58    0        0       0     42      0   101
            0     0     0    0    0        0       0      0      0   100
            1    42     0   58    0        0       0     41      0     0
19:47:54  all    45     0   56    0        0       0     44      3    97
            0     0     0    0    0        0       0      0      2    98
            1    44     0   56    0        0       0     45      0     0
19:47:55  all    38     0   62    0        0       0     38      0    99
            0     0     0    0    0        0       0      0      0   100
            1    38     0   62    0        0       0     38      0     0
19:47:56  all    46     0   54    0        0       0     46      0   100
            0     0     0    0    0        0       0      0      0   100
            1    46     0   54    0        0       0     46      0     0
19:47:57  all    41     0   59    0        0       0     42      0   100
            0     0     0    0    0        0       0      0      1    99
            1    42     0   58    0        0       0     41      0     0
19:47:58  all    41     0   59    0        0       0     40      0   100
            0     0     0    0    0        0       0      0      0   100
            1    41     0   59    0        0       0     41      0     0
19:47:59  all    43     0   57    0        0       0     43      0    99
            0     0     0    0    0        0       0      0      0   100
            1    43     0   57    0        0       0     43      0     0
19:48:00  all    41     0   59    0        0       0     41      0   100
            0     0     0    0    0        0       0      0      0   100
            1    41     0   59    0        0       0     41      0     0
19:48:01  all    42     0   58    0        0       0     42      0    99
            0     0     0    0    0        0       0      0      0   100
            1    42     0   58    0        0       0     42      0     0
19:48:02  all    42     0   59    0        0       0     42      0   100
            0     0     0    0    0        0       0      0      0   100
            1    41     0   59    0        0       0     42      0     0
19:48:03  all    40     0   60    0        0       0     40      0   100
            0     0     0    0    0        0       0      0      0   100
            1    41     0   59    0        0       0     40      0     0
19:48:04  all    42     0   59    0        0       0     42      0   100
            0     0     0    0    0        0       0      0      0   100
            1    41     0   59    0        0       0     42      0     0
19:48:05  all    41     0   58    0        0       0     41      1    99
            0     0     0    0    0        0       0      0      0   100
            1    42     0   58    0        0       0     41      0     0
19:48:06  all    45     0   55    0        0       0     45      0   100
            0     0     0    0    0        0       0      0      0   100
            1    45     0   55    0        0       0     45      0     0
19:48:07  all    44     0   57    0        0       0     44      0    99
            0     0     0    0    0        0       0      0      0   100
            1    43     0   57    0        0       0     44      0     0
19:48:08  all    44     0   55    0        0       0     45      0   101
            0     0     0    0    0        0       0      0      0   100
            1    45     0   55    0        0       0     45      0     0
19:48:09  all    47     0   53    0        0       0     47      0    99
            0     0     0    0    0        0       0      0      0   100
            1    47     0   53    0        0       0     46      0     0
19:48:10  all    40     0   60    0        0       0     40      0   100
            0     0     0    0    0        0       0      0      0   100
            1    40     0   60    0        0       0     40      0     0
19:48:11  all    43     0   57    0        0       0     43      0    99
            0     0     0    0    0        0       0      0      1    99
            1    43     0   57    0        0       0     44      0     0
19:48:12  all    40     0   61    0        0       0     39      0   100
            0     0     0    0    0        0       0      0      0   100
            1    39     0   61    0        0       0     39      0     0
19:48:13  all    44     0   56    0        0       0     44      0   100
            0     0     0    0    0        0       0      0      0   100
            1    44     0   56    0        0       0     44      0     0
19:48:14  all    44     0   56    0        0       0     45      0   100
            0     0     0    0    0        0       0      0      0   100
            1    45     0   55    0        0       0     45      0     0
19:48:15  all    42     0   58    0        0       0     42      0    99
            0     0     0    0    0        0       0      0      0   100
            1    42     0   58    0        0       0     42      0     0
19:48:16  all    49     0   51    0        0       0     49      0   100
            0    10     0   10    0        0       0     10      0    80
            1    39     0   40    0        0       0     38      0    21
19:48:17  all    40     0   60    0        0       0     40      0   100
            0     0     0    0    0        0       0      0      0   100
            1    40     0   60    0        0       0     40      0     0
19:48:18  all    45     0   55    0        0       0     44      0    99
            0     0     0    0    0        0       0      0      0   100
            1    45     0   55    0        0       0     45      0     0
19:48:19  all    40     0   60    0        0       0     41      0    99
            0     0     0    0    0        0       0      0      0   100
            1    40     0   60    0        0       0     41      0     0
19:48:20  all    46     0   54    0        0       0     45      0   100
            0     0     0    0    0        0       0      0      0   100
            1    46     0   54    0        0       0     45      0     0
19:48:21  all    46     0   55    0        0       0     46      0   100
            0     0     0    0    0        0       0      0      0   100
            1    45     0   55    0        0       0     46      0     0
19:48:22  all    42     0   58    0        0       0     43      0   100
            0     0     0    0    0        0       0      0      0   100
            1    43     0   57    0        0       0     43      0     0
19:48:23  all    44     0   56    0        0       0     44      0    99
            0     0     0    0    0        0       0      0      0   100
            1    44     0   56    0        0       0     44      0     0
19:48:24  all    44     0   56    0        0       0     43      0   100
            0     0     0    0    0        0       0      0      0   100
            1    44     0   56    0        0       0     43      0     0
19:48:25  all    44     0   56    0        0       0     45      2    98
            0     0     0    0    0        0       0      0      2    98
            1    44     0   56    0        0       0     45      0     0
19:48:26  all    44     0   56    0        0       0     43      0    99
            0     0     0    0    0        0       0      0      0   100
            1    44     0   56    0        0       0     43      0     0
19:48:27  all    43     0   57    0        0       0     43      0   100
            0     0     0    0    0        0       0      0      0   100
            1    43     0   57    0        0       0     43      0     0
19:48:28  all    41     0   60    0        0       0     41      0    99
            0     0     0    0    0        0       0      0      0   100
            1    40     0   60    0        0       0     41      0     0
19:48:29  all    41     0   58    0        0       0     41      0   101
            0     0     0    0    0        0       0      0      0   100
            1    42     0   58    0        0       0     41      0     0
19:48:30  all    41     0   60    0        0       0     41      1    99
            0     0     0    0    0        0       0      0      0   100
            1    40     0   60    0        0       0     41      0     0
19:48:31  all    40     0   59    0        0       0     40      0   101
            0     0     0    0    0        0       0      0      0   100
            1    41     0   59    0        0       0     40      0     0
19:48:32  all    42     0   59    0        0       0     42      0    99
            0     0     0    0    0        0       0      0      0   100
            1    41     0   59    0        0       0     42      0     0
19:48:33  all    36     0   64    0        0       0     36      0   100
            0     0     0    0    0        0       0      0      0   100
            1    36     0   64    0        0       0     36      0     0
19:48:34  all    38     0   62    0        0       0     38      0   100
            0     0     0    0    0        0       0      0      0   100
            1    39     0   61    0        0       0     38      0     0
19:48:35  all    43     0   57    0        0       0     44      0   100
            0     0     0    0    0        0       0      0      0   100
            1    43     0   57    0        0       0     43      0     0
19:48:36  all    45     0   56    0        0       0     44      0    99
            0     0     0    0    0        0       0      0      0   100
            1    44     0   56    0        0       0     45      0     0
19:48:37  all    43     0   56    0        0       0     43      0   101
            0     0     0    0    0        0       0      0      0   100
            1    44     0   56    0        0       0     43      0     0
19:48:38  all    40     0   60    0        0       0     41      0    99
            0     0     0    0    0        0       0      0      1    99
            1    40     0   60    0        0       0     40      0     0
19:48:39  all    41     0   59    0        0       0     40      0   100
            0     0     0    0    0        0       0      0      0   100
            1    41     0   59    0        0       0     41      0     0
19:48:40  all    42     0   58    0        0       0     43      0    99
            0     0     0    0    0        0       0      0      0   100
            1    42     0   58    0        0       0     43      0     0
19:48:41  all    35     0   65    0        0       0     35      0   100
            0     0     0    0    0        0       0      0      0   100
            1    35     0   65    0        0       0     34      0     0
19:48:42  all    37     0   63    0        0       0     36      0    99
            0     0     0    0    0        0       0      0      0   100
            1    37     0   63    0        0       0     37      0     0
19:48:43  all    44     0   56    0        0       0     45      0   100
            0     0     0    0    0        0       0      0      0   100
            1    44     0   56    0        0       0     45      0     0
19:48:44  all    41     0   59    0        0       0     40      0    99
            0     0     0    0    0        0       0      0      0   100
            1    41     0   59    0        0       0     40      0     0
19:48:45  all    40     0   60    0        0       0     40      0   100
            0     0     0    0    0        0       0      0      0   100
            1    40     0   60    0        0       0     40      0     0
19:48:46  all    39     0   62    0        0       0     39      1    99
            0     0     0    0    0        0       0      0      0   100
            1    38     0   62    0        0       0     39      0     0
19:48:47  all    36     0   63    0        0       0     37      0   101
            0     0     0    0    0        0       0      0      0   100
            1    37     0   63    0        0       0     37      0     0
19:48:48  all    43     0   58    0        0       0     42      0    99
            0     0     0    0    0        0       0      0      0   100
            1    42     0   58    0        0       0     42      0     0
19:48:49  all    43     0   57    0        0       0     42      0   100
            0     1     0    0    0        0       0      0      0    99
            1    43     0   57    0        0       0     42      0     0
19:48:50  all    40     0   61    0        0       0     40      0    99
            0     0     0    0    0        0       0      0      0   100
            1    39     0   61    0        0       0     40      0     0
19:48:51  all    38     0   62    0        0       0     38      0   100
            0     1     0    0    0        0       0      0      0    99
            1    38     0   62    0        0       0     38      0     0
19:48:52  all    49     0   51    0        0       0     48      0    99
            0     0     0    0    0        0       0      0      1    99
            1    49     0   51    0        0       0     48      0     0
19:48:53  all    43     0   58    0        0       0     43      0   100
            0     0     0    1    0        0       0      0      0    99
            1    43     0   57    0        0       0     43      0     0
19:48:54  all    38     0   62    0        0       0     38      0    99
            0     0     0    0    0        0       0      0      0   100
            1    38     0   62    0        0       0     38      0     0
19:48:55  all    42     0   58    0        0       0     42      0   100
            0     1     0    0    0        0       0      0      0    99
            1    41     0   59    0        0       0     42      0     0
19:48:56  all    42     0   59    0        0       0     41      0    99
            0     0     0    0    0        0       0      0      0   100
            1    42     0   58    0        0       0     41      0     0
19:48:57  all    40     0   61    0        0       0     40      0   100
            0     0     0    0    0        0       0      0      0   100
            1    39     0   61    0        0       0     40      0     0
19:48:58  all    39     0   61    0        0       0     39      0   100
            0     0     0    1    0        0       0      0      0    99
            1    40     0   60    0        0       0     39      0     0
19:48:59  all    42     0   59    0        0       0     42      0   100
            0     0     0    0    0        0       0      0      0   100
            1    42     0   58    0        0       0     42      0     0
19:49:00  all    47     0   54    0        0       0     46      0    99
            0    11     0   11    0        0       0     10      0    78
            1    36     0   44    0        0       0     36      0    20
19:49:01  all    43     0   57    0        0       0     44      0   100
            0     0     0    0    0        0       0      0      0   100
            1    43     0   57    0        0       0     44      0     0
19:49:02  all    42     0   58    0        0       0     41      0    99
            0     0     0    0    0        0       0      0      0   100
            1    42     0   58    0        0       0     41      0     0
19:49:03  all    43     0   58    0        0       0     43      0    99
            0     0     0    0    0        0       0      0      0   100
            1    42     0   58    0        0       0     42      0     0
19:49:04  all    44     0   56    0        0       0     44      0   100
            0     1     0    0    0        0       0      0      0    99
            1    44     0   56    0        0       0     44      0     0
19:49:05  all    43     0   58    0        0       0     42      0    99
            0     0     0    1    0        0       0      0      0    99
            1    43     0   57    0        0       0     43      0     0
19:49:06  all    41     0   59    0        0       0     41      1   100
            0     0     0    0    0        0       0      0      0   100
            1    41     0   59    0        0       0     41      0     0
19:49:07  all    42     0   58    0        0       0     42      0    99
            0     0     0    0    0        0       0      0      0   100
            1    42     0   58    0        0       0     42      0     0
19:49:08  all     9     0   14    0        0       0      9      0   177
            0     1     0    0    0        0       0      0      0    99
            1     8     0   13    0        0       0      9      0    79
19:49:09  all     0     0    0    0        0       0      0      0   200
            0     0     0    0    0        0       0      0      0   100
            1     0     0    0    0        0       0      0      0   100
19:49:10  all     0     0    0    0        0       0      0      0   200
            0     0     0    0    0        0       0      0      0   100
            1     0     0    0    0        0       0      0      0   100
19:49:11  all     0     0    0    0        0       0      0      0   200
            0     0     0    0    0        0       0      0      0   100
            1     0     0    0    0        0       0      0      0   100
19:49:12  all     0     0    0    0        0       0      0      0   200
            0     0     0    0    0        0       0      0      0   100
            1     0     0    0    0        0       0      0      0   100
19:49:13  all     0     0    0    0        0       0      0      0   200
            0     0     0    0    0        0       0      0      0   100
            1     0     0    0    0        0       0      0      0   100
19:49:14  all     0     0    0    0        0       0      0      0   200
            0     0     0    0    0        0       0      0      0   100
            1     0     0    0    0        0       0      0      0   100
19:49:15  all     0     0    0    0        0       0      0      0   200
            0     0     0    0    0        0       0      0      0   100
            1     0     0    0    0        0       0      0      0   100
