
n41  4.10.1-itri  #1 SMP Sat Mar 3 20:34:58 EST 2018  x86_64  2018/03/21

-------------------------- analysis date: 2018/03/21 --------------------------

21:47:21  cpu  %usr %nice %sys %irq %softirq  %steal %guest  %wait %idle  _cpu_
21:47:22  all     0     0    1    0        0       0      0      0    99
21:47:23  all     0     0    0    0        0       0      0      0   100
21:47:24  all     0     0    0    0        0       0      0      0   100
21:47:25  all     0     0    0    0        0       0      0      0   100
21:47:26  all     0     0    0    0        0       0      0      1    99
21:47:27  all    10     0   47    0       25       0      0      7    10
21:47:28  all    18     0   34    0       40       0      0      0     8
21:47:29  all    12     0   43    0       35       0      0      0    10
21:47:30  all    18     0   37    0       34       0      0      0    11
21:47:31  all    16     0   43    0       32       0      0      0     9
21:47:32  all    15     0   31    0       35       0      0     12     8
21:47:33  all    12     0   27    0       19       0      0     40     3
21:47:34  all    12     0   43    0       35       0      0      0    10
21:47:35  all    14     0   38    0       37       0      0      0    11
21:47:36  all    18     0   39    0       32       0      0      0    11
21:47:37  all    15     0   37    0       37       0      0      0    10
21:47:38  all    17     0   35    0       39       0      0      0     9
21:47:39  all    17     0   36    0       36       0      0      0    10
21:47:40  all    13     0   43    0       33       0      0      0    11
21:47:41  all    11     0   45    0       35       0      0      0     9
21:47:42  all    15     0   40    0       35       0      0      0    10
21:47:43  all    14     0   41    0       34       0      0      0    11
21:47:44  all    17     0   39    0       33       0      0      0    11
21:47:45  all    17     0   39    0       35       0      0      0     9
21:47:46  all    15     0   41    0       35       0      0      0    10
21:47:47  all    16     0   40    0       35       0      0      0     9
21:47:48  all    13     0   39    0       38       0      0      0    10
21:47:49  all    14     0   41    0       35       0      0      0    10
21:47:50  all    14     0   45    0       30       0      0      0    11
21:47:51  all    12     0   38    0       36       0      0      0    14
21:47:52  all     5     0   20    0       17       0      0      3    55
21:47:53  all     0     0    0    0        0       0      0      0   100
21:47:54  all     0     0    1    0        0       0      0      0    99
21:47:55  all     0     0    0    0        0       0      0      0   100
21:47:56  all     0     0    1    0        0       0      0      0    99
