
n41  4.10.1-itri  #1 SMP Sat Mar 3 20:34:58 EST 2018  x86_64  2018/03/21

-------------------------- analysis date: 2018/03/21 --------------------------

22:38:42  cpu  %usr %nice %sys %irq %softirq  %steal %guest  %wait %idle  _cpu_
22:38:43  all   101     0    0    0        0       0     99      0    99
            0     0     0    0    0        0       0      0      0   100
            1   100     0    0    0        0       0     99      0     0
22:38:44  all   100     0    0    0        0       0    100      0   100
            0     0     0    0    0        0       0      0      1    99
            1   100     0    0    0        0       0    100      0     0
22:38:45  all    99     0    0    0        0       0    101      0   101
            0     0     0    0    0        0       0      0      0   100
            1   100     0    0    0        0       0    100      0     0
22:38:46  all   101     0    0    0        0       0    101      0    99
            0     0     0    0    0        0       0      0      0   100
            1   100     0    0    0        0       0    100      0     0
22:38:47  all   100     0    1    0        0       0     99      0    99
            0     0     0    0    0        0       0      0      0   100
            1    99     0    1    0        0       0     99      0     0
22:38:48  all   100     0    0    0        0       0    100      0   100
            0     0     0    0    0        0       0      0      0   100
            1   100     0    0    0        0       0    100      0     0
22:38:49  all   101     0    0    0        0       0    101      0    99
            0     0     0    0    0        0       0      0      0   100
            1   100     0    0    0        0       0    100      0     0
22:38:50  all    99     0    1    0        0       0     99      0   100
            0     0     0    0    0        0       0      0      0   100
            1    99     0    1    0        0       0     98      0     0
22:38:51  all    97     0    4    0        0       0     95      0   100
            0     0     0    0    0        0       0      0      0   100
            1    96     0    4    0        0       0     95      0     0
22:38:52  all    90     0    8    0        2       0     83      0   100
            0     0     0    0    0        0       0      0      0   100
            1    89     0    8    0        3       0     82      0     0
22:38:53  all    92     0    7    0        1       0     88      0   100
            0     0     0    0    0        0       0      0      0   100
            1    92     0    7    0        1       0     88      0     0
22:38:54  all    91     0    8    0        2       0     88      0   100
            0     0     0    0    0        0       0      0      0   100
            1    90     0    8    0        2       0     87      0     0
22:38:55  all    90     0    8    0        1       0     87      0   101
            0     0     0    0    0        0       0      0      0   100
            1    91     0    8    0        1       0     88      0     0
22:38:56  all    91     0    7    0        2       0     87      0    99
            0     0     0    0    0        0       0      0      0   100
            1    91     0    7    0        2       0     86      0     0
22:38:57  all    89     0    9    0        2       0     87      0   100
            0     0     0    0    0        0       0      0      0   100
            1    89     0    9    0        2       0     88      0     0
22:38:58  all    91     0    6    0        4       0     87      0   100
            0     0     0    0    0        0       0      0      0   100
            1    91     0    6    0        3       0     87      0     0
22:38:59  all    91     0    7    0        2       0     88      0   100
            0     0     0    0    0        0       0      0      0   100
            1    90     0    7    0        3       0     86      0     0
22:39:00  all    90     0   13    0        6       0     86      0    92
            0     3     0    5    0        0       0      0      0    92
            1    88     0    7    0        5       0     87      0     0
22:39:01  all    90     0    7    0        3       0     87      0   100
            0     0     0    0    0        0       0      0      0   100
            1    88     0    8    0        4       0     85      0     0
22:39:02  all    89     0    9    0        3       0     86      0   100
            0     0     0    0    0        0       0      0      0   100
            1    89     0    8    0        3       0     87      0     0
22:39:03  all    91     0    8    0        1       0     89      0   100
            0     0     0    0    0        0       0      0      0   100
            1    90     0    9    0        1       0     88      0     0
22:39:04  all    89     0    8    0        3       0     88      0   100
            0     0     0    0    0        0       0      0      0   100
            1    89     0    8    0        3       0     88      0     0
22:39:05  all    91     0    8    0        1       0     89      0    99
            0     0     0    0    0        0       0      0      0   100
            1    92     0    7    0        1       0     90      0     0
22:39:06  all    90     0    9    0        1       0     86      0    99
            0     0     0    0    0        0       0      0      0   100
            1    90     0    9    0        1       0     86      0     0
22:39:07  all    91     0    8    0        1       0     88      1   100
            0     0     0    0    0        0       0      0      0   100
            1    91     0    8    0        1       0     88      0     0
22:39:08  all    90     0    9    0        1       0     88      0   100
            0     0     0    0    0        0       0      0      0   100
            1    90     0   10    0        0       0     88      0     0
22:39:09  all    87     0   10    0        3       0     85      0   100
            0     0     0    0    0        0       0      0      0   100
            1    87     0    9    0        4       0     85      0     0
22:39:10  all    93     0    5    0        2       0     90      0   100
            0     0     0    0    0        0       0      0      0   100
            1    92     0    6    0        2       0     88      0     0
22:39:11  all    91     0    8    0        1       0     91      0   100
            0     0     0    0    0        0       0      0      0   100
            1    91     0    8    0        1       0     91      0     0
22:39:12  all    89     0   10    0        2       0     85      0    99
            0     0     0    0    0        0       0      0      0   100
            1    89     0    9    0        2       0     86      0     0
22:39:13  all    91     0    8    0        2       0     89      0   100
            0     0     0    0    0        0       0      0      0   100
            1    91     0    8    0        1       0     89      0     0
22:39:14  all    91     0    8    0        0       0     88      0   101
            0     0     0    0    0        0       0      0      0   100
            1    90     0    9    0        1       0     86      0     0
22:39:15  all   100     0    0    0        0       0    100      0   100
            0     0     0    0    0        0       0      0      0   100
            1   100     0    0    0        0       0    100      0     0
22:39:16  all   100     0    1    0        0       0     99      0    99
            0     0     0    0    0        0       0      0      0   100
            1   100     0    0    0        0       0    100      0     0
22:39:17  all   100     0    0    0        0       0    100      0   100
            0     0     0    0    0        0       0      0      0   100
            1   100     0    0    0        0       0    100      0     0
22:39:18  all   101     0    0    0        0       0     99      0    99
            0     0     0    0    0        0       0      0      0   100
            1   100     0    0    0        0       0     99      0     0
22:39:19  all   100     0    0    0        0       0    100      0   100
            0     0     0    0    0        0       0      0      0   100
            1   100     0    0    0        0       0    100      0     0
22:39:20  all   101     0    0    0        0       0    100      0    99
            0     0     0    0    0        0       0      0      0   100
            1   100     0    0    0        0       0    100      0     0
22:39:21  all   100     0    0    0        0       0    100      0   100
            0     1     0    0    0        0       0      0      0    99
            1   100     0    0    0        0       0    100      0     0
22:39:22  all   100     0    1    0        0       0    100      0    99
            0     0     0    1    0        0       0      0      0    99
            1    99     0    1    0        0       0     99      0     0
22:39:23  all   101     0    0    0        0       0    101      0    99
            0     0     0    0    0        0       0      0      0   100
            1   100     0    0    0        0       0    100      0     0
22:39:24  all   100     0    0    0        0       0    100      0   100
            0     1     0    0    0        0       0      0      0    99
            1   100     0    0    0        0       0    100      0     0
22:39:25  all   101     0    0    0        0       0    100      0    99
            0     0     0    0    0        0       0      0      0   100
            1   100     0    0    0        0       0    100      0     0
22:39:26  all   100     0    0    0        0       0    100      0   100
            0     0     0    0    0        0       0      0      0   100
            1   100     0    0    0        0       0    100      0     0
22:39:27  all   100     0    1    0        0       0    100      0    99
            0     0     0    1    0        0       0      0      0    99
            1   100     0    0    0        0       0    100      0     0
