
ubuntu  4.10.0-42-generic  #46~16.04.1-Ubuntu SMP Mon Dec 4 15:57:59 UTC 2017  x86_64  2018/01/31

-------------------------- analysis date: 2018/01/31 --------------------------

15:37:40  cpu  %usr %nice %sys %irq %softirq  %steal %guest  %wait %idle  _cpu_
15:37:41  all     1     0    0    0        0       0      0      0    99
15:37:42  all     0     0    0    0        0       0      0      0   100
15:37:43  all     0     0    0    0        0       0      0      0   100
15:37:44  all     0     0    0    0        0       0      0      0   100
15:37:45  all     0     0    0    0        0       0      0      0   100
15:37:46  all     9     0   15    0        6       0      8      0    70
15:37:47  all    31     0   48    0       21       0     30      0     0
15:37:48  all    36     0   42    0       22       0     37      0     0
15:37:49  all    34     0   42    0       24       0     33      0     0
15:37:50  all    37     0   42    0       21       0     38      0     0
15:37:51  all    31     0   48    0       21       0     30      0     0
15:37:52  all    36     0   43    0       22       0     36      0     0
15:37:53  all    35     0   47    0       17       0     36      0     0
15:37:54  all    33     0   45    0       22       0     33      0     0
15:37:55  all    27     0   47    0       26       0     27      0     0
15:37:56  all    28     0   50    0       22       0     28      0     0
15:37:57  all    33     0   45    0       22       0     33      0     0
15:37:58  all    30     0   52    0       18       0     30      0     0
15:37:59  all    34     0   46    0       21       0     33      0     0
15:38:00  all    31     0   42    0       26       0     32      0     0
15:38:01  all    38     0   42    0       20       0     38      0     0
15:38:02  all    30     0   47    0       23       0     29      0     0
15:38:03  all    36     0   43    0       21       0     37      0     0
15:38:04  all    36     0   43    0       22       0     35      0     0
15:38:05  all    33     0   44    0       22       0     34      0     0
15:38:06  all    31     0   51    0       18       0     31      0     0
15:38:07  all    43     0   39    0       18       0     42      0     0
15:38:08  all    33     0   47    0       20       0     33      0     0
15:38:09  all    36     0   43    0       20       0     36      0     0
15:38:10  all    29     0   45    0       26       0     30      0     0
15:38:11  all    34     0   45    0       20       0     34      0     0
15:38:12  all    41     0   41    0       19       0     40      0     0
15:38:13  all    38     0   40    0       22       0     38      0     0
15:38:14  all    37     0   50    0       13       0     37      0     0
15:38:15  all    42     0   46    0       12       0     43      0     0
15:38:16  all    32     0   47    0       20       0     32      0     0
15:38:17  all    32     0   41    0       28       0     31      0     0
15:38:18  all    37     0   41    0       21       0     37      0     0
15:38:19  all    34     0   41    0       25       0     35      0     0
15:38:20  all    34     0   46    0       20       0     34      0     0
15:38:21  all    35     0   48    0       16       0     35      0     0
15:38:22  all    29     0   47    0       24       0     28      0     0
15:38:23  all    33     0   47    0       20       0     34      0     0
15:38:24  all    35     0   45    0       20       0     34      0     0
15:38:25  all    37     0   40    0       22       0     37      0     0
15:38:26  all    37     0   39    0       25       0     37      0     0
15:38:27  all    33     0   45    0       21       0     33      0     0
15:38:28  all    33     0   48    0       20       0     33      0     0
15:38:29  all    37     0   40    0       22       0     37      0     0
15:38:30  all    37     0   39    0       24       0     38      0     0
15:38:31  all    34     0   47    0       20       0     33      0     0
15:38:32  all    32     0   45    0       23       0     32      0     0
15:38:33  all    29     0   50    0       21       0     29      0     0
15:38:34  all    37     0   40    0       22       0     37      0     0
15:38:35  all    34     0   44    0       22       0     34      0     0
15:38:36  all    36     0   44    0       20       0     36      0     0
15:38:37  all    29     0   52    0       19       0     29      0     0
15:38:38  all    35     0   45    0       19       0     35      0     0
15:38:39  all    32     0   44    0       24       0     32      0     0
15:38:40  all    30     0   40    0       30       0     31      0     0
15:38:41  all    32     0   44    0       24       0     32      0     0
15:38:42  all    32     0   44    0       24       0     31      0     0
15:38:43  all    34     0   46    0       20       0     35      0     0
15:38:44  all    33     0   46    0       21       0     32      0     0
15:38:45  all    34     0   47    0       20       0     34      0     0
15:38:46  all    38     0   41    0       21       0     39      0     0
15:38:47  all    35     0   44    0       22       0     34      0     0
15:38:48  all    28     0   50    0       22       0     28      0     0
15:38:49  all    28     0   48    0       24       0     26      0     0
15:38:50  all    39     0   40    0       21       0     39      0     0
15:38:51  all    34     0   41    0       25       0     33      0     0
15:38:52  all    33     0   43    0       24       0     33      0     0
15:38:53  all    33     0   48    0       19       0     33      0     0
15:38:54  all    36     0   45    0       19       0     37      0     0
15:38:55  all    35     0   43    0       22       0     34      0     0
15:38:56  all    31     0   43    0       26       0     31      0     0
15:38:57  all    28     0   47    0       25       0     28      0     0
15:38:58  all    42     0   38    0       20       0     42      0     0
15:38:59  all    32     0   46    0       23       0     32      0     0
15:39:00  all    36     0   43    0       20       0     36      0     0
15:39:01  all    36     0   42    0       23       0     36      0     0
15:39:02  all    28     0   48    0       23       0     28      0     0
15:39:03  all    35     0   38    0       27       0     36      0     0
15:39:04  all    33     0   49    0       17       0     33      0     0
15:39:05  all    26     0   48    0       25       0     25      0     0
15:39:06  all    34     0   43    0       22       0     34      0     0
15:39:07  all    29     0   49    0       22       0     29      0     0
15:39:08  all    34     0   46    0       20       0     34      0     0
15:39:09  all    32     0   48    0       20       0     32      0     0
15:39:10  all    33     0   45    0       22       0     33      0     0
15:39:11  all    35     0   44    0       21       0     35      0     0
15:39:12  all    32     0   44    0       25       0     32      0     0
15:39:13  all    26     0   53    0       21       0     25      0     0
15:39:14  all    31     0   44    0       25       0     31      0     0
15:39:15  all    33     0   46    0       22       0     33      0     0
15:39:16  all    30     0   44    0       25       0     31      0     0
15:39:17  all    34     0   44    0       23       0     33      0     0
15:39:18  all    33     0   47    0       19       0     34      0     0
15:39:19  all    32     0   46    0       23       0     31      0     0
15:39:20  all    35     0   43    0       21       0     36      0     0
15:39:21  all    32     0   46    0       23       0     32      0     0
15:39:22  all    34     0   47    0       18       0     34      0     0
15:39:23  all    31     0   48    0       21       0     31      0     0
15:39:24  all    33     0   44    0       24       0     32      0     0
15:39:25  all    37     0   38    0       25       0     37      0     0
15:39:26  all    36     0   44    0       20       0     36      0     0
15:39:27  all    42     0   41    0       16       0     42      0     0
15:39:28  all    37     0   41    0       22       0     37      0     0
15:39:29  all    29     0   47    0       24       0     30      0     0
15:39:30  all    39     0   46    0       16       0     38      0     0
15:39:31  all    31     0   43    0       25       0     32      0     0
15:39:32  all    31     0   44    0       25       0     31      0     0
15:39:33  all    35     0   48    0       18       0     34      0     0
15:39:34  all    31     0   45    0       23       0     32      0     0
15:39:35  all    35     0   49    0       17       0     34      0     0
15:39:36  all    32     0   47    0       20       0     32      0     0
15:39:37  all    35     0   46    0       20       0     36      0     0
15:39:38  all    33     0   43    0       24       0     33      0     0
15:39:39  all    35     0   46    0       20       0     34      0     0
15:39:40  all    31     0   44    0       24       0     32      0     0
15:39:41  all    32     0   42    0       25       0     31      0     0
15:39:42  all    32     0   42    0       26       0     32      0     0
15:39:43  all    27     0   44    0       28       0     28      0     0
15:39:44  all    38     0   43    0       20       0     37      0     0
15:39:45  all    34     0   43    0       22       0     35      0     0
15:39:46  all    26     0   32    0       14       0     26      0    28
15:39:47  all     1     0    0    0        0       0      0      0    99
15:39:48  all     0     0    0    0        0       0      0      0   100
15:39:49  all     1     0    0    0        0       0      0      0    99
15:39:50  all     0     0    0    0        0       0      0      0   100
15:39:51  all     1     0    0    0        0       0      0      0    99
15:39:52  all     0     0    0    0        0       0      0      1    99
15:39:53  all     1     0    0    0        0       0      1      0    99
15:39:54  all     0     0    1    0        0       0      0      0    99
