
n41  4.10.1-itri  #1 SMP Sat Mar 3 20:34:58 EST 2018  x86_64  2018/03/22

-------------------------- analysis date: 2018/03/22 --------------------------

01:42:37  cpu  %usr %nice %sys %irq %softirq  %steal %guest  %wait %idle  _cpu_
01:42:38  all    99     0    1    0        0       0     99      0    99
            0     0     0    0    0        0       0      0      0   100
            1    99     0    1    0        0       0     99      0     0
01:42:39  all   100     0    0    0        0       0    100      0   100
            0     0     0    0    0        0       0      0      0   100
            1   100     0    0    0        0       0    100      0     0
01:42:40  all   101     0    0    0        0       0    101      0    99
            0     0     0    0    0        0       0      0      0   100
            1   100     0    0    0        0       0    100      0     0
01:42:41  all   100     0    0    0        0       0    100      0   100
            0     0     0    0    0        0       0      0      0   100
            1   100     0    0    0        0       0    100      0     0
01:42:42  all   101     0    0    0        0       0    101      0    99
            0     0     0    0    0        0       0      0      0   100
            1   100     0    0    0        0       0    100      0     0
01:42:43  all   100     0    0    0        0       0    100      0   100
            0     0     0    0    0        0       0      0      0   100
            1   100     0    0    0        0       0    100      0     0
01:42:44  all   101     0    0    0        0       0    101      0    99
            0     0     0    0    0        0       0      0      0   100
            1   100     0    0    0        0       0    100      0     0
01:42:45  all   100     0    0    0        0       0    100      0   100
            0     0     0    0    0        0       0      0      0   100
            1   100     0    0    0        0       0    100      0     0
01:42:46  all   100     0    1    0        0       0     99      0    99
            0     0     0    0    0        0       0      0      0   100
            1    99     0    1    0        0       0     99      0     0
01:42:47  all    99     0    1    0        0       0    100      0   100
            0     0     0    0    0        0       0      0      0   100
            1   100     0    0    0        0       0    100      0     0
01:42:48  all    90     0   10    0        0       0     90      0    99
            0     0     0    1    0        0       0      0      0    99
            1    90     0   10    0        0       0     90      0     0
01:42:49  all    95     0    6    0        0       0     94      0   100
            0     0     0    0    0        0       0      0      0   100
            1    94     0    6    0        0       0     94      0     0
01:42:50  all    89     0   10    0        0       0     90      0   101
            0     0     0    0    0        0       0      0      0   100
            1    90     0   10    0        0       0     90      0     0
01:42:51  all    92     0    8    0        0       0     92      0    99
            0     0     0    0    0        0       0      0      0   100
            1    92     0    8    0        0       0     91      0     0
01:42:52  all    90     0   10    0        0       0     90      0   100
            0     0     0    0    0        0       0      0      0   100
            1    90     0   10    0        0       0     91      0     0
01:42:53  all    92     0    8    0        0       0     92      0   100
            0     0     0    0    0        0       0      0      0   100
            1    92     0    8    0        0       0     92      0     0
01:42:54  all    94     0    6    0        0       0     94      0   100
            0     0     0    0    0        0       0      0      0   100
            1    94     0    6    0        0       0     93      0     0
01:42:55  all    93     0    7    0        0       0     93      0    99
            0     0     0    0    0        0       0      0      0   100
            1    93     0    7    0        0       0     94      0     0
01:42:56  all    90     0   10    0        0       0     90      0   100
            0     0     0    0    0        0       0      0      0   100
            1    90     0   10    0        0       0     90      0     0
01:42:57  all    92     0    8    0        0       0     92      1   100
            0     0     0    0    0        0       0      0      1    99
            1    92     0    8    0        0       0     92      0     0
01:42:58  all    90     0   10    0        0       0     90      0   100
            0     0     0    0    0        0       0      0      0   100
            1    90     0   10    0        0       0     90      0     0
01:42:59  all    93     0    7    0        0       0     93      0    99
            0     0     0    0    0        0       0      0      0   100
            1    93     0    7    0        0       0     92      0     0
01:43:00  all    93     0    7    0        0       0     93      0   100
            0     0     0    0    0        0       0      0      0   100
            1    93     0    7    0        0       0     94      0     0
01:43:01  all    94     0    6    0        0       0     94      0   100
            0     0     0    0    0        0       0      0      0   100
            1    94     0    6    0        0       0     94      0     0
01:43:02  all    94     0    6    0        0       0     94      0    99
            0     0     0    0    0        0       0      0      0   100
            1    94     0    6    0        0       0     94      0     0
01:43:03  all    91     0    9    0        0       0     91      0   100
            0     0     0    0    0        0       0      0      0   100
            1    91     0    9    0        0       0     90      0     0
01:43:04  all    93     0    7    0        0       0     93      0   100
            0     0     0    0    0        0       0      0      0   100
            1    93     0    7    0        0       0     94      0     0
01:43:05  all    94     0    7    0        0       0     93      0   100
            0     0     0    0    0        0       0      0      0   100
            1    93     0    7    0        0       0     93      0     0
01:43:06  all    94     0    5    0        0       0     95      0   101
            0     0     0    0    0        0       0      0      0   100
            1    95     0    5    0        0       0     95      0     0
01:43:07  all    95     0    5    0        0       0     95      0    99
            0     0     0    0    0        0       0      0      0   100
            1    95     0    5    0        0       0     94      0     0
01:43:08  all    92     0    8    0        0       0     92      0   100
            0     0     0    0    0        0       0      0      0   100
            1    92     0    8    0        0       0     93      0     0
01:43:09  all    93     0    7    0        0       0     93      0   100
            0     0     0    0    0        0       0      0      0   100
            1    93     0    7    0        0       0     93      0     0
01:43:10  all    95     0    5    0        0       0     95      0    99
            0     0     0    0    0        0       0      0      0   100
            1    95     0    5    0        0       0     94      0     0
01:43:11  all    88     0   12    0        0       0     88      0   100
            0     0     0    0    0        0       0      0      0   100
            1    88     0   12    0        0       0     89      0     0
01:43:12  all    94     0    6    0        0       0     94      0   100
            0     0     0    0    0        0       0      0      0   100
            1    94     0    6    0        0       0     94      0     0
01:43:13  all    91     0    9    0        0       0     91      0   100
            0     0     0    0    0        0       0      0      0   100
            1    91     0    9    0        0       0     91      0     0
01:43:14  all    93     0    7    0        0       0     93      0   100
            0     0     0    0    0        0       0      0      0   100
            1    93     0    7    0        0       0     92      0     0
01:43:15  all    95     0    6    0        0       0     94      0    98
            0     1     0    0    0        0       0      0      0    99
            1    94     0    6    0        0       0     95      0     0
01:43:16  all    92     0    8    0        0       0     92      0   100
            0     0     0    0    0        0       0      0      0   100
            1    92     0    8    0        0       0     92      0     0
01:43:17  all    91     0    9    0        0       0     91      0   100
            0     0     0    0    0        0       0      0      0   100
            1    91     0    9    0        0       0     91      0     0
01:43:18  all    94     0    6    0        0       0     94      0   100
            0     0     0    0    0        0       0      0      0   100
            1    94     0    6    0        0       0     94      0     0
01:43:19  all    91     0    9    0        0       0     91      0    99
            0     0     0    0    0        0       0      0      0   100
            1    91     0    9    0        0       0     91      0     0
01:43:20  all    94     0    6    0        0       0     94      0   100
            0     0     0    0    0        0       0      0      0   100
            1    94     0    6    0        0       0     93      0     0
01:43:21  all    94     0    6    0        0       0     94      0   100
            0     0     0    0    0        0       0      0      0   100
            1    94     0    6    0        0       0     94      0     0
01:43:22  all    92     0    8    0        0       0     92      0    99
            0     0     0    0    0        0       0      0      0   100
            1    92     0    8    0        0       0     92      0     0
01:43:23  all    92     0    8    0        0       0     92      0   100
            0     0     0    0    0        0       0      0      0   100
            1    92     0    8    0        0       0     92      0     0
01:43:24  all    89     0   11    0        0       0     89      0   100
            0     0     0    0    0        0       0      0      0   100
            1    89     0   11    0        0       0     90      0     0
01:43:25  all    97     0    3    0        0       0     97      0   100
            0     0     0    0    0        0       0      0      0   100
            1    97     0    3    0        0       0     97      0     0
01:43:26  all   100     0    1    0        0       0     99      0    99
            0     1     0    0    0        0       0      0      0    99
            1    99     0    1    0        0       0     99      0     0
01:43:27  all   100     0    1    0        0       0    100      0    99
            0     0     0    1    0        0       0      0      0    99
            1   100     0    0    0        0       0    100      0     0
01:43:28  all    98     0    2    0        0       0     98      0   100
            0     0     0    0    0        0       0      0      0   100
            1    98     0    2    0        0       0     98      0     0
01:43:29  all   101     0    0    0        0       0    101      0    99
            0     0     0    0    0        0       0      0      0   100
            1   100     0    0    0        0       0    100      0     0
01:43:30  all    98     0    3    0        0       0     97      0   100
            0     0     0    0    0        0       0      0      0   100
            1    97     0    3    0        0       0     97      0     0
01:43:31  all   100     0    1    0        0       0    100      0    99
            0     0     0    1    0        0       0      0      0    99
            1   100     0    0    0        0       0    100      0     0
01:43:32  all    99     0    0    0        0       0    101      0   101
            0     0     0    0    0        0       0      0      0   100
            1   100     0    0    0        0       0    100      0     0
01:43:33  all   100     0    1    0        0       0    100      0    99
            0     0     0    1    0        0       0      0      0    99
            1   100     0    0    0        0       0    100      0     0
