
itri  4.4.0-87-generic  #110-Ubuntu SMP Tue Jul 18 12:55:35 UTC 2017  x86_64  2018/01/02

-------------------------- analysis date: 2018/01/02 --------------------------

21:58:51  cpu  %usr %nice %sys %irq %softirq  %steal %guest  %wait %idle  _cpu_
21:58:52  all     0     0    0    0        0       1      0      0    99
21:58:53  all     0     0    0    0        0       0      0      0   100
21:58:54  all     0     0    0    0        0       1      0      0    99
21:58:55  all     0     0    0    0        0       0      0      0   100
21:58:56  all     0     0    0    0        0       0      0      0   100
21:58:57  all     0     0    0    0        0       0      0      0   100
21:58:58  all     0     0    0    0        0       1      0      0    99
21:58:59  all     0     0    0    0        0       0      0      0   100
21:59:00  all     0     0    0    0        0       0      0      0   100
21:59:01  all     0     0    0    0        0       1      0      0    99
21:59:02  all     0     0    0    0        0       0      0      0   100
21:59:03  all     0     0    1    0        0       0      0      0    99
21:59:04  all     0     0    1    0        0       1      0      0    98
21:59:05  all     0     0    0    0        0       0      0      0   100
21:59:06  all     1     0    0    0        0       0      0      0    99
21:59:07  all     0     0    0    0        0       1      0      0    99
21:59:08  all     0     0    0    0        0       0      0      0   100
21:59:09  all     0     0    0    0        0       0      0      0   100
21:59:10  all     0     0    0    0        0       1      0      0    99
21:59:11  all     0     0    0    0        0       0      0      0   100
21:59:12  all     0     0    0    0        0       1      0      0    99
21:59:13  all     0     0    0    0        0       0      0      0   100
21:59:14  all     0     0    0    0        0       0      0      0   100
21:59:15  all     0     0    0    0        0       0      0      0   100
21:59:16  all     0     0    0    0        0       1      0      0    99
21:59:17  all     0     0    0    0        0       0      0      0   100
21:59:18  all     0     0    0    0        0       0      0      0   100
21:59:19  all     0     0    0    0        0       1      0      0    99
21:59:20  all     0     0    0    0        0       0      0      0   100
21:59:21  all     0     0    0    0        0       0      0      0   100
21:59:22  all     0     0    0    0        0       0      0      0   100
21:59:23  all     0     0    0    0        0       1      0      0    99
21:59:24  all     0     0    0    0        0       1      0      3    96
21:59:25  all     0     0    0    0        0       1      0      0    99
21:59:26  all     0     0    0    0        0       0      0      0   100
21:59:27  all     0     0    0    0        0       0      0      0   100
21:59:28  all     0     0    0    0        0       1      0      0    99
21:59:29  all     0     0    0    0        0       0      0      0   100
21:59:30  all     0     0    0    0        0       0      0      0   100
21:59:31  all     0     0    0    0        0       0      0      0   100
21:59:32  all     0     0    0    0        0       1      0      0    99
21:59:33  all     0     0    0    0        0       1      0      0    99
21:59:34  all     0     0    0    0        0       1      0      0    99
21:59:35  all     0     0    0    0        0       0      0      0   100
21:59:36  all     0     0    0    0        0       1      0      0    99
21:59:37  all     0     0    0    0        0       0      0      0   100
21:59:38  all     0     0    0    0        0       0      0      0   100
21:59:39  all     0     0    0    0        0       0      0      0   100
21:59:40  all     0     0    0    0        0       1      0      0    99
21:59:41  all     0     0    0    0        0       0      0      0   100
21:59:42  all     0     0    0    0        0       0      0      0   100
21:59:43  all     0     0    1    0        0       1      0      0    98
21:59:44  all     0     0    0    0        0       0      0      0   100
21:59:45  all     0     0    0    0        0       0      0      0   100
21:59:46  all     0     0    0    0        0       0      0      0   100
21:59:47  all     0     0    0    0        0       1      0      0    99
21:59:48  all     0     0    0    0        0       0      0      0   100
21:59:49  all     0     0    0    0        0       1      0      0    99
21:59:50  all     0     0    0    0        0       0      0      0   100
21:59:51  all     0     0    0    0        0       0      0      0   100
21:59:52  all     0     0    0    0        0       0      0      0   100
21:59:53  all     0     0    0    0        0       1      0      0    99
21:59:54  all     0     0    0    0        0       0      0      0   100
21:59:55  all     0     0    0    0        0       0      0      0   100
21:59:56  all     0     0    0    0        0       1      0      0    99
21:59:57  all     0     0    0    0        0       0      0      0   100
21:59:58  all     0     0    1    0        0       2      0      0    97
21:59:59  all     0     0    0    0        0       0      0      0   100
22:00:00  all     0     0    0    0        0       0      0      0   100
22:00:01  all     0     0    0    0        0       0      0      0   100
22:00:02  all     0     0    0    0        0       1      0      0    99
22:00:03  all     0     0    0    0        0       0      0      0   100
22:00:04  all     0     0    0    0        0       1      0      0    99
22:00:05  all     0     0    0    0        0       0      0      0   100
22:00:06  all     0     0    0    0        0       0      0      0   100
22:00:07  all     0     0    0    0        0       0      0      0   100
22:00:08  all     0     0    0    0        0       1      0      0    99
22:00:09  all     0     0    0    0        0       0      0      0   100
22:00:10  all     0     0    0    0        0       0      0      0   100
22:00:11  all     0     0    0    0        0       1      0      0    99
22:00:12  all     0     0    0    0        0       0      0      0   100
22:00:13  all     0     0    0    0        0       0      0      0   100
22:00:14  all     0     0    0    0        0       0      0      0   100
22:00:15  all     0     0    0    0        0       1      0      0    99
22:00:16  all     0     0    0    0        0       0      0      0   100
22:00:17  all     0     0    0    0        0       1      0      0    99
22:00:18  all     0     0    0    0        0       0      0      0   100
22:00:19  all     0     0    0    0        0       0      0      0   100
22:00:20  all     0     0    0    0        0       0      0      0   100
22:00:21  all     0     0    0    0        0       1      0      0    99
22:00:22  all     0     0    0    0        0       0      0      0   100
22:00:23  all     0     0    0    0        0       0      0      0   100
22:00:24  all     0     0    0    0        0       1      0      0    99
22:00:25  all     0     0    0    0        0       0      0      0   100
22:00:26  all     0     0    0    0        0       0      0      0   100
22:00:27  all     0     0    0    0        0       0      0      0   100
22:00:28  all     0     0    0    0        0       1      0      0    99
22:00:29  all     0     0    0    0        0       0      0      0   100
22:00:30  all     0     0    0    0        0       1      0      0    99
22:00:31  all     0     0    1    0        0       0      0      0    99
22:00:32  all     0     0    0    0        0       0      0      0   100
22:00:33  all     0     0    0    0        0       0      0      0   100
22:00:34  all     0     0    0    0        0       1      0      0    99
22:00:35  all     0     0    0    0        0       0      0      0   100
22:00:36  all     0     0    0    0        0       0      0      0   100
22:00:37  all     0     0    0    0        0       1      0      0    99
22:00:38  all     0     0    0    0        0       0      0      0   100
22:00:39  all     1     0    0    0        0       0      0      0    99
22:00:40  all     0     0    1    0        0       0      0      0    99
22:00:41  all     0     0    0    0        0       1      0      0    99
22:00:42  all     0     0    0    0        0       0      0      0   100
22:00:43  all     0     0    0    0        0       1      0      0    99
22:00:44  all     0     0    1    0        0       0      0      0    99
22:00:45  all     0     0    0    0        0       0      0      0   100
22:00:46  all     0     0    0    0        0       0      0      0   100
22:00:47  all     4     0    2    0        0       1      0      0    93
22:00:48  all     0     0    0    0        0       0      0      0   100
22:00:49  all     0     0    1    0        0       1      0      0    98
22:00:50  all     1     0    0    0        0       0      0      0    99
22:00:51  all     0     0    0    0        0       0      0      0   100
22:00:52  all     0     0    0    0        0       0      0      0   100
22:00:53  all     1     0    0    0        0       2      0      3    94
22:00:54  all     0     0    0    0        0       0      0      0   100
22:00:55  all     0     0    1    0        0       0      0      0    99
22:00:56  all     0     0    0    0        0       0      0      0   100
22:00:57  all     0     0    0    0        0       1      0      0    99
22:00:58  all     1     0    0    0        0       0      0      0    99
22:00:59  all     0     0    0    0        0       1      0      0    99
22:01:00  all     0     0    1    0        0       0      0      0    99
22:01:01  all     0     0    0    0        0       0      0      0   100
