
itri  4.4.0-87-generic  #110-Ubuntu SMP Tue Jul 18 12:55:35 UTC 2017  x86_64  2018/01/02

-------------------------- analysis date: 2018/01/02 --------------------------

22:18:42  cpu  %usr %nice %sys %irq %softirq  %steal %guest  %wait %idle  _cpu_
22:18:43  all     0     0    0    0        0       0      0      0   100
22:18:44  all     0     0    0    0        0       0      0      0   100
22:18:45  all     1     0    1    0        0       0      0      0    98
22:18:46  all     0     0    0    0        0       0      0      0   100
22:18:47  all     0     0    0    0        0       0      0      0   100
22:18:48  all     0     0    0    0        0       0      0      1    99
22:18:49  all     0     0    0    0        0       0      0      0   100
22:18:50  all     0     0    0    0        0       0      0      0   100
22:18:51  all     0     0    0    0        0       0      0      0   100
22:18:52  all     0     0    0    0        0       0      0      0   100
22:18:53  all     0     0    0    0        0       0      0      0   100
22:18:54  all     0     0    0    0        0       0      0      0   100
22:18:55  all     0     0    0    0        0       0      0      0   100
22:18:56  all     0     0    0    0        0       0      0      0   100
22:18:57  all     0     0    0    0        0       0      0      0   100
22:18:58  all     0     0    0    0        0       0      0      0   100
22:18:59  all     0     0    0    0        0       1      0      0    99
22:19:00  all     0     0    1    0        0       0      0      0    99
22:19:01  all     0     0    0    0        0       0      0      0   100
22:19:02  all     0     0    1    0        0       0      0      0    99
22:19:03  all     1     0    0    0        0       0      0      0    99
22:19:04  all     0     0    0    0        0       0      0      0   100
22:19:05  all     0     0    0    0        0       0      0      0   100
22:19:06  all     0     0    0    0        0       0      0      0   100
22:19:07  all     0     0    1    0        0       0      0      0    99
22:19:08  all     0     0    0    0        0       0      0      0   100
22:19:09  all     0     0    1    0        0       0      0      0    99
22:19:10  all     0     0    0    0        0       1      0      0    99
22:19:11  all     0     0    0    0        0       0      0      1    99
22:19:12  all     1     0    0    0        0       0      0      0    99
22:19:13  all     0     0    0    0        0       0      0      0   100
22:19:14  all     0     0    0    0        0       0      0      0   100
22:19:15  all     1     0    1    0        0       0      0      0    98
22:19:16  all     0     0    0    0        0       0      0      0   100
22:19:17  all     0     0    0    0        0       0      0      0   100
22:19:18  all     0     0    0    0        0       0      0      0   100
22:19:19  all     0     0    0    0        0       0      0      0   100
22:19:20  all     0     0    0    0        0       0      0      0   100
22:19:21  all     0     0    0    0        0       0      0      0   100
22:19:22  all     0     0    0    0        0       0      0      0   100
22:19:23  all     0     0    0    0        0       0      0      0   100
22:19:24  all     0     0    0    0        0       0      0      0   100
22:19:25  all     0     0    0    0        0       0      0      0   100
22:19:26  all     0     0    0    0        0       0      0      0   100
22:19:27  all     0     0    0    0        0       0      0      0   100
22:19:28  all     0     0    0    0        0       0      0      0   100
22:19:29  all     0     0    0    0        0       0      0      0   100
22:19:30  all     0     0    0    0        0       0      0      0   100
22:19:31  all     0     0    0    0        0       0      0      0   100
22:19:32  all     0     0    0    0        0       0      0      0   100
22:19:33  all     0     0    0    0        0       0      0      0   100
22:19:34  all     0     0    0    0        0       0      0      0   100
22:19:35  all     0     0    0    0        0       0      0      0   100
22:19:36  all     0     0    0    0        0       0      0      0   100
22:19:37  all     0     0    0    0        0       0      0      0   100
22:19:38  all     0     0    0    0        0       0      0      0   100
22:19:39  all     0     0    0    0        0       0      0      0   100
22:19:40  all     0     0    1    0        0       0      0      0    99
22:19:41  all     0     0    0    0        0       0      0      0   100
22:19:42  all     0     0    0    0        0       0      0      0   100
22:19:43  all     0     0    0    0        0       0      0      0   100
22:19:44  all     0     0    0    0        0       0      0      0   100
22:19:45  all     0     0    0    0        0       0      0      0   100
22:19:46  all     0     0    0    0        0       0      0      0   100
22:19:47  all     0     0    0    0        0       0      0      0   100
22:19:48  all     0     0    0    0        0       0      0      0   100
22:19:49  all     0     0    0    0        0       0      0      0   100
22:19:50  all     0     0    0    0        0       0      0      0   100
22:19:51  all     0     0    0    0        0       0      0      0   100
22:19:52  all     0     0    1    0        0       0      0      0    99
22:19:53  all     1     0    0    0        0       0      0      0    99
22:19:54  all     0     0    0    0        0       0      0      0   100
22:19:55  all     0     0    0    0        0       0      0      0   100
22:19:56  all     1     0    0    0        0       1      0      1    97
22:19:57  all     0     0    0    0        0       0      0      0   100
22:19:58  all     0     0    1    0        0       0      0      0    99
22:19:59  all     0     0    0    0        0       0      0      0   100
22:20:00  all     1     0    0    0        0       0      0      0    99
22:20:01  all     0     0    0    0        0       0      0      0   100
22:20:02  all     0     0    0    0        0       0      0      0   100
22:20:03  all     1     0    0    0        0       0      0      0    99
22:20:04  all     0     0    0    0        0       0      0      0   100
22:20:05  all     0     0    0    0        0       0      0      0   100
22:20:06  all     0     0    0    0        0       0      0      0   100
22:20:07  all     0     0    0    0        0       0      0      0   100
22:20:08  all     0     0    0    0        0       0      0      0   100
22:20:09  all     0     0    0    0        0       0      0      0   100
22:20:10  all     0     0    0    0        0       0      0      0   100
22:20:11  all     0     0    0    0        0       0      0      0   100
22:20:12  all     0     0    0    0        0       0      0      0   100
22:20:13  all     0     0    0    0        0       0      0      0   100
22:20:14  all     0     0    0    0        0       0      0      0   100
22:20:15  all     0     0    0    0        0       0      0      0   100
22:20:16  all     0     0    0    0        0       0      0      0   100
22:20:17  all     0     0    0    0        0       0      0      0   100
22:20:18  all     0     0    0    0        0       0      0      0   100
22:20:19  all     0     0    0    0        0       0      0      0   100
22:20:20  all     0     0    0    0        0       0      0      0   100
22:20:21  all     0     0    0    0        0       0      0      0   100
22:20:22  all     0     0    0    0        0       0      0      0   100
22:20:23  all     0     0    0    0        0       0      0      0   100
22:20:24  all     1     0    0    0        0       0      0      0    99
22:20:25  all     0     0    0    0        0       0      0      0   100
22:20:26  all     0     0    0    0        0       0      0      0   100
22:20:27  all     0     0    0    0        0       0      0      0   100
22:20:28  all     0     0    0    0        0       0      0      0   100
22:20:29  all     0     0    0    0        0       0      0      0   100
22:20:30  all     0     0    0    0        0       0      0      0   100
22:20:31  all     0     0    0    0        0       1      0      0    99
22:20:32  all     0     0    0    0        0       0      0      0   100
22:20:33  all     0     0    0    0        0       0      0      0   100
22:20:34  all     0     0    0    0        0       0      0      0   100
22:20:35  all     0     0    0    0        0       0      0      0   100
22:20:36  all     0     0    0    0        0       0      0      0   100
22:20:37  all     0     0    0    0        0       0      0      0   100
22:20:38  all     0     0    0    0        0       0      0      0   100
22:20:39  all     0     0    1    0        0       0      0      0    99
22:20:40  all     0     0    0    0        0       0      0      0   100
22:20:41  all     0     0    1    0        0       0      0      0    99
22:20:42  all     0     0    0    0        0       0      0      0   100
22:20:43  all     0     0    0    0        0       0      0      0   100
22:20:44  all     0     0    0    0        0       0      0      0   100
22:20:45  all     0     0    1    0        0       0      0      0    99
22:20:46  all     0     0    0    0        0       0      0      0   100
22:20:47  all     1     0    0    0        0       0      0      0    99
22:20:48  all     0     0    0    0        0       0      0      0   100
22:20:49  all     0     0    0    0        0       0      0      0   100
22:20:50  all     0     0    1    0        0       0      0      0    99
22:20:51  all     1     0    0    0        0       0      0      0    99
