
itri  4.4.0-87-generic  #110-Ubuntu SMP Tue Jul 18 12:55:35 UTC 2017  x86_64  2018/01/02

-------------------------- analysis date: 2018/01/02 --------------------------

22:07:33  cpu  %usr %nice %sys %irq %softirq  %steal %guest  %wait %idle  _cpu_
22:07:34  all     0     0    1    0        0       1      0      0    98
22:07:35  all     0     0    0    0        0       1      0      0    99
22:07:36  all     0     0    0    0        0       1      0      0    99
22:07:37  all     0     0    0    0        0       1      0      0    99
22:07:38  all     0     0    0    0        0       0      0      0   100
22:07:39  all     0     0    0    0        0       1      0      1    98
22:07:40  all     0     0    0    0        0       1      0      0    99
22:07:41  all     0     0    0    0        0       1      0      0    99
22:07:42  all     0     0    0    0        0       1      0      0    99
22:07:43  all     0     0    0    0        0       1      0      0    99
22:07:44  all     0     0    0    0        0       1      0      0    99
22:07:45  all     0     0    0    0        0       0      0      0   100
22:07:46  all     0     0    0    0        0       1      0      0    99
22:07:47  all     0     0    0    0        0       1      0      0    99
22:07:48  all     0     0    0    0        0       1      0      0    99
22:07:49  all     0     0    0    0        0       1      0      0    99
22:07:50  all     0     0    0    0        0       1      0      0    99
22:07:51  all     0     0    0    0        0       1      0      0    99
22:07:52  all     0     0    0    0        0       0      0      0   100
22:07:53  all     0     0    0    0        0       1      0      0    99
22:07:54  all     0     0    0    0        0       1      0      0    99
22:07:55  all     0     0    0    0        0       1      0      0    99
22:07:56  all     0     0    0    0        0       1      0      0    99
22:07:57  all     0     0    0    0        0       1      0      0    99
22:07:58  all     0     0    0    0        0       1      0      0    99
22:07:59  all     0     0    0    0        0       0      0      0   100
22:08:00  all     0     0    0    0        0       1      0      0    99
22:08:01  all     0     0    0    0        0       1      0      0    99
22:08:02  all     0     0    0    0        0       1      0      0    99
22:08:03  all     0     0    0    0        0       1      0      0    99
22:08:04  all     0     0    0    0        0       0      0      0   100
22:08:05  all     0     0    0    0        0       2      0      0    98
22:08:06  all     0     0    0    0        0       0      0      0   100
22:08:07  all     0     0    0    0        0       1      0      0    99
22:08:08  all     0     0    0    0        0       1      0      0    99
22:08:09  all     0     0    0    0        0       1      0      0    99
22:08:10  all     0     0    0    0        0       1      0      0    99
22:08:11  all     0     0    0    0        0       2      0      0    98
22:08:12  all     0     0    0    0        0       0      0      0   100
22:08:13  all     0     0    0    0        0       1      0      0    99
22:08:14  all     0     0    0    0        0       1      0      0    99
22:08:15  all     0     0    0    0        0       1      0      0    99
22:08:16  all     0     0    0    0        0       1      0      0    99
22:08:17  all     0     0    0    0        0       1      0      0    99
22:08:18  all     0     0    0    0        0       1      0      0    99
22:08:19  all     0     0    0    0        0       0      0      0   100
22:08:20  all     0     0    0    0        0       1      0      0    99
22:08:21  all     0     0    0    0        0       1      0      0    99
22:08:22  all     0     0    0    0        0       1      0      0    99
22:08:23  all     0     0    0    0        0       1      0      0    99
22:08:24  all     0     0    0    0        0       1      0      0    99
22:08:25  all     0     0    0    0        0       1      0      0    99
22:08:26  all     0     0    0    0        0       0      0      0   100
22:08:27  all     0     0    0    0        0       1      0      0    99
22:08:28  all     0     0    0    0        0       1      0      0    99
22:08:29  all     0     0    0    0        0       1      0      0    99
22:08:30  all     0     0    0    0        0       1      0      0    99
22:08:31  all     0     0    0    0        0       1      0      0    99
22:08:32  all     0     0    0    0        0       1      0      0    99
22:08:33  all     0     0    0    0        0       0      0      0   100
22:08:34  all     0     0    0    0        0       1      0      0    99
22:08:35  all     0     0    0    0        0       1      0      0    99
22:08:36  all     0     0    0    0        0       1      0      0    99
22:08:37  all     0     0    0    0        0       1      0      0    99
22:08:38  all     0     0    0    0        0       1      0      0    99
22:08:39  all     0     0    0    0        0       1      0      0    99
22:08:40  all     0     0    0    0        0       0      0      0   100
22:08:41  all     0     0    0    0        0       1      0      0    99
22:08:42  all     0     0    0    0        0       1      0      0    99
22:08:43  all     0     0    0    0        0       2      0      3    95
22:08:44  all     0     0    0    0        0       1      0      0    99
22:08:45  all     0     0    0    0        0       1      0      0    99
22:08:46  all     0     0    0    0        0       0      0      0   100
22:08:47  all     0     0    0    0        0       2      0      0    98
22:08:48  all     0     0    0    0        0       0      0      0   100
22:08:49  all     0     0    0    0        0       1      0      0    99
22:08:50  all     0     0    0    0        0       1      0      0    99
22:08:51  all     0     0    0    0        0       1      0      0    99
22:08:52  all     0     0    0    0        0       1      0      0    99
22:08:53  all     0     0    0    0        0       0      0      0   100
22:08:54  all     0     0    0    0        0       1      0      0    99
22:08:55  all     0     0    0    0        0       1      0      0    99
22:08:56  all     0     0    0    0        0       1      0      0    99
22:08:57  all     0     0    0    0        0       1      0      0    99
22:08:58  all     0     0    0    0        0       1      0      0    99
22:08:59  all     0     0    0    0        0       1      0      0    99
22:09:00  all     0     0    0    0        0       0      0      0   100
22:09:01  all     0     0    0    0        0       2      0      1    97
22:09:02  all     0     0    0    0        0       1      0      0    99
22:09:03  all     0     0    0    0        0       1      0      0    99
22:09:04  all     0     0    1    0        0       1      0      0    98
22:09:05  all     0     0    0    0        0       1      0      0    99
22:09:06  all     0     0    1    0        0       0      0      0    99
22:09:07  all     0     0    0    0        0       1      0      1    98
22:09:08  all     0     0    0    0        0       1      0      0    99
22:09:09  all     1     0    0    0        0       1      0      0    98
22:09:10  all     0     0    0    0        0       1      0      0    99
22:09:11  all     1     0    0    0        0       1      0      0    98
22:09:12  all     0     0    0    0        0       1      0      0    99
22:09:13  all     0     0    0    0        0       1      0      0    99
22:09:14  all     0     0    0    0        0       0      0      0   100
22:09:15  all     0     0    0    0        0       1      0      0    99
22:09:16  all     0     0    1    0        0       1      0      0    98
22:09:17  all     0     0    0    0        0       1      0      0    99
22:09:18  all     0     0    0    0        0       2      0      0    98
22:09:19  all     0     0    0    0        0       1      0      0    99
22:09:20  all     1     0    0    0        0       1      0      0    98
22:09:21  all     0     0    1    0        0       0      0      0    99
22:09:22  all     0     0    0    0        0       2      0      0    98
22:09:23  all     0     0    0    0        0       0      0      0   100
22:09:24  all     0     0    0    0        0       1      0      0    99
22:09:25  all     0     0    0    0        0       1      0      0    99
22:09:26  all     0     0    0    0        0       1      0      0    99
22:09:27  all     0     0    0    0        0       1      0      0    99
22:09:28  all     0     0    0    0        0       0      0      0   100
22:09:29  all     0     0    0    0        0       1      0      0    99
22:09:30  all     0     0    0    0        0       1      0      0    99
22:09:31  all     0     0    0    0        0       1      0      0    99
22:09:32  all     0     0    0    0        0       1      0      0    99
22:09:33  all     0     0    0    0        0       1      0      0    99
22:09:34  all     0     0    0    0        0       1      0      0    99
22:09:35  all     0     0    0    0        0       1      0      0    99
22:09:36  all     0     0    0    0        0       1      0      0    99
22:09:37  all     0     0    0    0        0       0      0      0   100
22:09:38  all     0     0    0    0        0       2      0      0    98
22:09:39  all     0     0    0    0        0       0      0      0   100
22:09:40  all     0     0    0    0        0       1      0      0    99
22:09:41  all     0     0    0    0        0       1      0      0    99
22:09:42  all     0     0    0    0        0       1      0      0    99
