
itri  4.4.0-87-generic  #110-Ubuntu SMP Tue Jul 18 12:55:35 UTC 2017  x86_64  2018/01/02

-------------------------- analysis date: 2018/01/02 --------------------------

22:14:35  cpu  %usr %nice %sys %irq %softirq  %steal %guest  %wait %idle  _cpu_
22:14:36  all     0     0    0    0        0       0      0      0   100
22:14:37  all     0     0    0    0        0       1      0      0    99
22:14:38  all     0     0    0    0        0       1      0      0    99
22:14:39  all     0     0    0    0        0       1      0      0    99
22:14:40  all     1     0    0    0        0       1      0      0    98
22:14:41  all     0     0    0    0        0       1      0      1    98
22:14:42  all     0     0    0    0        0       1      0      0    99
22:14:43  all     0     0    0    0        0       0      0      0   100
22:14:44  all     0     0    0    0        0       1      0      0    99
22:14:45  all     0     0    0    0        0       1      0      0    99
22:14:46  all     0     0    0    0        0       1      0      0    99
22:14:47  all     0     0    0    0        0       1      0      0    99
22:14:48  all     0     0    0    0        0       1      0      0    99
22:14:49  all     0     0    0    0        0       1      0      0    99
22:14:50  all     0     0    0    0        0       0      0      0   100
22:14:51  all     0     0    0    0        0       1      0      0    99
22:14:52  all     0     0    0    0        0       1      0      0    99
22:14:53  all     0     0    0    0        0       1      0      0    99
22:14:54  all     0     0    0    0        0       1      0      0    99
22:14:55  all     0     0    0    0        0       1      0      0    99
22:14:56  all     0     0    0    0        0       1      0      0    99
22:14:57  all     0     0    0    0        0       0      0      0   100
22:14:58  all     0     0    0    0        0       2      0      0    98
22:14:59  all     0     0    0    0        0       0      0      0   100
22:15:00  all     0     0    0    0        0       1      0      0    99
22:15:01  all     0     0    0    0        0       1      0      0    99
22:15:02  all     0     0    0    0        0       1      0      0    99
22:15:03  all     0     0    0    0        0       1      0      0    99
22:15:04  all     0     0    0    0        0       0      0      0   100
22:15:05  all     0     0    0    0        0       2      0      0    98
22:15:06  all     0     0    0    0        0       0      0      0   100
22:15:07  all     0     0    0    0        0       1      0      0    99
22:15:08  all     0     0    0    0        0       1      0      0    99
22:15:09  all     0     0    1    0        0       1      0      0    98
22:15:10  all     0     0    0    0        0       1      0      0    99
22:15:11  all     0     0    0    0        0       2      0      0    98
22:15:12  all     0     0    0    0        0       0      0      2    98
22:15:13  all     0     0    0    0        0       2      0      0    98
22:15:14  all     0     0    0    0        0       0      0      0   100
22:15:15  all     0     0    0    0        0       1      0      0    99
22:15:16  all     0     0    0    0        0       1      0      0    99
22:15:17  all     0     0    0    0        0       1      0      0    99
22:15:18  all     0     0    0    0        0       1      0      0    99
22:15:19  all     0     0    0    0        0       0      0      0   100
22:15:20  all     0     0    0    0        0       2      0      0    98
22:15:21  all     0     0    0    0        0       0      0      0   100
22:15:22  all     0     0    0    0        0       1      0      0    99
22:15:23  all     0     0    0    0        0       1      0      0    99
22:15:24  all     0     0    0    0        0       1      0      0    99
22:15:25  all     0     0    0    0        0       1      0      0    99
22:15:26  all     0     0    0    0        0       1      0      0    99
22:15:27  all     0     0    0    0        0       1      0      0    99
22:15:28  all     0     0    0    0        0       0      0      0   100
22:15:29  all     0     0    0    0        0       1      0      0    99
22:15:30  all     0     0    0    0        0       1      0      0    99
22:15:31  all     0     0    0    0        0       1      0      0    99
22:15:32  all     0     0    0    0        0       1      0      0    99
22:15:33  all     0     0    0    0        0       1      0      0    99
22:15:34  all     0     0    0    0        0       1      0      0    99
22:15:35  all     0     0    0    0        0       0      0      0   100
22:15:36  all     0     0    0    0        0       1      0      0    99
22:15:37  all     0     0    0    0        0       1      0      0    99
22:15:38  all     0     0    0    0        0       1      0      0    99
22:15:39  all     0     0    0    0        0       1      0      0    99
22:15:40  all     0     0    0    0        0       1      0      0    99
22:15:41  all     0     0    0    0        0       1      0      0    99
22:15:42  all     0     0    0    0        0       1      0      0    99
22:15:43  all     0     0    0    0        0       1      0      0    99
22:15:44  all     0     0    0    0        0       0      0      0   100
22:15:45  all     0     0    0    0        0       1      0      0    99
22:15:46  all     0     0    0    0        0       2      0      0    98
22:15:47  all     0     0    0    0        0       1      0      0    99
22:15:48  all     0     0    0    0        0       1      0      0    99
22:15:49  all     0     0    0    0        0       1      0      0    99
22:15:50  all     0     0    0    0        0       0      0      0   100
22:15:51  all     0     0    0    0        0       1      0      0    99
22:15:52  all     0     0    0    0        0       1      0      0    99
22:15:53  all     0     0    0    0        0       1      0      0    99
22:15:54  all     0     0    0    0        0       1      0      0    99
22:15:55  all     0     0    0    0        0       1      0      0    99
22:15:56  all     0     0    0    0        0       1      0      0    99
22:15:57  all     0     0    0    0        0       1      0      0    99
22:15:58  all     0     0    0    0        0       1      0      0    99
22:15:59  all     0     0    0    0        0       0      0      0   100
22:16:00  all     0     0    0    0        0       1      0      0    99
22:16:01  all     0     0    0    0        0       1      0      0    99
22:16:02  all     0     0    0    0        0       1      0      0    99
22:16:03  all     0     0    0    0        0       1      0      0    99
22:16:04  all     0     0    0    0        0       1      0      0    99
22:16:05  all     0     0    0    0        0       1      0      0    99
22:16:06  all     0     0    0    0        0       0      0      0   100
22:16:07  all     0     0    0    0        0       1      0      0    99
22:16:08  all     0     0    0    0        0       1      0      0    99
22:16:09  all     0     0    0    0        0       1      0      0    99
22:16:10  all     0     0    1    0        0       1      0      0    98
22:16:11  all     0     0    0    0        0       1      0      0    99
22:16:12  all     0     0    0    0        0       1      0      0    99
22:16:13  all     0     0    0    0        0       1      0      0    99
22:16:14  all     0     0    0    0        0       1      0      0    99
22:16:15  all     0     0    0    0        0       0      0      0   100
22:16:16  all     0     0    0    0        0       1      0      0    99
22:16:17  all     0     0    0    0        0       1      0      0    99
22:16:18  all     0     0    0    0        0       1      0      0    99
22:16:19  all     0     0    0    0        0       1      0      0    99
22:16:20  all     0     0    0    0        0       1      0      0    99
22:16:21  all     0     0    0    0        0       1      0      0    99
22:16:22  all     0     0    0    0        0       0      0      0   100
22:16:23  all     0     0    0    0        0       1      0      0    99
22:16:24  all     0     0    0    0        0       1      0      0    99
22:16:25  all     0     0    0    0        0       1      0      0    99
22:16:26  all     0     0    0    0        0       1      0      0    99
22:16:27  all     0     0    0    0        0       1      0      0    99
22:16:28  all     0     0    0    0        0       1      0      0    99
22:16:29  all     0     0    0    0        0       0      0      0   100
22:16:30  all     0     0    0    0        0       2      0      0    98
22:16:31  all     0     0    0    0        0       0      0      0   100
22:16:32  all     0     0    0    0        0       1      0      0    99
22:16:33  all     0     0    0    0        0       1      0      0    99
22:16:34  all     0     0    0    0        0       1      0      0    99
22:16:35  all     0     0    0    0        0       1      0      0    99
22:16:36  all     0     0    0    0        0       1      0      0    99
22:16:37  all     0     0    0    0        0       1      0      0    99
22:16:38  all     0     0    0    0        0       1      0      0    99
22:16:39  all     0     0    0    0        0       1      0      0    99
22:16:40  all     0     0    0    0        0       0      0      0   100
22:16:41  all     0     0    0    0        0       1      0      0    99
22:16:42  all     0     0    0    0        0       1      0      0    99
22:16:43  all     0     0    0    0        0       1      0      0    99
22:16:44  all     0     0    0    0        0       1      0      0    99
22:16:45  all     0     0    0    0        0       1      0      0    99
