
o41  4.10.0-42-generic  #46~16.04.1-Ubuntu SMP Mon Dec 4 15:57:59 UTC 2017  x86_64  2017/12/27

-------------------------- analysis date: 2017/12/27 --------------------------

15:10:13  cpu  %usr %nice %sys %irq %softirq  %steal %guest  %wait %idle  _cpu_
15:10:14  all     0     0    0    0        0       0      0      0   100
15:10:15  all     0     0    0    0        0       0      0      0   100
15:10:16  all     0     0    0    0        0       0      0      0   100
15:10:17  all     0     0    0    0        0       0      0      0   100
15:10:18  all     1     0    0    0        0       0      0      0    99
15:10:19  all     0     0    0    0        0       0      0      0   100
15:10:20  all     0     0    1    0        0       0      0      0    99
15:10:21  all     2     0    4    0        0       0      1      0    94
15:10:22  all     5     0   95    0        0       0      5      0     0
15:10:23  all     3     0   97    0        0       0      2      0     0
15:10:24  all    13     0   86    0        0       0     14      0     1
15:10:25  all     2     0   98    0        0       0      1      0     0
15:10:26  all     6     0   94    0        0       0      7      0     0
15:10:27  all    14     0   86    0        0       0     14      0     0
15:10:28  all     4     0   96    0        0       0      3      0     0
15:10:29  all     4     0   96    0        0       0      5      0     0
15:10:30  all     3     0   97    0        0       0      2      0     0
15:10:31  all    10     0   90    0        0       0     10      0     0
15:10:32  all     6     0   93    0        0       0      6      0     1
15:10:33  all     2     0   98    0        0       0      3      0     0
15:10:34  all     5     0   95    0        0       0      4      0     0
15:10:35  all     2     0   98    0        0       0      2      0     0
15:10:36  all    12     0   88    0        0       0     12      0     0
15:10:37  all     6     0   93    0        0       0      7      0     1
15:10:38  all    17     0   83    0        0       0     16      0     0
15:10:39  all     4     0   96    0        0       0      4      0     0
15:10:40  all     3     0   97    0        0       0      4      0     0
15:10:41  all     4     0   96    0        0       0      3      0     0
15:10:42  all     5     0   95    0        0       0      5      0     0
15:10:43  all     3     0   97    0        0       0      4      0     0
15:10:44  all     4     0   96    0        0       0      4      0     0
15:10:45  all     5     0   94    0        0       0      4      0     1
15:10:46  all    11     0   89    0        0       0     12      0     0
15:10:47  all     6     0   94    0        0       0      5      0     0
15:10:48  all     4     0   96    0        0       0      5      0     0
15:10:49  all     5     0   95    0        0       0      5      0     0
15:10:50  all     4     0   96    0        0       0      4      0     0
15:10:51  all     9     0   90    0        0       0      9      0     1
15:10:52  all     9     0   91    0        0       0      8      0     0
15:10:53  all     7     0   93    0        0       0      7      0     0
15:10:54  all     2     0   98    0        0       0      2      0     0
15:10:55  all    12     0   88    0        0       0     13      0     0
15:10:56  all     9     0   91    0        0       0      9      0     0
15:10:57  all     2     0   98    0        0       0      2      0     0
15:10:58  all     4     0   96    0        0       0      3      0     0
15:10:59  all     2     0   98    0        0       0      3      0     0
15:11:00  all     5     0   94    0        0       0      4      0     1
15:11:01  all     4     0   96    0        0       0      3      0     0
15:11:02  all     3     0   97    0        0       0      4      0     0
15:11:03  all     5     0   95    0        0       0      5      0     0
15:11:04  all    14     0   86    0        0       0     13      0     0
15:11:05  all     4     0   96    0        0       0      4      0     0
15:11:06  all     6     0   93    0        0       0      6      0     1
15:11:07  all     4     0   96    0        0       0      3      0     0
15:11:08  all     6     0   94    0        0       0      6      0     0
15:11:09  all    10     0   90    0        0       0     11      0     0
15:11:10  all     3     0   97    0        0       0      2      0     0
15:11:11  all     5     0   95    0        0       0      4      0     0
15:11:12  all     3     0   97    0        0       0      4      0     0
15:11:13  all    10     0   90    0        0       0      9      0     0
15:11:14  all     6     0   94    0        0       0      5      0     0
15:11:15  all     5     0   94    0        0       0      5      0     1
15:11:16  all     1     0   99    0        0       0      1      0     0
15:11:17  all    11     0   89    0        0       0     11      0     0
15:11:18  all     9     0   91    0        0       0      9      0     0
15:11:19  all     3     0   97    0        0       0      3      0     0
15:11:20  all     2     0   98    0        0       0      1      0     0
15:11:21  all     2     0   97    0        0       0      3      0     1
15:11:22  all     5     0   95    0        0       0      4      0     0
15:11:23  all     9     0   91    0        0       0      9      0     0
15:11:24  all     3     0   97    0        0       0      2      0     0
15:11:25  all     3     0   97    0        0       0      4      0     0
15:11:26  all     3     0   97    0        0       0      2      0     0
15:11:27  all    13     0   87    0        0       0     14      0     0
15:11:28  all     6     0   94    0        0       0      5      0     0
15:11:29  all     4     0   96    0        0       0      4      0     0
15:11:30  all    13     0   86    0        0       0     12      0     1
15:11:31  all     2     0   98    0        0       0      2      0     0
15:11:32  all     1     0   99    0        0       0      1      0     0
15:11:33  all     2     0   98    0        0       0      2      0     0
15:11:34  all     6     0   94    0        0       0      6      0     0
15:11:35  all    12     0   88    0        0       0     11      0     0
15:11:36  all     1     0   98    0        0       0      1      0     1
15:11:37  all     5     0   95    0        0       0      5      0     0
15:11:38  all     2     0   98    0        0       0      3      0     0
15:11:39  all     3     0   97    0        0       0      2      0     0
15:11:40  all     4     0   96    0        0       0      4      0     0
15:11:41  all     3     0   97    0        0       0      3      0     0
15:11:42  all     6     0   94    0        0       0      5      0     0
15:11:43  all     7     0   93    0        0       0      7      0     0
15:11:44  all     4     0   96    0        0       0      4      0     0
15:11:45  all     3     0   97    0        0       0      3      0     0
15:11:46  all     8     0   91    0        0       0      8      0     1
15:11:47  all     7     0   93    0        0       0      7      0     0
15:11:48  all     4     0   96    0        0       0      4      0     0
15:11:49  all     3     0   97    0        0       0      3      0     0
15:11:50  all     4     0   96    0        0       0      3      0     0
15:11:51  all    12     0   87    0        0       0     13      0     1
15:11:52  all     4     0   96    0        0       0      4      0     0
15:11:53  all     2     0   98    0        0       0      1      0     0
15:11:54  all    10     0   90    0        0       0     10      0     0
15:11:55  all     6     0   94    0        0       0      6      0     0
15:11:56  all     3     0   97    0        0       0      4      0     0
15:11:57  all     3     0   97    0        0       0      3      0     0
15:11:58  all     2     0   97    0        0       0      2      0     1
15:11:59  all     7     0   93    0        0       0      6      0     0
15:12:00  all     7     0   93    0        0       0      8      0     0
15:12:01  all     3     0   97    0        0       0      2      0     0
15:12:02  all     3     0   96    0        0       0      4      0     1
15:12:03  all     2     0   98    0        0       0      2      0     0
15:12:04  all    11     0   89    0        0       0     11      0     0
15:12:05  all     3     0   97    0        0       0      3      0     0
15:12:06  all     4     0   96    0        0       0      3      0     0
15:12:07  all     2     0   98    0        0       0      3      0     0
15:12:08  all     4     0   96    0        0       0      3      0     0
15:12:09  all    13     0   87    0        0       0     13      0     0
15:12:10  all     1     0   99    0        0       0      2      0     0
15:12:11  all     4     0   96    0        0       0      3      0     0
15:12:12  all     3     0   96    0        0       0      4      0     1
15:12:13  all     5     0   95    0        0       0      3      0     0
15:12:14  all     2     0   98    0        0       0      3      0     0
15:12:15  all     4     0   96    0        0       0      4      0     0
15:12:16  all    11     0   89    0        0       0     11      0     0
15:12:17  all     3     0   97    0        0       0      3      0     0
15:12:18  all     4     0   95    0        0       0      3      0     1
15:12:19  all    13     0   87    0        0       0     14      0     0
15:12:20  all     5     0   95    0        0       0      5      0     0
15:12:21  all     3     0   97    0        0       0      3      0     0
15:12:22  all     0     0    0    0        0       0      0      0   100
15:12:23  all     0     0    1    0        0       0      0      0    99
15:12:24  all     0     0    0    0        0       0      0      0   100
15:12:25  all     0     0    0    0        0       0      0      0   100
15:12:26  all     0     0    0    0        0       0      0      0   100
15:12:27  all     0     0    0    0        0       0      0      0   100
15:12:28  all     0     0    0    0        0       0      0      0   100
15:12:29  all     0     0    1    0        0       0      0      0    99
15:12:30  all     0     0    0    0        0       0      0      0   100
