
o41  4.14.3  #1 SMP Sat Dec 2 23:29:58 EST 2017  x86_64  2017/12/03

-------------------------- analysis date: 2017/12/03 --------------------------

16:37:51  cpu  %usr %nice %sys %irq %softirq  %steal %guest  %wait %idle  _cpu_
16:37:52  all   100     0    0    0        0       0    100      0     0
16:37:53  all   100     0    0    0        0       0    100      0     0
16:37:54  all   100     0    0    0        0       0    100      0     0
16:37:55  all   100     0    0    0        0       0    100      0     0
16:37:56  all   100     0    0    0        0       0    100      0     0
16:37:57  all   100     0    0    0        0       0    100      0     0
16:37:58  all   100     0    0    0        0       0    100      0     0
16:37:59  all   100     0    0    0        0       0    100      0     0
16:38:00  all    91     0    7    0        2       0     89      0     0
16:38:01  all    85     0   11    0        4       0     75      0     0
16:38:02  all    84     0   11    0        5       0     80      0     0
16:38:03  all    83     0   11    0        6       0     77      0     0
16:38:04  all    86     0    9    0        5       0     80      0     0
16:38:05  all    86     0    6    0        8       0     81      0     0
16:38:06  all    85     0   12    0        3       0     78      0     0
16:38:07  all    81     0   12    0        7       0     76      0     0
16:38:08  all    84     0   10    0        6       0     76      0     0
16:38:09  all    81     0   13    0        6       0     77      0     0
16:38:10  all    84     0    9    0        7       0     80      0     0
16:38:11  all    81     0   12    0        7       0     76      0     0
16:38:12  all    81     0   13    0        6       0     76      0     0
16:38:13  all    84     0   12    0        4       0     80      0     0
16:38:14  all    84     0   10    0        6       0     79      0     0
16:38:15  all    79     0   12    0        9       0     74      0     0
16:38:16  all    80     0   10    0       10       0     75      0     0
16:38:17  all    88     0    8    0        4       0     83      0     0
16:38:18  all    86     0    9    0        5       0     83      0     0
16:38:19  all    80     0   12    0        8       0     76      0     0
16:38:20  all    85     0    9    0        6       0     77      0     0
16:38:21  all    82     0   12    0        6       0     77      0     0
16:38:22  all    87     0    9    0        4       0     81      0     0
16:38:23  all    84     0   11    0        5       0     77      0     0
16:38:24  all    85     0    7    0        8       0     79      0     0
16:38:25  all    83     0   13    0        4       0     77      0     0
16:38:26  all    83     0   12    0        5       0     77      0     0
16:38:27  all    86     0   10    0        4       0     81      0     0
16:38:28  all    84     0    9    0        7       0     77      0     0
16:38:29  all    87     0    9    0        4       0     82      0     0
16:38:30  all    80     0   13    0        7       0     74      0     0
16:38:31  all    85     0    9    0        6       0     78      0     0
16:38:32  all    82     0   11    0        7       0     77      0     0
16:38:33  all    83     0   12    0        5       0     78      0     0
16:38:34  all    86     0   10    0        4       0     78      0     0
16:38:35  all    82     0   11    0        7       0     79      0     0
16:38:36  all    83     0   10    0        7       0     77      0     0
16:38:37  all    83     0   10    0        7       0     78      0     0
16:38:38  all    80     0   13    0        7       0     75      0     0
16:38:39  all    77     0   18    0        5       0     72      0     0
16:38:40  all    81     0   15    0        4       0     75      0     0
16:38:41  all    86     0    9    0        5       0     79      0     0
16:38:42  all    80     0   13    0        7       0     76      0     0
16:38:43  all    82     0   11    0        7       0     77      0     0
16:38:44  all    81     0   11    0        8       0     77      0     0
16:38:45  all    84     0    9    0        7       0     78      0     0
16:38:46  all    85     0   10    0        5       0     77      0     0
16:38:47  all    80     0   12    0        8       0     75      0     0
16:38:48  all    85     0    9    0        6       0     79      0     0
16:38:49  all    80     0   14    0        6       0     76      0     0
16:38:50  all    85     0    8    0        7       0     80      0     0
16:38:51  all    84     0   11    0        5       0     79      0     0
16:38:52  all    82     0   12    0        6       0     77      0     0
16:38:53  all    81     0   11    0        8       0     77      0     0
16:38:54  all    85     0   10    0        5       0     79      0     0
16:38:55  all    84     0   12    0        4       0     82      0     0
16:38:56  all    82     0   11    0        7       0     75      0     0
16:38:57  all    83     0   11    0        6       0     80      0     0
16:38:58  all    86     0    9    0        5       0     80      0     0
16:38:59  all    82     0   11    0        7       0     77      0     0
16:39:00  all    81     0   13    0        6       0     78      0     0
16:39:01  all    84     0   11    0        5       0     81      0     0
16:39:02  all    86     0   10    0        4       0     81      0     0
16:39:03  all    83     0   10    0        7       0     78      0     0
16:39:04  all    80     0   14    0        6       0     76      0     0
16:39:05  all    85     0   11    0        4       0     80      0     0
16:39:06  all    86     0    9    0        5       0     79      0     0
16:39:07  all    85     0    7    0        8       0     79      0     0
16:39:08  all    82     0   12    0        6       0     76      0     0
16:39:09  all    85     0    8    0        7       0     79      0     0
16:39:10  all    84     0   11    0        5       0     79      0     0
16:39:11  all    81     0   13    0        6       0     76      0     0
16:39:12  all    83     0   11    0        6       0     79      0     0
16:39:13  all    84     0   13    0        3       0     79      0     0
16:39:14  all    85     0    9    0        6       0     78      0     0
16:39:15  all    84     0    8    0        8       0     79      0     0
16:39:16  all    83     0   10    0        7       0     77      0     0
16:39:17  all    87     0    7    0        6       0     80      0     0
16:39:18  all    85     0   10    0        5       0     80      0     0
16:39:19  all    79     0   13    0        8       0     76      0     0
16:39:20  all    86     0   10    0        4       0     82      0     0
16:39:21  all    85     0   10    0        5       0     77      0     0
16:39:22  all    84     0   11    0        5       0     75      0     0
16:39:23  all    87     0    9    0        4       0     81      0     0
16:39:24  all    86     0   10    0        4       0     79      0     0
16:39:25  all    83     0   11    0        6       0     78      0     0
16:39:26  all    85     0   11    0        4       0     81      0     0
16:39:27  all    82     0   13    0        5       0     77      0     0
16:39:28  all    83     0   11    0        6       0     78      0     0
16:39:29  all    89     0    8    0        3       0     81      0     0
16:39:30  all    88     0    8    0        4       0     84      0     0
16:39:31  all    82     0   12    0        6       0     78      0     0
16:39:32  all    84     0   12    0        4       0     80      0     0
16:39:33  all    82     0   11    0        7       0     74      0     0
16:39:34  all    82     0   12    0        6       0     77      0     0
16:39:35  all    85     0    9    0        6       0     81      0     0
16:39:36  all    81     0   12    0        7       0     74      0     0
16:39:37  all    83     0   12    0        5       0     78      0     0
16:39:38  all    85     0    9    0        6       0     79      0     0
16:39:39  all    83     0    9    0        8       0     77      0     0
16:39:40  all    80     0   13    0        7       0     75      0     0
16:39:41  all    82     0   10    0        8       0     75      0     0
16:39:42  all    86     0    9    0        5       0     78      0     0
16:39:43  all    86     0   10    0        4       0     80      0     0
16:39:44  all    83     0   11    0        6       0     78      0     0
16:39:45  all    78     0   13    0        9       0     74      0     0
16:39:46  all    84     0   10    0        6       0     77      0     0
16:39:47  all    86     0    7    0        7       0     81      0     0
16:39:48  all    80     0   13    0        7       0     77      0     0
16:39:49  all    83     0   13    0        4       0     78      0     0
16:39:50  all    85     0    9    0        6       0     79      0     0
16:39:51  all    79     0   12    0        9       0     74      0     0
16:39:52  all    87     0    6    0        7       0     85      0     0
16:39:53  all    85     0   11    0        4       0     73      0     0
16:39:54  all    81     0   13    0        6       0     76      0     0
16:39:55  all    81     0   13    0        6       0     75      0     0
16:39:56  all    84     0   10    0        6       0     76      0     0
16:39:57  all    84     0   10    0        6       0     79      0     0
16:39:58  all    80     0   14    0        6       0     75      0     0
16:39:59  all    85     0    7    0        8       0     79      0     0
16:40:00  all    94     0    5    0        1       0     92      0     0
16:40:01  all   100     0    0    0        0       0    100      0     0
16:40:02  all    99     0    1    0        0       0     99      0     0
16:40:03  all   100     0    0    0        0       0    100      0     0
16:40:04  all   100     0    0    0        0       0    100      0     0
16:40:05  all   100     0    0    0        0       0    100      0     0
16:40:06  all   100     0    0    0        0       0    100      0     0
16:40:07  all   100     0    0    0        0       0    100      0     0
16:40:08  all   100     0    0    0        0       0    100      0     0
16:40:09  all   100     0    0    0        0       0    100      0     0
16:40:10  all   100     0    0    0        0       0    100      0     0
16:40:11  all   100     0    0    0        0       0    100      0     0
