
o41  4.10.0-42-generic  #46~16.04.1-Ubuntu SMP Mon Dec 4 15:57:59 UTC 2017  x86_64  2017/12/26

-------------------------- analysis date: 2017/12/26 --------------------------

19:54:39  cpu  %usr %nice %sys %irq %softirq  %steal %guest  %wait %idle  _cpu_
19:54:40  all   100     0    0    0        0       0    100      0     0
19:54:41  all   100     0    0    0        0       0    100      0     0
19:54:42  all   100     0    0    0        0       0    100      0     0
19:54:43  all   100     0    0    0        0       0    100      0     0
19:54:44  all   100     0    0    0        0       0    100      0     0
19:54:45  all   100     0    0    0        0       0    100      0     0
19:54:46  all   100     0    0    0        0       0    100      0     0
19:54:47  all   100     0    0    0        0       0    100      0     0
19:54:48  all   100     0    0    0        0       0    100      0     0
19:54:49  all    83     0    6    0       11       0     81      0     0
19:54:50  all    82     0   13    0        5       0     77      0     0
19:54:51  all    83     0    9    0        8       0     78      0     0
19:54:52  all    82     0   11    0        7       0     75      0     0
19:54:53  all    83     0   13    0        4       0     78      0     0
19:54:54  all    83     0   12    0        5       0     79      0     0
19:54:55  all    86     0   10    0        4       0     78      0     0
19:54:56  all    83     0   11    0        6       0     76      0     0
19:54:57  all    83     0   11    0        6       0     75      0     0
19:54:58  all    84     0    9    0        7       0     76      0     0
19:54:59  all    84     0   11    0        5       0     78      0     0
19:55:00  all    77     0   16    0        7       0     70      0     0
19:55:01  all    81     0   13    0        6       0     74      0     0
19:55:02  all    80     0   12    0        8       0     75      0     0
19:55:03  all    79     0   15    0        6       0     72      0     0
19:55:04  all    83     0   11    0        6       0     76      0     0
19:55:05  all    80     0   15    0        5       0     72      0     0
19:55:06  all    82     0   11    0        7       0     76      0     0
19:55:07  all    83     0   11    0        6       0     73      0     0
19:55:08  all    80     0   13    0        7       0     72      0     0
19:55:09  all    81     0   13    0        6       0     75      0     0
19:55:10  all    82     0   15    0        3       0     72      0     0
19:55:11  all    82     0   10    0        8       0     79      0     0
19:55:12  all    84     0   10    0        6       0     81      0     0
19:55:13  all    83     0   10    0        7       0     75      0     0
19:55:14  all    84     0   11    0        5       0     80      0     0
19:55:15  all    83     0   11    0        6       0     77      0     0
19:55:16  all    82     0    9    0        9       0     76      0     0
19:55:17  all    84     0   11    0        5       0     75      0     0
19:55:18  all    83     0   12    0        5       0     80      0     0
19:55:19  all    84     0    8    0        8       0     77      0     0
19:55:20  all    84     0   10    0        6       0     78      0     0
19:55:21  all    83     0   11    0        6       0     76      0     0
19:55:22  all    82     0   13    0        5       0     75      0     0
19:55:23  all    78     0   13    0        9       0     72      0     0
19:55:24  all    82     0   12    0        6       0     74      0     0
19:55:25  all    80     0   15    0        5       0     77      0     0
19:55:26  all    76     0   19    0        5       0     67      0     0
19:55:27  all    78     0   16    0        6       0     73      0     0
19:55:28  all    77     0   16    0        7       0     73      0     0
19:55:29  all    85     0   10    0        5       0     78      0     0
19:55:30  all    79     0   16    0        5       0     73      0     0
19:55:31  all    82     0   13    0        5       0     78      0     0
19:55:32  all    84     0   12    0        4       0     77      0     0
19:55:33  all    82     0   10    0        8       0     74      0     0
19:55:34  all    76     0   13    0       11       0     71      0     0
19:55:35  all    80     0   17    0        3       0     70      0     0
19:55:36  all    81     0    9    0       10       0     75      0     0
19:55:37  all    77     0   14    0        9       0     68      0     0
19:55:38  all    78     0   17    0        5       0     69      0     0
19:55:39  all    80     0   11    0        9       0     75      0     0
19:55:40  all    77     0   15    0        8       0     69      0     0
19:55:41  all    80     0   12    0        8       0     78      0     0
19:55:42  all    84     0   13    0        3       0     74      0     0
19:55:43  all    78     0   11    0       11       0     76      0     0
19:55:44  all    87     0   10    0        3       0     84      0     0
19:55:45  all    76     0   13    0       11       0     68      0     0
19:55:46  all    89     0    7    0        4       0     86      0     0
19:55:47  all    84     0    8    0        8       0     82      0     0
19:55:48  all    80     0   15    0        5       0     72      0     0
19:55:49  all    80     0   13    0        7       0     70      0     0
19:55:50  all    87     0    9    0        4       0     81      0     0
19:55:51  all    80     0   15    0        5       0     76      0     0
19:55:52  all    82     0   12    0        6       0     74      0     0
19:55:53  all    83     0   10    0        7       0     76      0     0
19:55:54  all    84     0    9    0        7       0     75      0     0
19:55:55  all    87     0   10    0        3       0     83      0     0
19:55:56  all    83     0   13    0        4       0     79      0     0
19:55:57  all    80     0   14    0        6       0     71      0     0
19:55:58  all    85     0   11    0        4       0     80      0     0
19:55:59  all    89     0    9    0        2       0     84      0     0
19:56:00  all    81     0   13    0        6       0     74      0     0
19:56:01  all    81     0   11    0        8       0     75      0     0
19:56:02  all    83     0   13    0        4       0     77      0     0
19:56:03  all    83     0   11    0        6       0     77      0     0
19:56:04  all    84     0   11    0        5       0     77      0     0
19:56:05  all    83     0   10    0        7       0     74      0     0
19:56:06  all    82     0   13    0        5       0     77      0     0
19:56:07  all    83     0    9    0        8       0     78      0     0
19:56:08  all    79     0   12    0        9       0     73      0     0
19:56:09  all    74     0   18    0        8       0     68      0     0
19:56:10  all    81     0   12    0        7       0     77      0     0
19:56:11  all    82     0   11    0        7       0     77      0     0
19:56:12  all    82     0    9    0        9       0     76      0     0
19:56:13  all    78     0   14    0        8       0     73      0     0
19:56:14  all    81     0   12    0        7       0     76      0     0
19:56:15  all    84     0    9    0        7       0     77      0     0
19:56:16  all    84     0    9    0        7       0     79      0     0
19:56:17  all    82     0   11    0        7       0     74      0     0
19:56:18  all    83     0    9    0        8       0     82      0     0
19:56:19  all    78     0   13    0        9       0     69      0     0
19:56:20  all    82     0    9    0        9       0     77      0     0
19:56:21  all    83     0   10    0        7       0     75      0     0
19:56:22  all    77     0   16    0        7       0     72      0     0
19:56:23  all    80     0   15    0        5       0     74      0     0
19:56:24  all    81     0   11    0        8       0     73      0     0
19:56:25  all    83     0   10    0        7       0     82      0     0
19:56:26  all    80     0   12    0        8       0     71      0     0
19:56:27  all    74     0   13    0       13       0     72      0     0
19:56:28  all    81     0   12    0        7       0     77      0     0
19:56:29  all    83     0   13    0        4       0     75      0     0
19:56:30  all    86     0   10    0        4       0     83      0     0
19:56:31  all    81     0   12    0        7       0     78      0     0
19:56:32  all    86     0    8    0        6       0     80      0     0
19:56:33  all    84     0   11    0        5       0     77      0     0
19:56:34  all    83     0   10    0        7       0     77      0     0
19:56:35  all    80     0   14    0        6       0     73      0     0
19:56:36  all    81     0   11    0        8       0     76      0     0
19:56:37  all    81     0   13    0        6       0     76      0     0
19:56:38  all    87     0    7    0        6       0     79      0     0
19:56:39  all    81     0   13    0        6       0     72      0     0
19:56:40  all    84     0   10    0        6       0     76      0     0
19:56:41  all    80     0   10    0       10       0     74      0     0
19:56:42  all    82     0   11    0        7       0     76      0     0
19:56:43  all    79     0   15    0        6       0     75      0     0
19:56:44  all    84     0   11    0        5       0     78      0     0
19:56:45  all    83     0   11    0        6       0     77      0     0
19:56:46  all    81     0   14    0        5       0     75      0     0
19:56:47  all    80     0   12    0        8       0     74      0     0
19:56:48  all    83     0   10    0        7       0     74      0     0
19:56:49  all    91     0    5    0        4       0     87      0     0
19:56:50  all   100     0    0    0        0       0    101      0     0
19:56:51  all   100     0    0    0        0       0    100      0     0
19:56:52  all   100     0    0    0        0       0    100      0     0
19:56:53  all   100     0    0    0        0       0    100      0     0
19:56:54  all   100     0    0    0        0       0    100      0     0
19:56:55  all    99     0    1    0        0       0     98      0     0
19:56:56  all   100     0    0    0        0       0    100      0     0
19:56:57  all   100     0    0    0        0       0    100      0     0
