
o41  4.10.0-42-generic  #46~16.04.1-Ubuntu SMP Mon Dec 4 15:57:59 UTC 2017  x86_64  2017/12/27

-------------------------- analysis date: 2017/12/27 --------------------------

14:54:55  cpu  %usr %nice %sys %irq %softirq  %steal %guest  %wait %idle  _cpu_
14:54:56  all   100     0    0    0        0       0    100      0     0
14:54:57  all   100     0    0    0        0       0    100      0     0
14:54:58  all   100     0    0    0        0       0    100      0     0
14:54:59  all   100     0    0    0        0       0    100      0     0
14:55:00  all   100     0    0    0        0       0    100      0     0
14:55:01  all   100     0    0    0        0       0    100      0     0
14:55:02  all    99     0    1    0        0       0     98      0     0
14:55:03  all    99     0    1    0        0       0     99      0     0
14:55:04  all    98     0    2    0        0       0     98      0     0
14:55:05  all    99     0    1    0        0       0     99      0     0
14:55:06  all   100     0    0    0        0       0    100      0     0
14:55:07  all    98     0    2    0        0       0     98      0     0
14:55:08  all    99     0    1    0        0       0     99      0     0
14:55:09  all    98     0    2    0        0       0     99      0     0
14:55:10  all    98     0    2    0        0       0     97      0     0
14:55:11  all    98     0    2    0        0       0     98      0     0
14:55:12  all   100     0    0    0        0       0    100      0     0
14:55:13  all    99     0    1    0        0       0     98      0     0
14:55:14  all    98     0    2    0        0       0     98      0     0
14:55:15  all    99     0    1    0        0       0     99      0     0
14:55:16  all    98     0    2    0        0       0     98      0     0
14:55:17  all   100     0    0    0        0       0    100      0     0
14:55:18  all    98     0    2    0        0       0     98      0     0
14:55:19  all    98     0    2    0        0       0     98      0     0
14:55:20  all   100     0    0    0        0       0    100      0     0
14:55:21  all    99     0    1    0        0       0     99      0     0
14:55:22  all    99     0    1    0        0       0     99      0     0
14:55:23  all    99     0    1    0        0       0     99      0     0
14:55:24  all    99     0    1    0        0       0     99      0     0
14:55:25  all   100     0    0    0        0       0    100      0     0
14:55:26  all    99     0    1    0        0       0     99      0     0
14:55:27  all   100     0    0    0        0       0    100      0     0
14:55:28  all    96     0    4    0        0       0     96      0     0
14:55:29  all    99     0    1    0        0       0     99      0     0
14:55:30  all   100     0    0    0        0       0    100      0     0
14:55:31  all    98     0    2    0        0       0     98      0     0
14:55:32  all   100     0    0    0        0       0    100      0     0
14:55:33  all    95     0    5    0        0       0     95      0     0
14:55:34  all    99     0    1    0        0       0     99      0     0
14:55:35  all    99     0    1    0        0       0     99      0     0
14:55:36  all    98     0    2    0        0       0     98      0     0
14:55:37  all    99     0    1    0        0       0     99      0     0
14:55:38  all    96     0    4    0        0       0     96      0     0
14:55:39  all    99     0    1    0        0       0     99      0     0
14:55:40  all   100     0    0    0        0       0    100      0     0
14:55:41  all    98     0    2    0        0       0     98      0     0
14:55:42  all    98     0    2    0        0       0     98      0     0
14:55:43  all    99     0    1    0        0       0     99      0     0
14:55:44  all    98     0    2    0        0       0     98      0     0
14:55:45  all   100     0    0    0        0       0    100      0     0
14:55:46  all    97     0    3    0        0       0     97      0     0
14:55:47  all    99     0    1    0        0       0     99      0     0
14:55:48  all    98     0    2    0        0       0     98      0     0
14:55:49  all    99     0    1    0        0       0     99      0     0
14:55:50  all    99     0    1    0        0       0     99      0     0
14:55:51  all    97     0    3    0        0       0     97      0     0
14:55:52  all   100     0    0    0        0       0    100      0     0
14:55:53  all    99     0    1    0        0       0     99      0     0
14:55:54  all    99     0    1    0        0       0     99      0     0
14:55:55  all    98     0    2    0        0       0     98      0     0
14:55:56  all    96     0    4    0        0       0     96      0     0
14:55:57  all    99     0    1    0        0       0     99      0     0
14:55:58  all    98     0    2    0        0       0     98      0     0
14:55:59  all    99     0    1    0        0       0     99      0     0
14:56:00  all    98     0    2    0        0       0     98      0     0
14:56:01  all    97     0    3    0        0       0     97      0     0
14:56:02  all   100     0    0    0        0       0    100      0     0
14:56:03  all    98     0    2    0        0       0     98      0     0
14:56:04  all   100     0    0    0        0       0    100      0     0
14:56:05  all    98     0    2    0        0       0     98      0     0
14:56:06  all    99     0    1    0        0       0     99      0     0
14:56:07  all    99     0    1    0        0       0     99      0     0
14:56:08  all    98     0    2    0        0       0     98      0     0
14:56:09  all   100     0    0    0        0       0    100      0     0
14:56:10  all    94     0    6    0        0       0     94      0     0
14:56:11  all   100     0    0    0        0       0    100      0     0
14:56:12  all   100     0    0    0        0       0    100      0     0
14:56:13  all    98     0    2    0        0       0     98      0     0
14:56:14  all    99     0    1    0        0       0     99      0     0
14:56:15  all    97     0    3    0        0       0     97      0     0
14:56:16  all    99     0    1    0        0       0     99      0     0
14:56:17  all    98     0    2    0        0       0     98      0     0
14:56:18  all    99     0    1    0        0       0     99      0     0
14:56:19  all    99     0    1    0        0       0     99      0     0
14:56:20  all    98     0    2    0        0       0     98      0     0
14:56:21  all   100     0    0    0        0       0    100      0     0
14:56:22  all    98     0    2    0        0       0     98      0     0
14:56:23  all    99     0    1    0        0       0     99      0     0
14:56:24  all    98     0    2    0        0       0     98      0     0
14:56:25  all    98     0    2    0        0       0     98      0     0
14:56:26  all    98     0    2    0        0       0     98      0     0
14:56:27  all    98     0    2    0        0       0     98      0     0
14:56:28  all    99     0    1    0        0       0     99      0     0
14:56:29  all    97     0    3    0        0       0     97      0     0
14:56:30  all    98     0    2    0        0       0     98      0     0
14:56:31  all   100     0    0    0        0       0    100      0     0
14:56:32  all   100     0    0    0        0       0    100      0     0
14:56:33  all    99     0    1    0        0       0     99      0     0
14:56:34  all    98     0    2    0        0       0     98      0     0
14:56:35  all    99     0    1    0        0       0     99      0     0
14:56:36  all    99     0    1    0        0       0     99      0     0
14:56:37  all    99     0    1    0        0       0     99      0     0
14:56:38  all    99     0    1    0        0       0     99      0     0
14:56:39  all   100     0    0    0        0       0    100      0     0
14:56:40  all    99     0    1    0        0       0     99      0     0
14:56:41  all   100     0    0    0        0       0    100      0     0
14:56:42  all    99     0    1    0        0       0     99      0     0
14:56:43  all    99     0    1    0        0       0     99      0     0
14:56:44  all    98     0    2    0        0       0     98      0     0
14:56:45  all   100     0    0    0        0       0    100      0     0
14:56:46  all    98     0    2    0        0       0     98      0     0
14:56:47  all    97     0    3    0        0       0     97      0     0
14:56:48  all    99     0    1    0        0       0     99      0     0
14:56:49  all   100     0    0    0        0       0    100      0     0
14:56:50  all    99     0    1    0        0       0     99      0     0
14:56:51  all    97     0    3    0        0       0     97      0     0
14:56:52  all    99     0    1    0        0       0     99      0     0
14:56:53  all    99     0    1    0        0       0     99      0     0
14:56:54  all    99     0    1    0        0       0     99      0     0
14:56:55  all    99     0    1    0        0       0     99      0     0
14:56:56  all    96     0    4    0        0       0     96      0     0
14:56:57  all    98     0    2    0        0       0     98      0     0
14:56:58  all    99     0    1    0        0       0     99      0     0
14:56:59  all    99     0    1    0        0       0     99      0     0
14:57:00  all   100     0    0    0        0       0    100      0     0
14:57:01  all    98     0    2    0        0       0     98      0     0
14:57:02  all   100     0    0    0        0       0    100      0     0
14:57:03  all    99     0    1    0        0       0     99      0     0
14:57:04  all   100     0    0    0        0       0    100      0     0
14:57:05  all   100     0    0    0        0       0    100      0     0
14:57:06  all   100     0    0    0        0       0    100      0     0
14:57:07  all   100     0    0    0        0       0    100      0     0
14:57:08  all   100     0    0    0        0       0    100      0     0
14:57:09  all   100     0    0    0        0       0    100      0     0
14:57:10  all   100     0    0    0        0       0    100      0     0
14:57:11  all   100     0    0    0        0       0    100      0     0
