
o41  4.14.3  #1 SMP Sat Dec 2 23:29:58 EST 2017  x86_64  2017/12/03

-------------------------- analysis date: 2017/12/03 --------------------------

16:26:34  cpu  %usr %nice %sys %irq %softirq  %steal %guest  %wait %idle  _cpu_
16:26:35  all   100     0    0    0        0       0    100      0     0
16:26:36  all    99     0    1    0        0       0     99      0     0
16:26:37  all   100     0    0    0        0       0    100      0     0
16:26:38  all   100     0    0    0        0       0    100      0     0
16:26:39  all   100     0    0    0        0       0    100      0     0
16:26:40  all   100     0    0    0        0       0    100      0     0
16:26:41  all   100     0    0    0        0       0    100      0     0
16:26:42  all    99     0    1    0        0       0     99      0     0
16:26:43  all    98     0    0    0        2       0     98      0     0
16:26:44  all    86     0    8    0        6       0     86      0     0
16:26:45  all    85     0   11    0        4       0     85      0     0
16:26:46  all    86     0    8    0        6       0     86      0     0
16:26:47  all    86     0    9    0        5       0     86      0     0
16:26:48  all    83     0   10    0        7       0     83      0     0
16:26:49  all    87     0    8    0        5       0     87      0     0
16:26:50  all    90     0    5    0        5       0     90      0     0
16:26:51  all    90     0    5    0        5       0     90      0     0
16:26:52  all    88     0    7    0        5       0     88      0     0
16:26:53  all    86     0    7    0        7       0     86      0     0
16:26:54  all    88     0    6    0        6       0     88      0     0
16:26:55  all    90     0    7    0        3       0     90      0     0
16:26:56  all    90     0    6    0        4       0     90      0     0
16:26:57  all    88     0    6    0        6       0     88      0     0
16:26:58  all    89     0    6    0        5       0     89      0     0
16:26:59  all    86     0    8    0        6       0     86      0     0
16:27:00  all    88     0    5    0        7       0     88      0     0
16:27:01  all    92     0    5    0        3       0     92      0     0
16:27:02  all    89     0    8    0        3       0     89      0     0
16:27:03  all    89     0    5    0        6       0     89      0     0
16:27:04  all    90     0    7    0        3       0     90      0     0
16:27:05  all    92     0    4    0        4       0     92      0     0
16:27:06  all    88     0    7    0        5       0     88      0     0
16:27:07  all    90     0    5    0        5       0     90      0     0
16:27:08  all    86     0    7    0        7       0     86      0     0
16:27:09  all    89     0    4    0        7       0     89      0     0
16:27:10  all    88     0    7    0        5       0     88      0     0
16:27:11  all    86     0    8    0        6       0     86      0     0
16:27:12  all    89     0    5    0        6       0     89      0     0
16:27:13  all    88     0    8    0        4       0     88      0     0
16:27:14  all    88     0    7    0        5       0     88      0     0
16:27:15  all    88     0    7    0        5       0     87      0     0
16:27:16  all    91     0    5    0        4       0     92      0     0
16:27:17  all    88     0    7    0        5       0     88      0     0
16:27:18  all    86     0    8    0        6       0     86      0     0
16:27:19  all    91     0    4    0        5       0     91      0     0
16:27:20  all    90     0    5    0        5       0     90      0     0
16:27:21  all    89     0    7    0        4       0     89      0     0
16:27:22  all    89     0    5    0        6       0     88      0     0
16:27:23  all    90     0    6    0        4       0     91      0     0
16:27:24  all    88     0    6    0        6       0     88      0     0
16:27:25  all    90     0    4    0        6       0     90      0     0
16:27:26  all    92     0    4    0        4       0     91      0     0
16:27:27  all    90     0    6    0        4       0     91      0     0
16:27:28  all    88     0    7    0        5       0     88      0     0
16:27:29  all    91     0    4    0        5       0     90      0     0
16:27:30  all    88     0    6    0        6       0     88      0     0
16:27:31  all    89     0    6    0        5       0     89      0     0
16:27:32  all    90     0    5    0        5       0     90      0     0
16:27:33  all    89     0    4    0        7       0     90      0     0
16:27:34  all    88     0    6    0        6       0     88      0     0
16:27:35  all    91     0    3    0        6       0     91      0     0
16:27:36  all    89     0    6    0        5       0     88      0     0
16:27:37  all    88     0    7    0        5       0     89      0     0
16:27:38  all    91     0    7    0        2       0     90      0     0
16:27:39  all    90     0    4    0        6       0     90      0     0
16:27:40  all    93     0    4    0        3       0     93      0     0
16:27:41  all    89     0    7    0        4       0     90      0     0
16:27:42  all    90     0    5    0        5       0     89      0     0
16:27:43  all    89     0    3    0        8       0     90      0     0
16:27:44  all    89     0    7    0        4       0     88      0     0
16:27:45  all    92     0    3    0        5       0     92      0     0
16:27:46  all    93     0    4    0        3       0     93      0     0
16:27:47  all    85     0    7    0        8       0     86      0     0
16:27:48  all    89     0    6    0        5       0     89      0     0
16:27:49  all    90     0    6    0        4       0     90      0     0
16:27:50  all    91     0    5    0        4       0     90      0     0
16:27:51  all    88     0    6    0        6       0     88      0     0
16:27:52  all    87     0    7    0        6       0     87      0     0
16:27:53  all    89     0    4    0        7       0     90      0     0
16:27:54  all    85     0    8    0        7       0     85      0     0
16:27:55  all    91     0    4    0        5       0     91      0     0
16:27:56  all    88     0    6    0        6       0     88      0     0
16:27:57  all    88     0    6    0        6       0     88      0     0
16:27:58  all    90     0    6    0        4       0     90      0     0
16:27:59  all    90     0    8    0        2       0     90      0     0
16:28:00  all    88     0    6    0        6       0     87      0     0
16:28:01  all    89     0    6    0        5       0     89      0     0
16:28:02  all    87     0    7    0        6       0     87      0     0
16:28:03  all    91     0    5    0        4       0     91      0     0
16:28:04  all    89     0    6    0        5       0     90      0     0
16:28:05  all    87     0    7    0        6       0     86      0     0
16:28:06  all    88     0    7    0        5       0     88      0     0
16:28:07  all    87     0    7    0        6       0     88      0     0
16:28:08  all    90     0    6    0        4       0     89      0     0
16:28:09  all    89     0    6    0        5       0     89      0     0
16:28:10  all    90     0    4    0        6       0     90      0     0
16:28:11  all    87     0    7    0        6       0     88      0     0
16:28:12  all    87     0    4    0        9       0     86      0     0
16:28:13  all    87     0    8    0        5       0     87      0     0
16:28:14  all    89     0    7    0        4       0     89      0     0
16:28:15  all    88     0    7    0        5       0     88      0     0
16:28:16  all    88     0    5    0        7       0     88      0     0
16:28:17  all    89     0    5    0        6       0     89      0     0
16:28:18  all    88     0    7    0        5       0     88      0     0
16:28:19  all    89     0    7    0        4       0     89      0     0
16:28:20  all    89     0    6    0        5       0     89      0     0
16:28:21  all    90     0    4    0        6       0     90      0     0
16:28:22  all    87     0    7    0        6       0     87      0     0
16:28:23  all    88     0    8    0        4       0     88      0     0
16:28:24  all    92     0    4    0        4       0     92      0     0
16:28:25  all    90     0    6    0        4       0     90      0     0
16:28:26  all    89     0    4    0        7       0     89      0     0
16:28:27  all    89     0    6    0        5       0     89      0     0
16:28:28  all    87     0    7    0        6       0     87      0     0
16:28:29  all    88     0    4    0        8       0     88      0     0
16:28:30  all    86     0    8    0        6       0     86      0     0
16:28:31  all    91     0    5    0        4       0     91      0     0
16:28:32  all    88     0    6    0        6       0     88      0     0
16:28:33  all    90     0    7    0        3       0     90      0     0
16:28:34  all    85     0    7    0        8       0     85      0     0
16:28:35  all    90     0    3    0        7       0     90      0     0
16:28:36  all    87     0    7    0        6       0     86      0     0
16:28:37  all    88     0    6    0        6       0     88      0     0
16:28:38  all    91     0    5    0        4       0     92      0     0
16:28:39  all    87     0    6    0        7       0     86      0     0
16:28:40  all    90     0    4    0        6       0     91      0     0
16:28:41  all    89     0    5    0        6       0     89      0     0
16:28:42  all    89     0    5    0        6       0     89      0     0
16:28:43  all    92     0    5    0        3       0     92      0     0
16:28:44  all    99     0    1    0        0       0     99      0     0
16:28:45  all    99     0    1    0        0       0     99      0     0
16:28:46  all   100     0    0    0        0       0    100      0     0
16:28:47  all    97     0    3    0        0       0     96      0     0
16:28:48  all   100     0    0    0        0       0    101      0     0
16:28:49  all   100     0    0    0        0       0     99      0     0
16:28:50  all    98     0    2    0        0       0     98      0     0
16:28:51  all   100     0    0    0        0       0    101      0     0
16:28:52  all    99     0    1    0        0       0     99      0     0
16:28:53  all   100     0    0    0        0       0    100      0     0
