
o41  4.10.0-40-generic  #44~16.04.1-Ubuntu SMP Thu Nov 9 15:37:44 UTC 2017  x86_64  2017/11/29

-------------------------- analysis date: 2017/11/29 --------------------------

14:05:03  cpu  %usr %nice %sys %irq %softirq  %steal %guest  %wait %idle  _cpu_
14:05:04  all     0     0    0    0        0       0      0      0   100
14:05:05  all     1     0    0    0        0       0      0      1    98
14:05:06  all     0     0    0    0        0       0      0      0   100
14:05:07  all     0     0    0    0        0       0      0      0   100
14:05:08  all     0     0    1    0        0       0      0      0    99
14:05:09  all     1     0    1    0        0       0      0      0    98
14:05:10  all     0     0    1    0        0       0      0      0    99
14:05:11  all     0     0    1    0        0       0      0      0    99
14:05:12  all     0     0    2    0        0       0      0      0    98
14:05:13  all     0     0    2    0        1       0      0      0    97
14:05:14  all     1     0    1    0        0       0      0      0    98
14:05:15  all     0     0    1    0        1       0      0      0    98
14:05:16  all     0     0    0    0        1       0      0      0    99
14:05:17  all     1     0    1    0        0       0      0      0    98
14:05:18  all     1     0    2    0        0       0      0      0    97
14:05:19  all     0     0    0    0        1       0      0      0    99
14:05:20  all     0     0    0    0        0       0      0      0   100
14:05:21  all     0     0    1    0        0       0      0      0    99
14:05:22  all     0     0    2    0        1       0      0      0    97
14:05:23  all     1     0    1    0        1       0      0      0    97
14:05:24  all     0     0    1    0        0       0      0      0    99
14:05:25  all     1     0    1    0        0       0      0      0    98
14:05:26  all     0     0    1    0        0       0      0      0    99
14:05:27  all     0     0    2    0        1       0      0      0    97
14:05:28  all     0     0    1    0        0       0      0      0    99
14:05:29  all     0     0    1    0        2       0      0      0    97
14:05:30  all     1     0    2    0        1       0      0      0    96
14:05:31  all     0     0    2    0        1       0      0      0    97
14:05:32  all     0     0    2    0        0       0      0      0    98
14:05:33  all     0     0    2    0        2       0      0      0    96
14:05:34  all     1     0    3    0        1       0      0      0    95
14:05:35  all     0     0    2    0        1       0      0      0    97
14:05:36  all     0     0    2    0        1       0      0      0    97
14:05:37  all     0     0    2    0        0       0      0      0    98
14:05:38  all     0     0    2    0        0       0      0      0    98
14:05:39  all     1     0    2    0        0       0      0      0    97
14:05:40  all     1     0    2    0        1       0      0      0    96
14:05:41  all     0     0    3    0        1       0      0      0    96
14:05:42  all     0     0    2    0        0       0      0      0    98
14:05:43  all     0     0    3    0        1       0      0      0    96
14:05:44  all     0     0    1    0        1       0      0      0    98
14:05:45  all     0     0    2    0        1       0      0      0    97
14:05:46  all     0     0    3    0        1       0      0      0    96
14:05:47  all     0     0    3    0        0       0      0      0    97
14:05:48  all     0     0    1    0        1       0      0      0    98
14:05:49  all     0     0    2    0        1       0      0      0    97
14:05:50  all     0     0    3    0        0       0      0      0    97
14:05:51  all     0     0    2    0        0       0      0      0    98
14:05:52  all     0     0    3    0        0       0      0      0    97
14:05:53  all     0     0    2    0        1       0      0      0    97
14:05:54  all     1     0    1    0        2       0      0      0    96
14:05:55  all     0     0    2    0        0       0      0      0    98
14:05:56  all     0     0    2    0        1       0      0      0    97
14:05:57  all     0     0    2    0        0       0      0      0    98
14:05:58  all     0     0    2    0        2       0      0      0    96
14:05:59  all     0     0    2    0        0       0      0      0    98
14:06:00  all     0     0    2    0        2       0      0      0    96
14:06:01  all     0     0    2    0        0       0      0      0    98
14:06:02  all     0     0    2    0        1       0      0      0    97
14:06:03  all     0     0    2    0        1       0      0      0    97
14:06:04  all     0     0    2    0        1       0      0      0    97
14:06:05  all     0     0    3    0        0       0      0      0    97
14:06:06  all     0     0    2    0        1       0      0      0    97
14:06:07  all     0     0    2    0        2       0      0      0    96
14:06:08  all     0     0    3    0        1       0      0      0    96
14:06:09  all     0     0    2    0        1       0      0      0    97
14:06:10  all     1     0    2    0        0       0      0      0    97
14:06:11  all     0     0    2    0        0       0      0      0    98
14:06:12  all     0     0    1    0        1       0      0      0    98
14:06:13  all     0     0    3    0        0       0      0      0    97
14:06:14  all     1     0    1    0        1       0      0      0    97
14:06:15  all     0     0    3    0        0       0      0      0    97
14:06:16  all     0     0    3    0        0       0      0      0    97
14:06:17  all     0     0    2    0        1       0      0      0    97
14:06:18  all     0     0    2    0        1       0      0      0    97
14:06:19  all     0     0    1    0        2       0      0      0    97
14:06:20  all     0     0    2    0        0       0      0      0    98
14:06:21  all     0     0    3    0        1       0      0      0    96
14:06:22  all     0     0    2    0        0       0      0      0    98
14:06:23  all     0     0    2    0        0       0      0      0    98
14:06:24  all     0     0    3    0        1       0      0      0    96
14:06:25  all     1     0    3    0        0       0      0      0    96
14:06:26  all     0     0    2    0        1       0      0      0    97
14:06:27  all     0     0    2    0        1       0      0      0    97
14:06:28  all     0     0    3    0        0       0      0      0    97
14:06:29  all     0     0    2    0        1       0      0      0    97
14:06:30  all     0     0    3    0        1       0      0      0    96
14:06:31  all     0     0    3    0        1       0      0      0    96
14:06:32  all     0     0    2    0        0       0      0      0    98
14:06:33  all     0     0    2    0        1       0      0      0    97
14:06:34  all     0     0    2    0        0       0      0      0    98
14:06:35  all     0     0    2    0        1       0      0      0    97
14:06:36  all     0     0    2    0        0       0      0      0    98
14:06:37  all     0     0    2    0        1       0      0      0    97
14:06:38  all     0     0    2    0        1       0      0      0    97
14:06:39  all     0     0    2    0        1       0      0      2    95
14:06:40  all     0     0    2    0        3       0      0      0    95
14:06:41  all     0     0    2    0        0       0      0      0    98
14:06:42  all     0     0    2    0        0       0      0      0    98
14:06:43  all     1     0    1    0        1       0      0      0    97
14:06:44  all     0     0    3    0        1       0      0      0    96
14:06:45  all     0     0    3    0        1       0      0      0    96
14:06:46  all     0     0    1    0        1       0      0      0    98
14:06:47  all     0     0    1    0        1       0      0      0    98
14:06:48  all     0     0    2    0        2       0      0      0    96
14:06:49  all     0     0    3    0        1       0      0      0    96
14:06:50  all     0     0    1    0        0       0      0      0    99
14:06:51  all     0     0    1    0        1       0      0      0    98
14:06:52  all     0     0    4    0        0       0      0      0    96
14:06:53  all     0     0    3    0        2       0      0      0    95
14:06:54  all     1     0    3    0        1       0      0      0    95
14:06:55  all     0     0    2    0        0       0      0      0    98
14:06:56  all     0     0    3    0        1       0      0      0    96
14:06:57  all     0     0    2    0        0       0      0      0    98
14:06:58  all     0     0    1    0        2       0      0      0    97
14:06:59  all     0     0    4    0        0       0      0      0    96
14:07:00  all     0     0    1    0        2       0      0      0    97
14:07:01  all     0     0    2    0        1       0      0      0    97
14:07:02  all     1     0    3    0        3       0      0      0    93
14:07:03  all     0     0    2    0        0       0      0      0    98
14:07:04  all     0     0    3    0        1       0      0      0    96
14:07:05  all     0     0    2    0        2       0      0      0    96
14:07:06  all     0     0    2    0        0       0      0      0    98
14:07:07  all     0     0    3    0        0       0      0      0    97
14:07:08  all     0     0    2    0        1       0      0      0    97
14:07:09  all     0     0    1    0        0       0      0      0    99
14:07:10  all     0     0    0    0        0       0      0      0   100
14:07:11  all     0     0    0    0        0       0      0      0   100
14:07:12  all     0     0    0    0        0       0      0      0   100
14:07:13  all     0     0    0    0        0       0      0      0   100
