
o41  4.10.0-40-generic  #44~16.04.1-Ubuntu SMP Thu Nov 9 15:37:44 UTC 2017  x86_64  2017/11/29

-------------------------- analysis date: 2017/11/29 --------------------------

16:42:44  cpu  %usr %nice %sys %irq %softirq  %steal %guest  %wait %idle  _cpu_
16:42:45  all     0     0    0    0        0       0      0      0   100
16:42:46  all     0     0    0    0        0       0      0      0   100
16:42:47  all     0     0    0    0        0       0      0      0   100
16:42:48  all     0     0    0    0        0       0      0      0   100
16:42:49  all     0     0    1    0        0       0      0      0    99
16:42:50  all     0     0    0    0        0       0      0      1    99
16:42:51  all     0     0    0    0        0       0      0      0   100
16:42:52  all     0     0    0    0        0       0      0      0   100
16:42:53  all     1     0   20    0        0       0      1      0    79
16:42:54  all    14     0   86    0        0       0     14      0     0
16:42:55  all     1     0   99    0        0       0      2      0     0
16:42:56  all     3     0   96    0        0       0      2      0     1
16:42:57  all    12     0   88    0        0       0     12      0     0
16:42:58  all     5     0   95    0        0       0      6      0     0
16:42:59  all     8     0   92    0        0       0      8      0     0
16:43:00  all     6     0   93    0        0       0      5      0     1
16:43:01  all     2     0   98    0        0       0      2      0     0
16:43:02  all    13     0   87    0        0       0     13      0     0
16:43:03  all     3     0   96    0        0       0      3      0     1
16:43:04  all     4     0   96    0        0       0      5      0     0
16:43:05  all     9     0   91    0        0       0      8      0     0
16:43:06  all     1     0   99    0        0       0      1      0     0
16:43:07  all     3     0   96    0        0       0      3      0     1
16:43:08  all     4     0   96    0        0       0      4      0     0
16:43:09  all     7     0   93    0        0       0      7      0     0
16:43:10  all     6     0   93    0        0       0      6      0     1
16:43:11  all     5     0   95    0        0       0      5      0     0
16:43:12  all     3     0   97    0        0       0      4      0     0
16:43:13  all     5     0   95    0        0       0      4      0     0
16:43:14  all     6     0   93    0        0       0      6      0     1
16:43:15  all     6     0   94    0        0       0      6      0     0
16:43:16  all     3     0   97    0        0       0      3      0     0
16:43:17  all     7     0   92    0        0       0      7      0     1
16:43:18  all     3     0   97    0        0       0      2      0     0
16:43:19  all     6     0   94    0        0       0      6      0     0
16:43:20  all     4     0   96    0        0       0      5      0     0
16:43:21  all     3     0   96    0        0       0      3      0     1
16:43:22  all     7     0   93    0        0       0      7      0     0
16:43:23  all     9     0   91    0        0       0      9      0     0
16:43:24  all     4     0   95    0        0       0      4      0     1
16:43:25  all     5     0   95    0        0       0      5      0     0
16:43:26  all     5     0   95    0        0       0      5      0     0
16:43:27  all     3     0   97    0        0       0      3      0     0
16:43:28  all    10     0   89    0        0       0      9      0     1
16:43:29  all     2     0   98    0        0       0      2      0     0
16:43:30  all     3     0   96    0        0       0      4      0     1
16:43:31  all     9     0   91    0        0       0      9      0     0
16:43:32  all     5     0   95    0        0       0      5      0     0
16:43:33  all     5     0   95    0        0       0      5      0     0
16:43:34  all     3     0   96    0        0       0      3      0     1
16:43:35  all     8     0   92    0        0       0      8      0     0
16:43:36  all     2     0   98    0        0       0      2      0     0
16:43:37  all     3     0   96    0        0       0      3      0     1
16:43:38  all     8     0   92    0        0       0      8      0     0
16:43:39  all     4     0   96    0        0       0      4      0     0
16:43:40  all     3     0   97    0        0       0      3      0     0
16:43:41  all     1     0   98    0        0       0      1      0     1
16:43:42  all     4     0   96    0        0       0      3      0     0
16:43:43  all     2     0   98    0        0       0      3      0     0
16:43:44  all     3     0   96    0        0       0      3      0     1
16:43:45  all     8     0   92    0        0       0      8      0     0
16:43:46  all     4     0   96    0        0       0      4      0     0
16:43:47  all     3     0   97    0        0       0      3      0     0
16:43:48  all     6     0   93    0        0       0      6      0     1
16:43:49  all    10     0   90    0        0       0     10      0     0
16:43:50  all     3     0   96    0        0       0      3      0     1
16:43:51  all     2     0   98    0        0       0      2      0     0
16:43:52  all     9     0   91    0        0       0      9      0     0
16:43:53  all     4     0   96    0        0       0      4      0     0
16:43:54  all     6     0   93    0        0       0      6      0     1
16:43:55  all     6     0   94    0        0       0      6      0     0
16:43:56  all     5     0   94    0        0       0      5      0     1
16:43:57  all     7     0   93    0        0       0      7      0     0
16:43:58  all     5     0   95    0        0       0      5      0     0
16:43:59  all     4     0   96    0        0       0      4      0     0
16:44:00  all     9     0   90    0        0       0      8      0     1
16:44:01  all     3     0   97    0        0       0      4      0     0
16:44:02  all     2     0   97    0        0       0      2      0     1
16:44:03  all     7     0   93    0        0       0      6      0     0
16:44:04  all     6     0   94    0        0       0      6      0     0
16:44:05  all     2     0   97    0        0       0      2      0     1
16:44:06  all     6     0   94    0        0       0      6      0     0
16:44:07  all    10     0   90    0        0       0     10      0     0
16:44:08  all     2     0   97    0        0       0      2      0     1
16:44:09  all     7     0   93    0        0       0      8      0     0
16:44:10  all     4     0   96    0        0       0      3      0     0
16:44:11  all     4     0   96    0        0       0      4      0     0
16:44:12  all     4     0   96    0        0       0      4      0     0
16:44:13  all     7     0   92    0        0       0      7      0     1
16:44:14  all     2     0   98    0        0       0      2      0     0
16:44:15  all     4     0   95    0        0       0      4      0     1
16:44:16  all    10     0   90    0        0       0     10      0     0
16:44:17  all     3     0   97    0        0       0      3      0     0
16:44:18  all     2     0   98    0        0       0      2      0     0
16:44:19  all    10     0   89    0        0       0     10      0     1
16:44:20  all     5     0   95    0        0       0      5      0     0
16:44:21  all     4     0   96    0        0       0      4      0     0
16:44:22  all     9     0   90    0        0       0      9      0     1
16:44:23  all     3     0   97    0        0       0      3      0     0
16:44:24  all     5     0   95    0        0       0      5      0     0
16:44:25  all     8     0   92    0        0       0      8      0     0
16:44:26  all     4     0   95    0        0       0      4      0     1
16:44:27  all     5     0   95    0        0       0      5      0     0
16:44:28  all     6     0   94    0        0       0      6      0     0
16:44:29  all     3     0   96    0        0       0      3      0     1
16:44:30  all     7     0   93    0        0       0      7      0     0
16:44:31  all     4     0   96    0        0       0      4      0     0
16:44:32  all    10     0   90    0        0       0     10      0     0
16:44:33  all     4     0   95    0        0       0      4      0     1
16:44:34  all     2     0   98    0        0       0      2      0     0
16:44:35  all     7     0   93    0        0       0      7      0     0
16:44:36  all     2     0   97    0        0       0      2      0     1
16:44:37  all     4     0   96    0        0       0      4      0     0
16:44:38  all     7     0   93    0        0       0      7      0     0
16:44:39  all     4     0   95    0        0       0      4      0     1
16:44:40  all     9     0   91    0        0       0      9      0     0
16:44:41  all     4     0   96    0        0       0      4      0     0
16:44:42  all     2     0   97    0        0       0      2      0     1
16:44:43  all    12     0   88    0        0       0     12      0     0
16:44:44  all     2     0   98    0        0       0      2      0     0
16:44:45  all     2     0   98    0        0       0      2      0     0
16:44:46  all     6     0   93    0        0       0      6      0     1
16:44:47  all     2     0   98    0        0       0      2      0     0
16:44:48  all     4     0   96    0        0       0      4      0     0
16:44:49  all     7     0   92    0        0       0      7      0     1
16:44:50  all     4     0   96    0        0       0      4      0     0
16:44:51  all     5     0   95    0        0       0      5      0     0
16:44:52  all     4     0   96    0        0       0      4      0     0
16:44:53  all     5     0   75    0        0       0      5      0    20
16:44:54  all     0     0    1    0        0       0      0      0    99
16:44:55  all     0     0    0    0        0       0      0      0   100
16:44:56  all     0     0    1    0        0       0      0      0    99
16:44:57  all     0     0    0    0        0       0      0      0   100
16:44:58  all     0     0    1    0        0       0      0      0    99
16:44:59  all     0     0    0    0        0       0      0      0   100
16:45:00  all     1     0    0    0        0       0      0      0    99
16:45:01  all     0     0    0    0        0       0      0      0   100
