
o41  4.10.0-42-generic  #46~16.04.1-Ubuntu SMP Mon Dec 4 15:57:59 UTC 2017  x86_64  2017/12/28

-------------------------- analysis date: 2017/12/28 --------------------------

15:09:53  cpu  %usr %nice %sys %irq %softirq  %steal %guest  %wait %idle  _cpu_
15:09:54  all   100     0    0    0        0       0    100      0     0
15:09:55  all   100     0    0    0        0       0    100      0     0
15:09:56  all   100     0    0    0        0       0    100      0     0
15:09:57  all   100     0    0    0        0       0    100      0     0
15:09:58  all   100     0    0    0        0       0    100      0     0
15:09:59  all   100     0    0    0        0       0    100      0     0
15:10:00  all   100     0    0    0        0       0    100      0     0
15:10:01  all   100     0    0    0        0       0    101      0     0
15:10:02  all    96     0    3    0        1       0     95      0     0
15:10:03  all    88     0    5    0        7       0     89      0     0
15:10:04  all    89     0    5    0        6       0     88      0     0
15:10:05  all    89     0    5    0        6       0     89      0     0
15:10:06  all    89     0    5    0        6       0     89      0     0
15:10:07  all    86     0    8    0        6       0     87      0     0
15:10:08  all    90     0    6    0        4       0     90      0     0
15:10:09  all    88     0    7    0        5       0     87      0     0
15:10:10  all    87     0    7    0        6       0     87      0     0
15:10:11  all    89     0    6    0        5       0     89      0     0
15:10:12  all    87     0    8    0        5       0     88      0     0
15:10:13  all    85     0    9    0        6       0     84      0     0
15:10:14  all    88     0    5    0        7       0     88      0     0
15:10:15  all    86     0    7    0        7       0     86      0     0
15:10:16  all    85     0    6    0        9       0     86      0     0
15:10:17  all    85     0    8    0        7       0     84      0     0
15:10:18  all    85     0    9    0        6       0     83      0     0
15:10:19  all    85     0    7    0        8       0     85      0     0
15:10:20  all    88     0    6    0        6       0     88      0     0
15:10:21  all    89     0    3    0        8       0     88      0     0
15:10:22  all    88     0    6    0        6       0     88      0     0
15:10:23  all    91     0    7    0        2       0     91      0     0
15:10:24  all    87     0    7    0        6       0     87      0     0
15:10:25  all    88     0    8    0        4       0     89      0     0
15:10:26  all    90     0    5    0        5       0     89      0     0
15:10:27  all    85     0    5    0       10       0     86      0     0
15:10:28  all    88     0    7    0        5       0     88      0     0
15:10:29  all    89     0    7    0        4       0     88      0     0
15:10:30  all    88     0    6    0        6       0     88      0     0
15:10:31  all    87     0    8    0        5       0     87      0     0
15:10:32  all    86     0    6    0        8       0     87      0     0
15:10:33  all    88     0    7    0        5       0     88      0     0
15:10:34  all    87     0    9    0        4       0     86      0     0
15:10:35  all    91     0    3    0        6       0     92      0     0
15:10:36  all    87     0    9    0        4       0     86      0     0
15:10:37  all    87     0    8    0        5       0     88      0     0
15:10:38  all    91     0    5    0        4       0     90      0     0
15:10:39  all    90     0    3    0        7       0     90      0     0
15:10:40  all    89     0    5    0        6       0     89      0     0
15:10:41  all    87     0    7    0        6       0     87      0     0
15:10:42  all    87     0    6    0        7       0     87      0     0
15:10:43  all    86     0    6    0        8       0     86      0     0
15:10:44  all    90     0    5    0        5       0     91      0     0
15:10:45  all    89     0    3    0        8       0     89      0     0
15:10:46  all    89     0    6    0        5       0     89      0     0
15:10:47  all    87     0    6    0        7       0     86      0     0
15:10:48  all    89     0    3    0        8       0     89      0     0
15:10:49  all    87     0    6    0        7       0     87      0     0
15:10:50  all    88     0    3    0        9       0     88      0     0
15:10:51  all    90     0   10    0        0       0     91      0     0
15:10:52  all    90     0    3    0        7       0     89      0     0
15:10:53  all    91     0    6    0        3       0     91      0     0
15:10:54  all    87     0    5    0        8       0     88      0     0
15:10:55  all    90     0    5    0        5       0     89      0     0
15:10:56  all    88     0    5    0        7       0     88      0     0
15:10:57  all    91     0    8    0        1       0     91      0     0
15:10:58  all    88     0    4    0        8       0     88      0     0
15:10:59  all    86     0    8    0        6       0     86      0     0
15:11:00  all    92     0    4    0        4       0     92      0     0
15:11:01  all    94     0    6    0        0       0     95      0     0
15:11:02  all    85     0    6    0        9       0     84      0     0
15:11:03  all    87     0    4    0        9       0     88      0     0
15:11:04  all    88     0    8    0        4       0     87      0     0
15:11:05  all    87     0    7    0        6       0     87      0     0
15:11:06  all    90     0    7    0        3       0     90      0     0
15:11:07  all    86     0    7    0        7       0     86      0     0
15:11:08  all    89     0    6    0        5       0     89      0     0
15:11:09  all    90     0    5    0        5       0     90      0     0
15:11:10  all    89     0    2    0        9       0     89      0     0
15:11:11  all    79     0   10    0       11       0     79      0     0
15:11:12  all    91     0    8    0        1       0     91      0     0
15:11:13  all    92     0    4    0        4       0     92      0     0
15:11:14  all    89     0    4    0        7       0     89      0     0
15:11:15  all    87     0    7    0        6       0     87      0     0
15:11:16  all    88     0    5    0        7       0     88      0     0
15:11:17  all    88     0    7    0        5       0     88      0     0
15:11:18  all    91     0    6    0        3       0     91      0     0
15:11:19  all    89     0    7    0        4       0     89      0     0
15:11:20  all    89     0    5    0        6       0     89      0     0
15:11:21  all    91     0    4    0        5       0     91      0     0
15:11:22  all    88     0    6    0        6       0     88      0     0
15:11:23  all    92     0    4    0        4       0     92      0     0
15:11:24  all    91     0    3    0        6       0     91      0     0
15:11:25  all    88     0    6    0        6       0     88      0     0
15:11:26  all    85     0   10    0        5       0     85      0     0
15:11:27  all    86     0    8    0        6       0     86      0     0
15:11:28  all    90     0    4    0        6       0     90      0     0
15:11:29  all    90     0    5    0        5       0     90      0     0
15:11:30  all    90     0    5    0        5       0     90      0     0
15:11:31  all    88     0    6    0        6       0     88      0     0
15:11:32  all    89     0    5    0        6       0     90      0     0
15:11:33  all    90     0    7    0        3       0     89      0     0
15:11:34  all    89     0    4    0        7       0     89      0     0
15:11:35  all    86     0    9    0        5       0     86      0     0
15:11:36  all    87     0    6    0        7       0     87      0     0
15:11:37  all    88     0    6    0        6       0     89      0     0
15:11:38  all    91     0    4    0        5       0     90      0     0
15:11:39  all    90     0    5    0        5       0     90      0     0
15:11:40  all    88     0    7    0        5       0     88      0     0
15:11:41  all    87     0    8    0        5       0     87      0     0
15:11:42  all    92     0    3    0        5       0     92      0     0
15:11:43  all    90     0    5    0        5       0     90      0     0
15:11:44  all    86     0    7    0        7       0     86      0     0
15:11:45  all    86     0    6    0        8       0     86      0     0
15:11:46  all    88     0    6    0        6       0     89      0     0
15:11:47  all    88     0    7    0        5       0     87      0     0
15:11:48  all    91     0    5    0        4       0     91      0     0
15:11:49  all    88     0    4    0        8       0     88      0     0
15:11:50  all    89     0    7    0        4       0     89      0     0
15:11:51  all    90     0    5    0        5       0     90      0     0
15:11:52  all    88     0    8    0        4       0     89      0     0
15:11:53  all    91     0    4    0        5       0     90      0     0
15:11:54  all    88     0    6    0        6       0     88      0     0
15:11:55  all    86     0    8    0        6       0     86      0     0
15:11:56  all    92     0    4    0        4       0     92      0     0
15:11:57  all    89     0    7    0        4       0     89      0     0
15:11:58  all    85     0    7    0        8       0     85      0     0
15:11:59  all    88     0    7    0        5       0     88      0     0
15:12:00  all    87     0    7    0        6       0     87      0     0
15:12:01  all    88     0    6    0        6       0     88      0     0
15:12:02  all    87     0    6    0        7       0     87      0     0
15:12:03  all   100     0    0    0        0       0    100      0     0
15:12:04  all    99     0    1    0        0       0     99      0     0
15:12:05  all   100     0    0    0        0       0    101      0     0
15:12:06  all    99     0    1    0        0       0     98      0     0
15:12:07  all    99     0    1    0        0       0     99      0     0
15:12:08  all   100     0    0    0        0       0     99      0     0
15:12:09  all   100     0    0    0        0       0    101      0     0
15:12:10  all    99     0    1    0        0       0     98      0     0
15:12:11  all   100     0    0    0        0       0    101      0     0
