
o41  4.10.0-40-generic  #44~16.04.1-Ubuntu SMP Thu Nov 9 15:37:44 UTC 2017  x86_64  2017/11/29

-------------------------- analysis date: 2017/11/29 --------------------------

14:31:59  cpu  %usr %nice %sys %irq %softirq  %steal %guest  %wait %idle  _cpu_
14:32:00  all     0     0    0    0        0       0      0      0   100
14:32:01  all     1     0    0    0        0       0      1      1    98
14:32:02  all     0     0    0    0        0       0      0      2    98
14:32:03  all     0     0    0    0        0       0      0      0   100
14:32:04  all     0     0    0    0        0       0      0      0   100
14:32:05  all     1     0    0    0        0       0      0      0    99
14:32:06  all     0     0    1    0        0       0      0      0    99
14:32:07  all     0     0    0    0        0       0      0      0   100
14:32:08  all     4     0    7    0        2       0      1      1    86
14:32:09  all    14     0   78    0        8       0      9      0     0
14:32:10  all    13     0   82    0        5       0      7      0     0
14:32:11  all    21     0   71    0        7       0     12      0     1
14:32:12  all    17     0   75    0        8       0      8      0     0
14:32:13  all    18     0   76    0        6       0      9      0     0
14:32:14  all    19     0   73    0        7       0     11      0     1
14:32:15  all    13     0   80    0        7       0      7      0     0
14:32:16  all    15     0   80    0        5       0      7      0     0
14:32:17  all    14     0   82    0        4       0      8      0     0
14:32:18  all    12     0   82    0        5       0      6      0     1
14:32:19  all    12     0   79    0        9       0      5      0     0
14:32:20  all    12     0   83    0        5       0      6      0     0
14:32:21  all    12     0   82    0        6       0      6      0     0
14:32:22  all    12     0   82    0        5       0      6      0     1
14:32:23  all    14     0   81    0        5       0      6      0     0
14:32:24  all    13     0   80    0        7       0     10      0     0
14:32:25  all    12     0   81    0        7       0      5      0     0
14:32:26  all    14     0   80    0        5       0      7      0     1
14:32:27  all    14     0   79    0        7       0      7      0     0
14:32:28  all    12     0   81    0        7       0      6      0     0
14:32:29  all    15     0   79    0        5       0      8      0     1
14:32:30  all    15     0   79    0        6       0      8      0     0
14:32:31  all    13     0   80    0        7       0      6      0     0
14:32:32  all    12     0   83    0        5       0      5      0     0
14:32:33  all    14     0   80    0        6       0      8      0     0
14:32:34  all    13     0   83    0        4       0      7      0     0
14:32:35  all    15     0   77    0        7       0      7      0     1
14:32:36  all    14     0   80    0        6       0      7      0     0
14:32:37  all    13     0   81    0        6       0      7      0     0
14:32:38  all    13     0   80    0        6       0      7      0     1
14:32:39  all    14     0   80    0        6       0      7      0     0
14:32:40  all    14     0   83    0        3       0      8      0     0
14:32:41  all    14     0   78    0        8       0      6      0     0
14:32:42  all    20     0   78    0        2       0      9      0     0
14:32:43  all    10     0   78    0       11       0      6      0     1
14:32:44  all    16     0   77    0        7       0     13      0     0
14:32:45  all    12     0   86    0        2       0      8      0     0
14:32:46  all    14     0   77    0        8       0      8      0     1
14:32:47  all    16     0   79    0        5       0     10      0     0
14:32:48  all    16     0   80    0        4       0      9      0     0
14:32:49  all    13     0   81    0        6       0      7      0     0
14:32:50  all    13     0   77    0       10       0      6      0     0
14:32:51  all    14     0   80    0        6       0      9      0     0
14:32:52  all    14     0   79    0        6       0     10      0     1
14:32:53  all    13     0   80    0        7       0      8      0     0
14:32:54  all    13     0   81    0        6       0      8      0     0
14:32:55  all    15     0   79    0        6       0      7      0     0
14:32:56  all    17     0   78    0        4       0     10      0     1
14:32:57  all    12     0   83    0        5       0      6      0     0
14:32:58  all    13     0   82    0        5       0      7      0     0
14:32:59  all    11     0   85    0        4       0      6      0     0
14:33:00  all    12     0   81    0        6       0      7      0     1
14:33:01  all    10     0   86    0        4       0      4      0     0
14:33:02  all    14     0   82    0        4       0      8      0     0
14:33:03  all    12     0   79    0        8       0      6      0     1
14:33:04  all    14     0   81    0        5       0      9      0     0
14:33:05  all    11     0   84    0        5       0      5      0     0
14:33:06  all    13     0   81    0        6       0      8      0     0
14:33:07  all    18     0   76    0        6       0      8      0     0
14:33:08  all    24     0   69    0        6       0     12      0     1
14:33:09  all    20     0   76    0        4       0      7      0     0
14:33:10  all    18     0   75    0        7       0     11      0     0
14:33:11  all    21     0   73    0        6       0      7      0     0
14:33:12  all    21     0   74    0        4       0     13      0     1
14:33:13  all    24     0   70    0        6       0     10      0     0
14:33:14  all    13     0   80    0        7       0      4      0     0
14:33:15  all    16     0   78    0        6       0     13      0     0
14:33:16  all    12     0   66    0        4       0      3      0    18
14:33:17  all    17     0   14    0        0       0     10      0    69
14:33:18  all    20     0   12    0        1       0     12      0    67
14:33:19  all    18     0   20    0        3       0      9      0    59
14:33:20  all    22     0   15    0        4       0     11      0    58
14:33:21  all    24     0   16    0        4       0     13      0    56
14:33:22  all    22     0   18    0        4       0     10      0    56
14:33:23  all    23     0   16    0        3       0     12      0    57
14:33:24  all    20     0   17    0        3       0     11      0    59
14:33:25  all    18     0   21    0        3       0      8      0    58
14:33:26  all    20     0   19    0        2       0     13      0    58
14:33:27  all    22     0   17    0        3       0     10      0    58
14:33:28  all    22     0   19    0        2       0      9      0    57
14:33:29  all    28     0   14    0        3       0     14      0    55
14:33:30  all    26     0   16    0        3       0     12      0    55
14:33:31  all    21     0   18    0        4       0     12      0    57
14:33:32  all    19     0   17    0        2       0      9      0    61
14:33:33  all    21     0   18    0        2       0     10      0    59
14:33:34  all    17     0   18    0        5       0      9      0    60
14:33:35  all    23     0   18    0        2       0     11      0    57
14:33:36  all    22     0   16    0        4       0     12      0    57
14:33:37  all    23     0   16    0        2       0      9      0    59
14:33:38  all    22     0   14    0        2       0     12      0    61
14:33:39  all    24     0   14    0        4       0     10      0    58
14:33:40  all    22     0   14    0        3       0     12      0    61
14:33:41  all    21     0   18    0        3       0      9      0    57
14:33:42  all    20     0   16    0        4       0     12      0    60
14:33:43  all    20     0   19    0        4       0     12      0    56
14:33:44  all    21     0   16    0        3       0     12      0    60
14:33:45  all    20     0   18    0        3       0     10      0    58
14:33:46  all    20     0   20    0        1       0     10      0    59
14:33:47  all    18     0   23    0        1       0      9      0    58
14:33:48  all    23     0   17    0        2       0     14      0    58
14:33:49  all    20     0   17    0        2       0     13      0    60
14:33:50  all    23     0   17    0        4       0      9      0    55
14:33:51  all    23     0   19    0        1       0     12      0    57
14:33:52  all    21     0   17    0        2       0      9      0    60
14:33:53  all    20     0   18    0        2       0     12      1    59
14:33:54  all    20     0   18    0        4       0     10      0    58
14:33:55  all    22     0   18    0        1       0     12      0    59
14:33:56  all    30     0   12    0        0       0     14      0    59
14:33:57  all    18     0   22    0        2       0     11      0    58
14:33:58  all    23     0   20    0        3       0      9      0    54
14:33:59  all    22     0   19    0        5       0     11      0    54
14:34:00  all    22     0   16    0        2       0     11      0    60
14:34:01  all    22     0   17    0        3       0     12      0    58
14:34:02  all    19     0   19    0        2       0     11      0    59
14:34:03  all    27     0   16    0        1       0     13      0    56
14:34:04  all    21     0   18    0        2       0     12      0    59
14:34:05  all    22     0   19    0        3       0     12      0    56
14:34:06  all    24     0   19    0        4       0     12      0    54
14:34:07  all    23     0   18    0        1       0     13      0    57
14:34:08  all    17     0   20    0        3       0     10      0    60
14:34:09  all     0     0    1    0        0       0      0      0    99
14:34:10  all     0     0    0    0        0       0      0      0   100
14:34:11  all     0     0    0    0        0       0      0      1    99
14:34:12  all     0     0    0    0        0       0      0      0   100
14:34:13  all     0     0    0    0        0       0      1      0   100
14:34:14  all     1     0    2    0        0       0      0      0    97
14:34:15  all     3     0    1    0        0       0      3      0    96
14:34:16  all     0     0    0    0        0       0      0      0   100
14:34:17  all     0     0    0    0        0       0      0      0   100
14:34:18  all     0     0    0    0        0       0      1      0   100
14:34:19  all     0     0    0    0        0       0      0      0   100
