
o41  4.10.0-40-generic  #44~16.04.1-Ubuntu SMP Thu Nov 9 15:37:44 UTC 2017  x86_64  2017/11/23

-------------------------- analysis date: 2017/11/23 --------------------------

16:28:33  cpu  %usr %nice %sys %irq %softirq  %steal %guest  %wait %idle  _cpu_
16:28:34  all    50     0    0    0        0       0     50      0     0
16:28:35  all    50     0    0    0        0       0     50      0     0
16:28:36  all    50     0    0    0        0       0     50      0     0
16:28:37  all    50     0    0    0        0       0     50      0     0
16:28:38  all    50     0    0    0        0       0     50      0     0
16:28:39  all    50     0    0    0        0       0     50      0     0
16:28:40  all    50     0    0    0        0       0     50      0     0
16:28:41  all    50     0    0    0        0       0     50      0     0
16:28:42  all    50     0    0    0        0       0     50      0     0
16:28:43  all    49     0    4    0        2       0     45      0     0
16:28:44  all    47     0    6    0        5       0     43      0     0
16:28:45  all    46     0    9    0        2       0     43      0     0
16:28:46  all    48     0    7    0        2       0     43      0     0
16:28:47  all    47     0    6    0        4       0     42      0     0
16:28:48  all    45     0    7    0        4       0     43      0     0
16:28:49  all    45     0    9    0        3       0     43      0     0
16:28:50  all    48     0    5    0        4       0     42      0     0
16:28:51  all    46     0    7    0        5       0     42      0     0
16:28:52  all    47     0    6    0        3       0     43      0     0
16:28:53  all    47     0    7    0        2       0     43      0     0
16:28:54  all    48     0    6    0        3       0     43      0     0
16:28:55  all    47     0    7    0        2       0     44      0     0
16:28:56  all    47     0    8    0        3       0     43      0     0
16:28:57  all    47     0    6    0        3       0     43      0     0
16:28:58  all    46     0    6    0        4       0     44      0     0
16:28:59  all    47     0    7    0        3       0     44      0     0
16:29:00  all    47     0    7    0        2       0     44      0     0
16:29:01  all    47     0    7    0        3       0     44      0     0
16:29:02  all    47     0    7    0        3       0     43      0     0
16:29:03  all    46     0    6    0        5       0     44      0     0
16:29:04  all    48     0    7    0        3       0     43      0     0
16:29:05  all    46     0    6    0        4       0     43      0     0
16:29:06  all    48     0    7    0        3       0     43      0     0
16:29:07  all    47     0    8    0        2       0     43      0     0
16:29:08  all    48     0    6    0        3       0     43      0     0
16:29:09  all    47     0    6    0        3       0     43      0     0
16:29:10  all    48     0    6    0        3       0     43      0     0
16:29:11  all    47     0    6    0        3       0     44      0     0
16:29:12  all    47     0    8    0        4       0     42      0     0
16:29:13  all    47     0    6    0        3       0     43      0     0
16:29:14  all    49     0    5    0        3       0     43      0     0
16:29:15  all    47     0    7    0        3       0     43      0     0
16:29:16  all    48     0    6    0        2       0     44      0     0
16:29:17  all    48     0    6    0        2       0     44      0     0
16:29:18  all    47     0    6    0        3       0     44      0     0
16:29:19  all    46     0    7    0        3       0     44      0     0
16:29:20  all    48     0    6    0        2       0     44      0     0
16:29:21  all    47     0    7    0        3       0     43      0     0
16:29:22  all    48     0    6    0        4       0     43      0     0
16:29:23  all    47     0    6    0        3       0     44      0     0
16:29:24  all    47     0    6    0        3       0     43      0     0
16:29:25  all    46     0    9    0        2       0     43      0     0
16:29:26  all    44     0   12    0        2       0     41      0     0
16:29:27  all    46     0   10    0        3       0     41      0     0
16:29:28  all    47     0   10    0        2       0     41      0     0
16:29:29  all    47     0    9    0        2       0     43      0     0
16:29:30  all    47     0    6    0        3       0     44      0     0
16:29:31  all    46     0    7    0        3       0     44      0     0
16:29:32  all    47     0    6    0        5       0     42      0     0
16:29:33  all    47     0    6    0        3       0     44      0     0
16:29:34  all    48     0    5    0        2       0     45      0     0
16:29:35  all    47     0    6    0        5       0     42      0     0
16:29:36  all    45     0    9    0        3       0     43      0     0
16:29:37  all    48     0    6    0        3       0     43      0     0
16:29:38  all    46     0    8    0        3       0     43      0     0
16:29:39  all    46     0    7    0        4       0     43      0     0
16:29:40  all    47     0    7    0        2       0     44      0     0
16:29:41  all    47     0    6    0        4       0     43      0     0
16:29:42  all    45     0    8    0        6       0     40      0     0
16:29:43  all    47     0    7    0        2       0     43      0     0
16:29:44  all    47     0    6    0        3       0     43      0     0
16:29:45  all    46     0    8    0        5       0     42      0     0
16:29:46  all    47     0    7    0        2       0     44      0     0
16:29:47  all    46     0    6    0        6       0     42      0     0
16:29:48  all    48     0    6    0        4       0     42      0     0
16:29:49  all    47     0    7    0        2       0     45      0     0
16:29:50  all    45     0    8    0        5       0     41      0     0
16:29:51  all    47     0    9    0        2       0     42      0     0
16:29:52  all    46     0    5    0        5       0     44      0     0
16:29:53  all    45     0    8    0        6       0     40      0     0
16:29:54  all    48     0    7    0        3       0     42      0     0
16:29:55  all    47     0    6    0        3       0     44      0     0
16:29:56  all    46     0    7    0        5       0     43      0     0
16:29:57  all    49     0    7    0        1       0     43      0     0
16:29:58  all    47     0    6    0        4       0     43      0     0
16:29:59  all    51     0    5    0        4       0     40      0     0
16:30:00  all    46     0    9    0        1       0     43      0     0
16:30:01  all    47     0    8    0        2       0     43      0     0
16:30:02  all    46     0    7    0        3       0     44      0     0
16:30:03  all    46     0    7    0        4       0     43      0     0
16:30:04  all    47     0    7    0        3       0     43      0     0
16:30:05  all    47     0    7    0        3       0     42      0     0
16:30:06  all    44     0   10    0        3       0     42      0     0
16:30:07  all    47     0    5    0        4       0     43      0     0
16:30:08  all    47     0    7    0        5       0     42      0     0
16:30:09  all    47     0    6    0        4       0     44      0     0
16:30:10  all    48     0    7    0        3       0     43      0     0
16:30:11  all    46     0    7    0        6       0     41      0     0
16:30:12  all    46     0    8    0        4       0     42      0     0
16:30:13  all    48     0    5    0        5       0     43      0     0
16:30:14  all    45     0    8    0        5       0     42      0     0
16:30:15  all    47     0    7    0        2       0     44      0     0
16:30:16  all    47     0    6    0        4       0     43      0     0
16:30:17  all    47     0    7    0        3       0     43      0     0
16:30:18  all    47     0    6    0        3       0     43      0     0
16:30:19  all    48     0    7    0        2       0     43      0     0
16:30:20  all    47     0    6    0        3       0     44      0     0
16:30:21  all    47     0    7    0        3       0     43      0     0
16:30:22  all    46     0    7    0        5       0     43      0     0
16:30:23  all    46     0    8    0        5       0     42      0     0
16:30:24  all    48     0    6    0        3       0     43      0     0
16:30:25  all    46     0    8    0        4       0     42      0     0
16:30:26  all    47     0    6    0        3       0     43      0     0
16:30:27  all    47     0    6    0        3       0     43      0     0
16:30:28  all    44     0    9    0        5       0     42      0     0
16:30:29  all    46     0    7    0        3       0     44      0     0
16:30:30  all    47     0    7    0        2       0     44      0     0
16:30:31  all    46     0    8    0        3       0     43      0     0
16:30:32  all    47     0    6    0        5       0     42      0     0
16:30:33  all    47     0    9    0        2       0     43      0     0
16:30:34  all    47     0    6    0        2       0     44      0     0
16:30:35  all    47     0    6    0        3       0     44      0     0
16:30:36  all    46     0    7    0        5       0     43      0     0
16:30:37  all    48     0    7    0        3       0     43      0     0
16:30:38  all    46     0    8    0        3       0     43      0     0
16:30:39  all    46     0    8    0        5       0     42      0     0
16:30:40  all    47     0    7    0        2       0     44      0     0
16:30:41  all    47     0    8    0        5       0     41      0     0
16:30:42  all    48     0    5    0        3       0     44      0     0
16:30:43  all    48     0    3    0        2       0     48      0     0
16:30:44  all    50     0    0    0        0       0     50      0     0
16:30:45  all    50     0    0    0        0       0     50      0     0
16:30:46  all    50     0    0    0        0       0     50      0     0
16:30:47  all    50     0    1    0        0       0     50      0     0
16:30:48  all    50     0    0    0        0       0     50      0     0
16:30:49  all    50     0    0    0        0       0     50      0     0
16:30:50  all    50     0    0    0        0       0     50      0     0
