
itri  4.4.0-87-generic  #110-Ubuntu SMP Tue Jul 18 12:55:35 UTC 2017  x86_64  2018/01/02

-------------------------- analysis date: 2018/01/02 --------------------------

20:45:09  cpu  %usr %nice %sys %irq %softirq  %steal %guest  %wait %idle  _cpu_
20:45:10  all     0     0    0    0        0       0      0      0   100
20:45:11  all     0     0    0    0        0       0      0      1    99
20:45:12  all     0     0    0    0        0       1      0      0    99
20:45:13  all     0     0    0    0        0       0      0      0   100
20:45:14  all     0     0    0    0        0       0      0      0   100
20:45:15  all     0     0    0    0        1       1      0      0    98
20:45:16  all     0     0    1    0        0       0      0      0    99
20:45:17  all     0     0    1    0        0       0      0      0    99
20:45:18  all     0     0    2    0        0       0      0      0    98
20:45:19  all     0     0    0    0        1       0      0      0    99
20:45:20  all     0     0    3    0        0       0      0      0    97
20:45:21  all     0     0    0    0        0       0      0      0   100
20:45:22  all     0     0    0    0        0       1      0      0    99
20:45:23  all     0     0    1    0        0       1      0      0    98
20:45:24  all     0     0    2    0        0       0      0      0    98
20:45:25  all     0     0    1    0        0       0      0      0    99
20:45:26  all     0     0    1    0        0       0      0      0    99
20:45:27  all     0     0    1    0        0       0      0      0    99
20:45:28  all     0     0    1    0        0       0      0      1    98
20:45:29  all     0     0    0    0        1       0      0      0    99
20:45:30  all     0     0    1    0        0       1      0      0    98
20:45:31  all     0     0    0    0        1       0      0      0    99
20:45:32  all     0     0    1    0        0       0      0      0    99
20:45:33  all     0     0    0    0        0       0      0      0   100
20:45:34  all     0     0    3    0        1       0      0      0    96
20:45:35  all     1     0    2    0        0       1      0      0    96
20:45:36  all     0     0    2    0        0       0      0      0    98
20:45:37  all     0     0    2    0        1       0      0      0    97
20:45:38  all     0     0    1    0        0       0      0      0    99
20:45:39  all     0     0    0    0        0       0      0      0   100
20:45:40  all     0     0    0    0        0       0      0      0   100
20:45:41  all     0     0    0    0        0       0      0      0   100
20:45:42  all     0     0    2    0        0       1      0      0    97
20:45:43  all     0     0    0    0        0       0      0      0   100
20:45:44  all     0     0    1    0        1       0      0      0    98
20:45:45  all     0     0    0    0        0       0      0      0   100
20:45:46  all     0     0    2    0        0       0      0      0    98
20:45:47  all     0     0    0    0        0       0      0      0   100
20:45:48  all     0     0    1    0        0       1      0      0    98
20:45:49  all     0     0    0    0        0       0      0      0   100
20:45:50  all     0     0    1    0        0       0      0      0    99
20:45:51  all     0     0    1    0        1       0      0      0    98
20:45:52  all     0     0    1    0        0       0      0      0    99
20:45:53  all     0     0    1    0        0       0      0      0    99
20:45:54  all     0     0    0    0        0       0      0      0   100
20:45:55  all     0     0    2    0        0       0      0      0    98
20:45:56  all     0     0    2    0        0       1      0      0    97
20:45:57  all     0     0    1    0        0       0      0      0    99
20:45:58  all     0     0    2    0        0       0      0      0    98
20:45:59  all     0     0    2    0        0       0      0      0    98
20:46:00  all     0     0    1    0        0       1      0      0    98
20:46:01  all     0     0    0    0        1       0      0      0    99
20:46:02  all     0     0    2    0        0       0      0      0    98
20:46:03  all     0     0    0    0        1       0      0      0    99
20:46:04  all     0     0    1    0        0       0      0      0    99
20:46:05  all     0     0    0    0        0       0      0      0   100
20:46:06  all     0     0    1    0        1       0      0      0    98
20:46:07  all     0     0    2    0        0       1      0      0    97
20:46:08  all     0     0    1    0        1       0      0      0    98
20:46:09  all     0     0    1    0        0       0      0      0    99
20:46:10  all     0     0    1    0        0       0      0      0    99
20:46:11  all     1     0    0    0        0       0      0      0    99
20:46:12  all     0     0    1    0        0       0      0      0    99
20:46:13  all     0     0    3    0        1       1      0      0    95
20:46:14  all     0     0    1    0        1       0      0      0    98
20:46:15  all     0     0    1    0        0       0      0      0    99
20:46:16  all     0     0    0    0        0       0      0      0   100
20:46:17  all     0     0    2    0        0       0      0      0    98
20:46:18  all     0     0    1    0        0       0      0      0    99
20:46:19  all     0     0    1    0        0       0      0      0    99
20:46:20  all     0     0    1    0        0       0      0      0    99
20:46:21  all     0     0    1    0        0       1      0      0    98
20:46:22  all     0     0    1    0        1       0      0      0    98
20:46:23  all     0     0    0    0        1       0      0      0    99
20:46:24  all     0     0    2    0        0       0      0      0    98
20:46:25  all     0     0    1    0        0       0      0      0    99
20:46:26  all     0     0    1    0        0       1      0      0    98
20:46:27  all     0     0    1    0        0       0      0      0    99
20:46:28  all     0     0    1    0        0       0      0      0    99
20:46:29  all     0     0    2    0        0       0      0      0    98
20:46:30  all     0     0    1    0        0       0      0      0    99
20:46:31  all     0     0    1    0        0       0      0      0    99
20:46:32  all     0     0    1    0        0       0      0      0    99
20:46:33  all     0     0    1    0        0       0      0      0    99
20:46:34  all     0     0    1    0        0       1      0      0    98
20:46:35  all     0     0    1    0        0       0      0      0    99
20:46:36  all     0     0    0    0        0       0      0      0   100
20:46:37  all     0     0    1    0        0       0      0      0    99
20:46:38  all     0     0    1    0        0       0      0      0    99
20:46:39  all     0     0    1    0        0       1      0      0    98
20:46:40  all     0     0    2    0        0       0      0      0    98
20:46:41  all     0     0    0    0        0       0      0      0   100
20:46:42  all     0     0    1    0        1       0      0      0    98
20:46:43  all     0     0    2    0        0       0      0      0    98
20:46:44  all     0     0    0    0        0       0      0      0   100
20:46:45  all     1     0    1    0        1       0      0      0    97
20:46:46  all     0     0    1    0        0       0      0      0    99
20:46:47  all     0     0    2    0        0       1      0      0    97
20:46:48  all     0     0    1    0        0       0      0      0    99
20:46:49  all     0     0    1    0        0       0      0      0    99
20:46:50  all     0     0    0    0        0       0      0      0   100
20:46:51  all     0     0    1    0        1       0      0      0    98
20:46:52  all     0     0    1    0        0       1      0      0    98
20:46:53  all     0     0    1    0        0       0      0      0    99
20:46:54  all     0     0    1    0        1       0      0      0    98
20:46:55  all     0     0    1    0        0       0      0      0    99
20:46:56  all     0     0    1    0        0       0      0      0    99
20:46:57  all     0     0    1    0        0       0      0      0    99
20:46:58  all     0     0    1    0        0       0      0      0    99
20:46:59  all     0     0    1    0        0       0      0      0    99
20:47:00  all     0     0    0    0        0       1      0      0    99
20:47:01  all     0     0    1    0        0       1      0      0    98
20:47:02  all     0     0    1    0        0       0      0      0    99
20:47:03  all     0     0    1    0        0       0      0      0    99
20:47:04  all     0     0    0    0        0       0      0      0   100
20:47:05  all     1     0    1    0        0       0      0      0    98
20:47:06  all     0     0    1    0        0       0      0      0    99
20:47:07  all     0     0    1    0        0       1      0      0    98
20:47:08  all     0     0    2    0        0       0      0      0    98
20:47:09  all     1     0    0    0        0       0      0      0    99
20:47:10  all     0     0    1    0        0       0      0      0    99
20:47:11  all     0     0    2    0        0       0      0      0    98
20:47:12  all     0     0    1    0        0       1      0      0    98
20:47:13  all     0     0    1    0        0       0      0      0    99
20:47:14  all     0     0    1    0        1       0      0      0    98
20:47:15  all     0     0    0    0        0       0      0      0   100
20:47:16  all     0     0    0    0        0       0      0      0   100
20:47:17  all     0     0    0    0        0       1      0      0    99
20:47:18  all     0     0    0    0        0       0      0      0   100
20:47:19  all     0     0    0    0        0       0      0      3    97
