
o41  4.10.0-40-generic  #44~16.04.1-Ubuntu SMP Thu Nov 9 15:37:44 UTC 2017  x86_64  2017/11/24

-------------------------- analysis date: 2017/11/24 --------------------------

20:10:43  cpu  %usr %nice %sys %irq %softirq  %steal %guest  %wait %idle  _cpu_
20:10:44  all     0     0    0    0        0       0      0      0   100
20:10:45  all     0     0    0    0        0       0      0      0   100
20:10:46  all     0     0    0    0        0       0      0      0   100
20:10:47  all     0     0    0    0        0       0      0      0   100
20:10:48  all     0     0    0    0        0       0      0      0   100
20:10:49  all     0     0    0    0        0       0      0      1    99
20:10:50  all     0     0    0    0        0       0      0      0   100
20:10:51  all     0     0    0    0        0       0      0      0   100
20:10:52  all     2     0   15    0        1       0      1      0    82
20:10:53  all     8     0   86    0        4       0      7      1     1
20:10:54  all     6     0   90    0        3       0      6      0     1
20:10:55  all     4     0   94    0        2       0      4      0     0
20:10:56  all     4     0   91    0        5       0      4      0     0
20:10:57  all     3     0   91    0        5       0      4      0     1
20:10:58  all     7     0   88    0        4       0      7      0     1
20:10:59  all     8     0   88    0        4       0      7      0     0
20:11:00  all     4     0   92    0        4       0      4      0     0
20:11:01  all     6     0   85    0        8       0      6      0     1
20:11:02  all     7     0   88    0        4       0      7      0     1
20:11:03  all     6     0   87    0        7       0      6      0     0
20:11:04  all     5     0   89    0        5       0      5      0     1
20:11:05  all     5     0   88    0        6       0      5      0     1
20:11:06  all     5     0   90    0        5       0      6      0     0
20:11:07  all    10     0   85    0        4       0      9      0     1
20:11:08  all     5     0   88    0        6       0      6      0     1
20:11:09  all     7     0   89    0        4       0      6      0     0
20:11:10  all     4     0   87    0        8       0      4      0     1
20:11:11  all     3     0   92    0        4       0      4      0     1
20:11:12  all     5     0   93    0        2       0      4      0     0
20:11:13  all     4     0   90    0        5       0      4      0     1
20:11:14  all    10     0   83    0        6       0     10      0     1
20:11:15  all     6     0   90    0        4       0      6      0     0
20:11:16  all     5     0   91    0        4       0      5      0     0
20:11:17  all     6     0   87    0        6       0      5      0     1
20:11:18  all     8     0   85    0        5       0      8      0     2
20:11:19  all     4     0   89    0        6       0      4      0     1
20:11:20  all     5     0   91    0        3       0      6      0     1
20:11:21  all     6     0   89    0        4       0      6      0     1
20:11:22  all     4     0   92    0        4       0      4      0     0
20:11:23  all     6     0   89    0        4       0      6      0     1
20:11:24  all     4     0   90    0        5       0      4      0     1
20:11:25  all     6     0   89    0        5       0      6      0     0
20:11:26  all     8     0   87    0        4       0      7      0     1
20:11:27  all     5     0   88    0        6       0      5      0     1
20:11:28  all     5     0   91    0        4       0      6      0     0
20:11:29  all    10     0   81    0        8       0     10      0     1
20:11:30  all     6     0   90    0        3       0      5      0     1
20:11:31  all     4     0   91    0        5       0      5      0     0
20:11:32  all     6     0   85    0        8       0      6      0     1
20:11:33  all     5     0   89    0        5       0      5      0     1
20:11:34  all     7     0   89    0        4       0      6      0     0
20:11:35  all     8     0   87    0        5       0      9      0     0
20:11:36  all     7     0   87    0        4       0      6      0     2
20:11:37  all     6     0   89    0        5       0      7      0     0
20:11:38  all     5     0   90    0        5       0      5      0     0
20:11:39  all     7     0   91    0        2       0      6      0     0
20:11:40  all     7     0   89    0        3       0      7      0     1
20:11:41  all     5     0   90    0        5       0      6      0     0
20:11:42  all     5     0   90    0        4       0      4      0     1
20:11:43  all     5     0   90    0        5       0      6      0     0
20:11:44  all     7     0   88    0        5       0      7      0     0
20:11:45  all     3     0   89    0        7       0      3      0     1
20:11:46  all     5     0   92    0        3       0      5      0     0
20:11:47  all     7     0   88    0        4       0      6      0     1
20:11:48  all    10     0   86    0        4       0     11      0     0
20:11:49  all     6     0   90    0        4       0      5      0     0
20:11:50  all     7     0   88    0        5       0      8      0     0
20:11:51  all     8     0   85    0        5       0      8      0     2
20:11:52  all     4     0   88    0        6       0      4      0     2
20:11:53  all     8     0   84    0        7       0      8      0     1
20:11:54  all     4     0   90    0        5       0      4      0     1
20:11:55  all     7     0   88    0        4       0      6      0     1
20:11:56  all     5     0   89    0        5       0      6      0     1
20:11:57  all     6     0   94    0        0       0      5      0     0
20:11:58  all     8     0   88    0        3       0      9      0     1
20:11:59  all     7     0   88    0        4       0      7      0     1
20:12:00  all     7     0   89    0        4       0      6      0     0
20:12:01  all     5     0   89    0        4       0      5      0     2
20:12:02  all     7     0   89    0        3       0      8      0     1
20:12:03  all     4     0   90    0        5       0      4      0     1
20:12:04  all     4     0   91    0        4       0      4      0     1
20:12:05  all     7     0   91    0        2       0      7      0     0
20:12:06  all     9     0   86    0        4       0      9      0     1
20:12:07  all     6     0   88    0        6       0      6      0     0
20:12:08  all     4     0   93    0        2       0      4      0     1
20:12:09  all     4     0   89    0        6       0      4      0     1
20:12:10  all     8     0   83    0        9       0      8      0     0
20:12:11  all     7     0   84    0        8       0      6      0     1
20:12:12  all     5     0   89    0        5       0      6      0     1
20:12:13  all     4     0   91    0        5       0      3      0     0
20:12:14  all     6     0   88    0        5       0      6      0     1
20:12:15  all     7     0   91    0        1       0      8      0     1
20:12:16  all     6     0   90    0        4       0      5      0     0
20:12:17  all     5     0   89    0        5       0      5      0     1
20:12:18  all     2     0   91    0        6       0      3      0     1
20:12:19  all     6     0   90    0        4       0      5      0     0
20:12:20  all     7     0   88    0        4       0      7      0     1
20:12:21  all     7     0   90    0        2       0      7      0     1
20:12:22  all     5     0   87    0        6       0      5      0     2
20:12:23  all     5     0   88    0        5       0      4      0     2
20:12:24  all     7     0   87    0        5       0      8      0     1
20:12:25  all     7     0   86    0        6       0      6      0     1
20:12:26  all     6     0   87    0        6       0      6      0     1
20:12:27  all     6     0   87    0        6       0      7      0     1
20:12:28  all     9     0   87    0        4       0      9      0     0
20:12:29  all     7     0   88    0        4       0      7      0     1
20:12:30  all     7     0   88    0        4       0      7      0     1
20:12:31  all     7     0   87    0        5       0      6      0     1
20:12:32  all     6     0   90    0        3       0      7      0     1
20:12:33  all     5     0   90    0        5       0      5      0     0
20:12:34  all     5     0   89    0        5       0      5      0     1
20:12:35  all     8     0   87    0        4       0      7      0     1
20:12:36  all     4     0   90    0        6       0      5      0     0
20:12:37  all     6     0   88    0        4       0      6      0     2
20:12:38  all     5     0   94    0        1       0      5      0     0
20:12:39  all     5     0   89    0        5       0      5      0     1
20:12:40  all     7     0   89    0        3       0      7      0     1
20:12:41  all     7     0   88    0        5       0      6      0     0
20:12:42  all     6     0   89    0        4       0      6      0     1
20:12:43  all     4     0   92    0        4       0      4      0     0
20:12:44  all     7     0   87    0        3       0      8      0     3
20:12:45  all     6     0   88    0        5       0      6      0     1
20:12:46  all     7     0   88    0        4       0      7      0     1
20:12:47  all     9     0   89    0        2       0      9      0     0
20:12:48  all     8     0   85    0        6       0      8      0     1
20:12:49  all     5     0   90    0        4       0      5      0     1
20:12:50  all     6     0   87    0        6       0      6      0     1
20:12:51  all     6     0   86    0        7       0      5      0     1
20:12:52  all     5     0   76    0        5       0      6      0    14
20:12:53  all     0     0    0    0        0       0      0      0   100
20:12:54  all     0     0    1    0        0       0      0      0    99
20:12:55  all     0     0    0    0        0       0      0      0   100
20:12:56  all     0     0    1    0        0       0      0      0    99
20:12:57  all     1     0    0    0        0       0      0      1    98
20:12:58  all     0     0    0    0        0       0      0      0   100
20:12:59  all     0     0    1    0        0       0      0      0    99
20:13:00  all     1     0    0    0        0       0      0      0    99
