
o41  4.10.0-42-generic  #46~16.04.1-Ubuntu SMP Mon Dec 4 15:57:59 UTC 2017  x86_64  2017/12/27

-------------------------- analysis date: 2017/12/27 --------------------------

15:18:19  cpu  %usr %nice %sys %irq %softirq  %steal %guest  %wait %idle  _cpu_
15:18:20  all   100     0    0    0        0       0    100      0     0
15:18:21  all   100     0    0    0        0       0    100      0     0
15:18:22  all   100     0    0    0        0       0    100      0     0
15:18:23  all    99     0    1    0        0       0    100      0     0
15:18:24  all   100     0    0    0        0       0    100      0     0
15:18:25  all   100     0    0    0        0       0     99      0     0
15:18:26  all   100     0    0    0        0       0    100      0     0
15:18:27  all   100     0    0    0        0       0    100      0     0
15:18:28  all   100     0    0    0        0       0     99      0     0
15:18:29  all   100     0    0    0        0       0    100      0     0
15:18:30  all   100     0    0    0        0       0    100      0     0
15:18:31  all    97     0    3    0        0       0     98      0     0
15:18:32  all   100     0    0    0        0       0     99      0     0
15:18:33  all    99     0    1    0        0       0     99      0     0
15:18:34  all    99     0    1    0        0       0    100      0     0
15:18:35  all   100     0    0    0        0       0     99      0     0
15:18:36  all    98     0    2    0        0       0     99      0     0
15:18:37  all    99     0    1    0        0       0     98      0     0
15:18:38  all    98     0    2    0        0       0     99      0     0
15:18:39  all   100     0    0    0        0       0     99      0     0
15:18:40  all    98     0    2    0        0       0     98      0     0
15:18:41  all    97     0    3    0        0       0     97      0     0
15:18:42  all    98     0    2    0        0       0     98      0     0
15:18:43  all    99     0    1    0        0       0     99      0     0
15:18:44  all    99     0    1    0        0       0     99      0     0
15:18:45  all    98     0    2    0        0       0     98      0     0
15:18:46  all    98     0    2    0        0       0     98      0     0
15:18:47  all    96     0    4    0        0       0     96      0     0
15:18:48  all    99     0    1    0        0       0     99      0     0
15:18:49  all    99     0    1    0        0       0     99      0     0
15:18:50  all    98     0    2    0        0       0     98      0     0
15:18:51  all    98     0    2    0        0       0     98      0     0
15:18:52  all    99     0    1    0        0       0     99      0     0
15:18:53  all    98     0    2    0        0       0     98      0     0
15:18:54  all    98     0    2    0        0       0     98      0     0
15:18:55  all   100     0    0    0        0       0    100      0     0
15:18:56  all    97     0    3    0        0       0     97      0     0
15:18:57  all    99     0    1    0        0       0     99      0     0
15:18:58  all    99     0    1    0        0       0     99      0     0
15:18:59  all    98     0    2    0        0       0     98      0     0
15:19:00  all    99     0    1    0        0       0     99      0     0
15:19:01  all    96     0    4    0        0       0     96      0     0
15:19:02  all    96     0    4    0        0       0     96      0     0
15:19:03  all    99     0    1    0        0       0     99      0     0
15:19:04  all    98     0    2    0        0       0     98      0     0
15:19:05  all    99     0    1    0        0       0     99      0     0
15:19:06  all   100     0    0    0        0       0    100      0     0
15:19:07  all   100     0    0    0        0       0    100      0     0
15:19:08  all    99     0    1    0        0       0     99      0     0
15:19:09  all    99     0    1    0        0       0     99      0     0
15:19:10  all   100     0    0    0        0       0    100      0     0
15:19:11  all    99     0    1    0        0       0     99      0     0
15:19:12  all    97     0    3    0        0       0     97      0     0
15:19:13  all    99     0    1    0        0       0     99      0     0
15:19:14  all    99     0    1    0        0       0     99      0     0
15:19:15  all    99     0    1    0        0       0     98      0     0
15:19:16  all    97     0    3    0        0       0     98      0     0
15:19:17  all   100     0    0    0        0       0     99      0     0
15:19:18  all    95     0    5    0        0       0     95      0     0
15:19:19  all    98     0    2    0        0       0     98      0     0
15:19:20  all    99     0    1    0        0       0    100      0     0
15:19:21  all    99     0    1    0        0       0     98      0     0
15:19:22  all    96     0    4    0        0       0     97      0     0
15:19:23  all    99     0    1    0        0       0     99      0     0
15:19:24  all    99     0    1    0        0       0     99      0     0
15:19:25  all    99     0    1    0        0       0     99      0     0
15:19:26  all   100     0    0    0        0       0     99      0     0
15:19:27  all    98     0    2    0        0       0     98      0     0
15:19:28  all    96     0    4    0        0       0     97      0     0
15:19:29  all   100     0    0    0        0       0     99      0     0
15:19:30  all   100     0    0    0        0       0    100      0     0
15:19:31  all    99     0    1    0        0       0     99      0     0
15:19:32  all    97     0    3    0        0       0     97      0     0
15:19:33  all    98     0    2    0        0       0     99      0     0
15:19:34  all   100     0    0    0        0       0     99      0     0
15:19:35  all    99     0    1    0        0       0     99      0     0
15:19:36  all   100     0    0    0        0       0    100      0     0
15:19:37  all    98     0    2    0        0       0     98      0     0
15:19:38  all    99     0    1    0        0       0    100      0     0
15:19:39  all   100     0    0    0        0       0     99      0     0
15:19:40  all   100     0    0    0        0       0    100      0     0
15:19:41  all    99     0    1    0        0       0     99      0     0
15:19:42  all    97     0    3    0        0       0     98      0     0
15:19:43  all    98     0    2    0        0       0     97      0     0
15:19:44  all    97     0    3    0        0       0     97      0     0
15:19:45  all    99     0    1    0        0       0     99      0     0
15:19:46  all    99     0    1    0        0       0     98      0     0
15:19:47  all    97     0    3    0        0       0     97      0     0
15:19:48  all   100     0    0    0        0       0    100      0     0
15:19:49  all    97     0    3    0        0       0     98      0     0
15:19:50  all    99     0    1    0        0       0     98      0     0
15:19:51  all    98     0    2    0        0       0     98      0     0
15:19:52  all    99     0    1    0        0       0     99      0     0
15:19:53  all    99     0    1    0        0       0     99      0     0
15:19:54  all    99     0    1    0        0       0     99      0     0
15:19:55  all    99     0    1    0        0       0    100      0     0
15:19:56  all    96     0    4    0        0       0     95      0     0
15:19:57  all    99     0    1    0        0       0     99      0     0
15:19:58  all    99     0    1    0        0       0     99      0     0
15:19:59  all    98     0    2    0        0       0     98      0     0
15:20:00  all    98     0    2    0        0       0     99      0     0
15:20:01  all    99     0    1    0        0       0     99      0     0
15:20:02  all    97     0    3    0        0       0     94      0     0
15:20:03  all    98     0    2    0        0       0     97      0     0
15:20:04  all    95     0    5    0        0       0     95      0     0
15:20:05  all    99     0    1    0        0       0    100      0     0
15:20:06  all    99     0    1    0        0       0     98      0     0
15:20:07  all    99     0    1    0        0       0    100      0     0
15:20:08  all   100     0    0    0        0       0     99      0     0
15:20:09  all    99     0    1    0        0       0     99      0     0
15:20:10  all    99     0    1    0        0       0     99      0     0
15:20:11  all    96     0    4    0        0       0     97      0     0
15:20:12  all   100     0    0    0        0       0    100      0     0
15:20:13  all    99     0    1    0        0       0     98      0     0
15:20:14  all    98     0    2    0        0       0     98      0     0
15:20:15  all   100     0    0    0        0       0    100      0     0
15:20:16  all    97     0    3    0        0       0     97      0     0
15:20:17  all    98     0    2    0        0       0     99      0     0
15:20:18  all    98     0    2    0        0       0     98      0     0
15:20:19  all   100     0    0    0        0       0     99      0     0
15:20:20  all    98     0    2    0        0       0     97      0     0
15:20:21  all    98     0    2    0        0       0     98      0     0
15:20:22  all    99     0    1    0        0       0     99      0     0
15:20:23  all    99     0    1    0        0       0     98      0     0
15:20:24  all    99     0    1    0        0       0    100      0     0
15:20:25  all    97     0    3    0        0       0     95      0     0
15:20:26  all    99     0    1    0        0       0     99      0     0
15:20:27  all    98     0    2    0        0       0     99      0     0
15:20:28  all    99     0    1    0        0       0     99      0     0
15:20:29  all   100     0    0    0        0       0     99      0     0
15:20:30  all   100     0    0    0        0       0    100      0     0
15:20:31  all   100     0    0    0        0       0    100      0     0
15:20:32  all    99     0    1    0        0       0     99      0     0
15:20:33  all    99     0    1    0        0       0     99      0     0
15:20:34  all   100     0    0    0        0       0     99      0     0
15:20:35  all   100     0    0    0        0       0    100      0     0
15:20:36  all   100     0    0    0        0       0     99      0     0
15:20:37  all    99     0    1    0        0       0    100      0     0
