
o41  4.10.0-40-generic  #44~16.04.1-Ubuntu SMP Thu Nov 9 15:37:44 UTC 2017  x86_64  2017/11/27

-------------------------- analysis date: 2017/11/27 --------------------------

13:46:26  cpu  %usr %nice %sys %irq %softirq  %steal %guest  %wait %idle  _cpu_
13:46:27  all   100     0    0    0        0       0    100      0     0
13:46:28  all   100     0    0    0        0       0    100      0     0
13:46:29  all   100     0    0    0        0       0    100      0     0
13:46:30  all   100     0    0    0        0       0    100      0     0
13:46:31  all   100     0    0    0        0       0    100      0     0
13:46:32  all   100     0    0    0        0       0    100      0     0
13:46:33  all   100     0    0    0        0       0    100      0     0
13:46:34  all   100     0    0    0        0       0    100      0     0
13:46:35  all   100     0    0    0        0       0    100      0     0
13:46:36  all    96     0    2    0        2       0     97      0     0
13:46:37  all    88     0    8    0        4       0     87      0     0
13:46:38  all    89     0    6    0        5       0     90      0     0
13:46:39  all    85     0   11    0        4       0     85      0     0
13:46:40  all    93     0    4    0        3       0     92      0     0
13:46:41  all    89     0    5    0        6       0     90      0     0
13:46:42  all    86     0    7    0        7       0     85      0     0
13:46:43  all    88     0    8    0        4       0     88      0     0
13:46:44  all    83     0    8    0        9       0     83      0     0
13:46:45  all    87     0    7    0        6       0     87      0     0
13:46:46  all    85     0   13    0        2       0     86      0     0
13:46:47  all    85     0    9    0        6       0     84      0     0
13:46:48  all    88     0    9    0        3       0     88      0     0
13:46:49  all    87     0    9    0        4       0     87      0     0
13:46:50  all    84     0   12    0        4       0     85      0     0
13:46:51  all    87     0    8    0        5       0     86      0     0
13:46:52  all    85     0   11    0        4       0     85      0     0
13:46:53  all    86     0   10    0        4       0     87      0     0
13:46:54  all    86     0    8    0        6       0     85      0     0
13:46:55  all    88     0    8    0        4       0     89      0     0
13:46:56  all    85     0    9    0        6       0     84      0     0
13:46:57  all    84     0   11    0        5       0     85      0     0
13:46:58  all    81     0   12    0        7       0     81      0     0
13:46:59  all    85     0   10    0        5       0     84      0     0
13:47:00  all    83     0   11    0        6       0     83      0     0
13:47:01  all    85     0   10    0        5       0     85      0     0
13:47:02  all    86     0   10    0        4       0     85      0     0
13:47:03  all    89     0    7    0        4       0     90      0     0
13:47:04  all    86     0    9    0        5       0     86      0     0
13:47:05  all    82     0   11    0        7       0     82      0     0
13:47:06  all    88     0    6    0        6       0     88      0     0
13:47:07  all    86     0   10    0        4       0     86      0     0
13:47:08  all    85     0   11    0        4       0     84      0     0
13:47:09  all    86     0    9    0        5       0     86      0     0
13:47:10  all    89     0    6    0        5       0     90      0     0
13:47:11  all    88     0    8    0        4       0     88      0     0
13:47:12  all    86     0    7    0        7       0     86      0     0
13:47:13  all    85     0    8    0        7       0     85      0     0
13:47:14  all    86     0    9    0        5       0     85      0     0
13:47:15  all    91     0    6    0        3       0     92      0     0
13:47:16  all    88     0    6    0        6       0     88      0     0
13:47:17  all    85     0    9    0        6       0     85      0     0
13:47:18  all    89     0    5    0        6       0     88      0     0
13:47:19  all    85     0   10    0        5       0     86      0     0
13:47:20  all    87     0    9    0        4       0     87      0     0
13:47:21  all    91     0    6    0        3       0     91      0     0
13:47:22  all    89     0    4    0        7       0     88      0     0
13:47:23  all    87     0    7    0        6       0     88      0     0
13:47:24  all    89     0    7    0        4       0     88      0     0
13:47:25  all    88     0    8    0        4       0     88      0     0
13:47:26  all    89     0    4    0        7       0     90      0     0
13:47:27  all    88     0    7    0        5       0     87      0     0
13:47:28  all    90     0    6    0        4       0     90      0     0
13:47:29  all    91     0    6    0        3       0     91      0     0
13:47:30  all    87     0    8    0        5       0     88      0     0
13:47:31  all    82     0   11    0        7       0     81      0     0
13:47:32  all    86     0    8    0        6       0     86      0     0
13:47:33  all    88     0    6    0        6       0     88      0     0
13:47:34  all    88     0    7    0        5       0     88      0     0
13:47:35  all    85     0    7    0        8       0     85      0     0
13:47:36  all    88     0    6    0        6       0     88      0     0
13:47:37  all    89     0    6    0        5       0     90      0     0
13:47:38  all    89     0    7    0        4       0     88      0     0
13:47:39  all    87     0    7    0        6       0     88      0     0
13:47:40  all    92     0    5    0        3       0     91      0     0
13:47:41  all    88     0    7    0        5       0     88      0     0
13:47:42  all    88     0    8    0        4       0     88      0     0
13:47:43  all    90     0    6    0        4       0     91      0     0
13:47:44  all    88     0    5    0        7       0     87      0     0
13:47:45  all    88     0    7    0        5       0     88      0     0
13:47:46  all    90     0    5    0        5       0     90      0     0
13:47:47  all    85     0   10    0        5       0     85      0     0
13:47:48  all    91     0    7    0        2       0     91      0     0
13:47:49  all    89     0    7    0        4       0     89      0     0
13:47:50  all    85     0   10    0        5       0     85      0     0
13:47:51  all    88     0    6    0        6       0     88      0     0
13:47:52  all    91     0    4    0        5       0     91      0     0
13:47:53  all    86     0    9    0        5       0     86      0     0
13:47:54  all    88     0    7    0        5       0     88      0     0
13:47:55  all    89     0    5    0        6       0     90      0     0
13:47:56  all    89     0    6    0        5       0     88      0     0
13:47:57  all    90     0    6    0        4       0     90      0     0
13:47:58  all    87     0    9    0        4       0     87      0     0
13:47:59  all    87     0    6    0        7       0     87      0     0
13:48:00  all    88     0    9    0        3       0     88      0     0
13:48:01  all    86     0    7    0        7       0     86      0     0
13:48:02  all    87     0    9    0        4       0     87      0     0
13:48:03  all    91     0    5    0        4       0     91      0     0
13:48:04  all    86     0    6    0        8       0     86      0     0
13:48:05  all    87     0    6    0        7       0     87      0     0
13:48:06  all    86     0   10    0        4       0     86      0     0
13:48:07  all    85     0    8    0        7       0     85      0     0
13:48:08  all    86     0    8    0        6       0     86      0     0
13:48:09  all    90     0    5    0        5       0     90      0     0
13:48:10  all    86     0    9    0        5       0     86      0     0
13:48:11  all    88     0    8    0        4       0     88      0     0
13:48:12  all    86     0    6    0        8       0     86      0     0
13:48:13  all    89     0    6    0        5       0     89      0     0
13:48:14  all    90     0    6    0        4       0     90      0     0
13:48:15  all    89     0    6    0        5       0     88      0     0
13:48:16  all    88     0    7    0        5       0     89      0     0
13:48:17  all    89     0    6    0        5       0     89      0     0
13:48:18  all    83     0    9    0        8       0     82      0     0
13:48:19  all    91     0    5    0        4       0     92      0     0
13:48:20  all    84     0    7    0        9       0     84      0     0
13:48:21  all    93     0    5    0        2       0     93      0     0
13:48:22  all    88     0    7    0        5       0     88      0     0
13:48:23  all    88     0    8    0        4       0     88      0     0
13:48:24  all    88     0    7    0        5       0     87      0     0
13:48:25  all    88     0    6    0        6       0     88      0     0
13:48:26  all    88     0    7    0        5       0     89      0     0
13:48:27  all    84     0    9    0        7       0     84      0     0
13:48:28  all    89     0    6    0        5       0     89      0     0
13:48:29  all    88     0    8    0        4       0     88      0     0
13:48:30  all    88     0    7    0        5       0     88      0     0
13:48:31  all    89     0    6    0        5       0     88      0     0
13:48:32  all    88     0    7    0        5       0     89      0     0
13:48:33  all    87     0    8    0        5       0     87      0     0
13:48:34  all    89     0    7    0        4       0     89      0     0
13:48:35  all    90     0    6    0        4       0     89      0     0
13:48:36  all    94     0    4    0        2       0     95      0     0
13:48:37  all   100     0    0    0        0       0    100      0     0
13:48:38  all   100     0    0    0        0       0    100      0     0
13:48:39  all   100     0    0    0        0       0    100      0     0
13:48:40  all   100     0    0    0        0       0    100      0     0
13:48:41  all   100     0    0    0        0       0    100      0     0
13:48:42  all   100     0    0    0        0       0    100      0     0
13:48:43  all   100     0    0    0        0       0    100      0     0
13:48:44  all   100     0    0    0        0       0    100      0     0
13:48:45  all   100     0    0    0        0       0    100      0     0
13:48:46  all   100     0    0    0        0       0    100      0     0
13:48:47  all   100     0    0    0        0       0    100      0     0
