
o41  4.10.0-42-generic  #46~16.04.1-Ubuntu SMP Mon Dec 4 15:57:59 UTC 2017  x86_64  2017/12/27

-------------------------- analysis date: 2017/12/27 --------------------------

14:58:40  cpu  %usr %nice %sys %irq %softirq  %steal %guest  %wait %idle  _cpu_
14:58:41  all     0     0    0    0        0       0      0      0   100
14:58:42  all     0     0    0    0        0       0      0      0   100
14:58:43  all     0     0    1    0        0       0      0      0    99
14:58:44  all     0     0    0    0        0       0      0      0   100
14:58:45  all     0     0    0    0        0       0      0      1    99
14:58:46  all     0     0    0    0        0       0      0      0   100
14:58:47  all     0     0    0    0        0       0      0      0   100
14:58:48  all     0     0    0    0        0       0      0      0   100
14:58:49  all    10     0    4    0        0       0     10      0    86
14:58:50  all     8     0   10    0        0       0      8      1    81
14:58:51  all    17     0    8    0        0       0     16      0    75
14:58:52  all    20     0    5    0        0       0     20      0    74
14:58:53  all    10     0    5    0        0       0     12      0    85
14:58:54  all     6     0    6    0        0       0      5      0    88
14:58:55  all    12     0   10    0        0       0     13      0    77
14:58:56  all    19     0    4    0        0       0     18      1    76
14:58:57  all    15     0    6    0        0       0     16      0    78
14:58:58  all     9     0    8    0        0       0      9      0    83
14:58:59  all    10     0    5    0        0       0      9      0    85
14:59:00  all    10     0   12    0        0       0     10      0    77
14:59:01  all    17     0   11    0        0       0     17      0    72
14:59:02  all    15     0    6    0        0       0     15      0    79
14:59:03  all    15     0    6    0        0       0     15      0    79
14:59:04  all    15     0    6    0        0       0     15      0    78
14:59:05  all    14     0   12    0        0       0     15      0    74
14:59:06  all    19     0    4    0        0       0     18      0    77
14:59:07  all    11     0   10    0        0       0     11      0    80
14:59:08  all    13     0    4    0        0       0     14      0    82
14:59:09  all     7     0   11    0        0       0      6      0    82
14:59:10  all    12     0   11    0        0       0     12      0    76
14:59:11  all    17     0   10    0        0       0     17      1    73
14:59:12  all     9     0   11    0        0       0      9      0    80
14:59:13  all    12     0   12    0        0       0     13      0    75
14:59:14  all    16     0    4    0        0       0     16      0    80
14:59:15  all    10     0   11    0        0       0     10      0    80
14:59:16  all    12     0    7    0        0       0     11      0    81
14:59:17  all     7     0    7    0        0       0      7      0    86
14:59:18  all    15     0   11    0        0       0     16      0    74
14:59:19  all    18     0    4    0        0       0     18      0    78
14:59:20  all    10     0    8    0        0       0     10      0    82
14:59:21  all    10     0    5    0        0       0      9      0    85
14:59:22  all     8     0   13    0        0       0      9      0    80
14:59:23  all    16     0    8    0        0       0     15      0    76
14:59:24  all    17     0    6    0        0       0     17      0    77
14:59:25  all    10     0    6    0        0       0     10      0    84
14:59:26  all     7     0    7    0        0       0      8      0    86
14:59:27  all    15     0   12    0        0       0     14      0    72
14:59:28  all    23     0    1    0        0       0     23      0    76
14:59:29  all    12     0   11    0        0       0     13      0    78
14:59:30  all    13     0    6    0        0       0     12      0    81
14:59:31  all     8     0   10    0        0       0      9      0    82
14:59:32  all    14     0   11    0        0       0     13      0    75
14:59:33  all    20     0    5    0        0       0     20      0    75
14:59:34  all     7     0   11    0        0       0      7      0    82
14:59:35  all     9     0    5    0        0       0      9      0    86
14:59:36  all     6     0    9    0        0       0      7      0    85
14:59:37  all    16     0   12    0        0       0     16      0    72
14:59:38  all    15     0    8    0        0       0     14      0    77
14:59:39  all     8     0    9    0        0       0      8      0    83
14:59:40  all    11     0    3    0        0       0     11      0    85
14:59:41  all    10     0   12    0        0       0     10      0    79
14:59:42  all    20     0    6    0        0       0     20      0    74
14:59:43  all    10     0   11    0        0       0     10      0    79
14:59:44  all    15     0   11    0        0       0     15      0    74
14:59:45  all    18     0    7    0        0       0     18      0    75
14:59:46  all    14     0   10    0        0       0     13      0    75
14:59:47  all    15     0    5    0        0       0     15      0    79
14:59:48  all     8     0    4    0        0       0     10      0    88
14:59:49  all    14     0    8    0        0       0     14      0    78
14:59:50  all    12     0    7    0        0       0     11      0    81
14:59:51  all    10     0    6    0        0       0     10      0    84
14:59:52  all     7     0   12    0        0       0      8      1    80
14:59:53  all     9     0    9    0        0       0      9      0    82
14:59:54  all    15     0    4    0        0       0     15      0    80
14:59:55  all    13     0    7    0        0       0     13      0    80
14:59:56  all    11     0    8    0        0       0     11      0    81
14:59:57  all     7     0   13    0        0       0      5      0    80
14:59:58  all    19     0    8    0        0       0     19      0    73
14:59:59  all    14     0    5    0        0       0     15      0    80
15:00:00  all     9     0   12    0        0       0      9      0    80
15:00:01  all    11     0    6    0        0       0     11      0    83
15:00:02  all    15     0   14    0        0       0     10      0    72
15:00:03  all    15     0    8    0        0       0     15      0    77
15:00:04  all     8     0   10    0        0       0      9      0    82
15:00:05  all     6     0    6    0        0       0      6      0    88
15:00:06  all    10     0   13    0        0       0     10      0    76
15:00:07  all    20     0    5    0        0       0     19      0    74
15:00:08  all    10     0    9    0        0       0     11      1    80
15:00:09  all     8     0    7    0        0       0      8      0    85
15:00:10  all    10     0    7    0        0       0     10      0    83
15:00:11  all    10     0   11    0        0       0     10      0    79
15:00:12  all    14     0    9    0        0       0     14      0    78
15:00:13  all    20     0    4    0        0       0     19      0    76
15:00:14  all    16     0    6    0        0       0     17      0    78
15:00:15  all    13     0    9    0        0       0     12      1    77
15:00:16  all    10     0    6    0        0       0     10      0    84
15:00:17  all     9     0   14    0        0       0      9      0    76
15:00:18  all    21     0    4    0        0       0     21      0    74
15:00:19  all    14     0    9    0        0       0     14      0    78
15:00:20  all     9     0    6    0        0       0      9      0    85
15:00:21  all     8     0    9    0        0       0      8      0    83
15:00:22  all    12     0   12    0        0       0     12      0    76
15:00:23  all    22     0    5    0        0       0     22      0    73
15:00:24  all    13     0   11    0        0       0     13      0    77
15:00:25  all    11     0    6    0        0       0     11      0    83
15:00:26  all     8     0   13    0        0       0      8      0    79
15:00:27  all    16     0    9    0        0       0     16      0    74
15:00:28  all    17     0    5    0        0       0     17      0    78
15:00:29  all    10     0    5    0        0       0     10      0    85
15:00:30  all    11     0    5    0        0       0     11      0    84
15:00:31  all     7     0    8    0        0       0      7      0    85
15:00:32  all    16     0   10    0        0       0     16      0    74
15:00:33  all    23     0    3    0        0       0     23      0    74
15:00:34  all     9     0    9    0        0       0      9      0    82
15:00:35  all    10     0    7    0        0       0     10      0    83
15:00:36  all     8     0   10    0        0       0      8      0    82
15:00:37  all    12     0   11    0        0       0     12      0    76
15:00:38  all    19     0    6    0        0       0     19      0    75
15:00:39  all    12     0    9    0        0       0     12      0    80
15:00:40  all    10     0    5    0        0       0     10      1    84
15:00:41  all     7     0   11    0        0       0      7      0    82
15:00:42  all    14     0   10    0        0       0     14      0    76
15:00:43  all    17     0    7    0        0       0     17      0    76
15:00:44  all    11     0    8    0        0       0     11      0    81
15:00:45  all    13     0   10    0        0       0     13      0    76
15:00:46  all     8     0    7    0        0       0      8      0    85
15:00:47  all    10     0    6    0        0       0     10      0    84
15:00:48  all    11     0   10    0        0       0     11      0    80
15:00:49  all     3     0    2    0        0       0      3      0    95
15:00:50  all     1     0    0    0        0       0      0      0    99
15:00:51  all     1     0    0    0        0       0      0      0    99
15:00:52  all     0     0    0    0        0       0      0      0   100
15:00:53  all     0     0    1    0        0       0      0      0    99
15:00:54  all     0     0    0    0        0       0      0      0   100
15:00:55  all     1     0    0    0        0       0      0      0    99
15:00:56  all     0     0    1    0        0       0      0      1    98
15:00:57  all     0     0    0    0        0       0      0      0   100
