
o41  4.14.3  #1 SMP Sat Dec 2 23:29:58 EST 2017  x86_64  2017/12/03

-------------------------- analysis date: 2017/12/03 --------------------------

17:11:47  cpu  %usr %nice %sys %irq %softirq  %steal %guest  %wait %idle  _cpu_
17:11:48  all     0     0    0    0        0       0      0      0   100
17:11:49  all     0     0    0    0        0       0      0      0   100
17:11:50  all     0     0    0    0        0       0      0      0   100
17:11:51  all     1     0    0    0        0       0      1      0    99
17:11:52  all     0     0    0    0        0       0      0      0   100
17:11:53  all     0     0    0    0        0       0      0      0   100
17:11:54  all     0     0    0    0        0       0      0      0   100
17:11:55  all     0     0    0    0        0       0      0      0   100
17:11:56  all     9     0    2    0        0       0      9      0    89
17:11:57  all    10     0   17    0        7       0     10      1    65
17:11:58  all    16     0   13    0        3       0     16      0    67
17:11:59  all    15     0   15    0        6       0     14      0    64
17:12:00  all    13     0   16    0        9       0     14      0    62
17:12:01  all    18     0   14    0        4       0     18      0    64
17:12:02  all    14     0   14    0        6       0     13      1    65
17:12:03  all    14     0   11    0        7       0     14      0    68
17:12:04  all    14     0   14    0        6       0     15      0    66
17:12:05  all    13     0   18    0        6       0     12      0    63
17:12:06  all    18     0   11    0        4       0     18      0    66
17:12:07  all    13     0   15    0        9       0     13      0    64
17:12:08  all    14     0   15    0        6       0     15      0    66
17:12:09  all    16     0   15    0        6       0     16      0    62
17:12:10  all    15     0   15    0        5       0     14      0    65
17:12:11  all    12     0   16    0        4       0     12      0    67
17:12:12  all     9     0   19    0        7       0     10      0    66
17:12:13  all    12     0   18    0        4       0     12      0    66
17:12:14  all    12     0   13    0        4       0     11      1    69
17:12:15  all    14     0   14    0        7       0     14      0    65
17:12:16  all    12     0   20    0        3       0     12      0    65
17:12:17  all    13     0   14    0        9       0     13      0    64
17:12:18  all    13     0   16    0        5       0     13      0    65
17:12:19  all    13     0   16    0        3       0     13      0    68
17:12:20  all    13     0   14    0        7       0     13      0    66
17:12:21  all    13     0   13    0        6       0     13      0    67
17:12:22  all    14     0   12    0       10       0     14      0    65
17:12:23  all    15     0   13    0        7       0     15      0    65
17:12:24  all    16     0   15    0        5       0     16      0    64
17:12:25  all    13     0   15    0        6       0     12      0    66
17:12:26  all    17     0   14    0        5       0     17      0    64
17:12:27  all    11     0   18    0        3       0     10      0    67
17:12:28  all    15     0   13    0        6       0     16      0    66
17:12:29  all    17     0   11    0        7       0     17      0    65
17:12:30  all    12     0   16    0        4       0     12      0    67
17:12:31  all    16     0   15    0        6       0     15      0    63
17:12:32  all    14     0   15    0        5       0     14      0    66
17:12:33  all    15     0   13    0        4       0     14      0    67
17:12:34  all    16     0   12    0        3       0     17      0    69
17:12:35  all    14     0   16    0        6       0     13      0    64
17:12:36  all    14     0   15    0        4       0     14      0    66
17:12:37  all    16     0   13    0        4       0     16      0    67
17:12:38  all    16     0   14    0        2       0     16      0    67
17:12:39  all    14     0   16    0        6       0     13      0    64
17:12:40  all    14     0   15    0        5       0     14      0    65
17:12:41  all    13     0   15    0        9       0     14      0    64
17:12:42  all    14     0   13    0        5       0     14      1    66
17:12:43  all    14     0   15    0        7       0     14      0    64
17:12:44  all    13     0   13    0        8       0     12      0    66
17:12:45  all    13     0   13    0        6       0     12      0    68
17:12:46  all    12     0   18    0        3       0     13      0    67
17:12:47  all    13     0   16    0        6       0     12      0    66
17:12:48  all    11     0   15    0       10       0     11      0    65
17:12:49  all    15     0   14    0        6       0     16      0    65
17:12:50  all    16     0   11    0        6       0     14      0    68
17:12:51  all    14     0   13    0        5       0     14      0    67
17:12:52  all    13     0   14    0        5       0     13      0    67
17:12:53  all    12     0   17    0        5       0     12      0    66
17:12:54  all    19     0   12    0        3       0     18      1    65
17:12:55  all    15     0   12    0        7       0     15      0    66
17:12:56  all    12     0   13    0       10       0     12      0    65
17:12:57  all    14     0   16    0        4       0     14      0    66
17:12:58  all    17     0   13    0        4       0     17      0    65
17:12:59  all    14     0   21    0        5       0     14      0    60
17:13:00  all    14     0   16    0        6       0     14      0    64
17:13:01  all    13     0   13    0        6       0     12      0    68
17:13:02  all    14     0   16    0        5       0     14      0    65
17:13:03  all    13     0   15    0        7       0     13      0    65
17:13:04  all    16     0   15    0        6       0     16      0    64
17:13:05  all    12     0   18    0        3       0     13      0    67
17:13:06  all    15     0   13    0        8       0     15      0    65
17:13:07  all    13     0   14    0        9       0     12      0    64
17:13:08  all    10     0   19    0        6       0     10      0    65
17:13:09  all    10     0   20    0        5       0     10      0    65
17:13:10  all    14     0   17    0        5       0     14      0    64
17:13:11  all    16     0   12    0        8       0     15      0    64
17:13:12  all    12     0   15    0        5       0     13      0    67
17:13:13  all    16     0   12    0        6       0     15      0    66
17:13:14  all    12     0   14    0        6       0     12      0    68
17:13:15  all    14     0   17    0        3       0     14      0    66
17:13:16  all    15     0   14    0        6       0     14      0    65
17:13:17  all    13     0   13    0        6       0     13      0    67
17:13:18  all    11     0   17    0        7       0     11      0    65
17:13:19  all    13     0   16    0        5       0     12      0    66
17:13:20  all    14     0   16    0        5       0     13      0    65
17:13:21  all    12     0   16    0        5       0     13      0    66
17:13:22  all    13     0   16    0        9       0     13      0    63
17:13:23  all    17     0   18    0        4       0     17      1    59
17:13:24  all    17     0   16    0        5       0     16      0    62
17:13:25  all    18     0   18    0        5       0     19      0    58
17:13:26  all    20     0   13    0        5       0     19      0    62
17:13:27  all    10     0   16    0        3       0     10      0    70
17:13:28  all    15     0   12    0        7       0     15      0    66
17:13:29  all    13     0   16    0        6       0     13      0    65
17:13:30  all    13     0   15    0       10       0     13      0    63
17:13:31  all    13     0   12    0        7       0     13      0    68
17:13:32  all    11     0   15    0        8       0     11      0    66
17:13:33  all    15     0   14    0        4       0     14      0    66
17:13:34  all     9     0   17    0        7       0      9      0    68
17:13:35  all    11     0   15    0        7       0     11      0    67
17:13:36  all    13     0   13    0        7       0     14      0    67
17:13:37  all    13     0   15    0        6       0     13      0    66
17:13:38  all    14     0   16    0        5       0     13      0    65
17:13:39  all    10     0   16    0        7       0      9      0    67
17:13:40  all    13     0   16    0        4       0     13      0    67
17:13:41  all    13     0   12    0        8       0     13      0    67
17:13:42  all    11     0   16    0        7       0     11      0    67
17:13:44  all    16     0   12    0        8       0     16      0    65
17:13:45  all    10     0   18    0        5       0     10      0    66
17:13:46  all    13     0   18    0        5       0     13      0    64
17:13:47  all    17     0   13    0        5       0     17      0    65
17:13:48  all    17     0   12    0        3       0     17      0    67
17:13:49  all    13     0   15    0        7       0     13      0    65
17:13:50  all    15     0   12    0        8       0     15      0    65
17:13:51  all    14     0   13    0        5       0     14      0    67
17:13:52  all    12     0   14    0        5       0     12      0    68
17:13:53  all    15     0   12    0        6       0     15      0    67
17:13:54  all    12     0   17    0        5       0     12      0    65
17:13:55  all    12     0   16    0        9       0     12      0    64
17:13:56  all    11     0   18    0        5       0     11      0    66
17:13:57  all     8     0   18    0        5       0      8      0    68
17:13:58  all     0     0    0    0        0       0      0      0   100
17:13:59  all     0     0    0    0        0       0      0      1    99
17:14:00  all     0     0    0    0        0       0      0      0   100
17:14:01  all     0     0    0    0        0       0      0      0   100
17:14:02  all     0     0    0    0        0       0      0      0   100
17:14:03  all     0     0    0    0        0       0      0      1    99
17:14:04  all     1     0    0    0        0       0      1      0    99
17:14:05  all     0     0    0    0        0       0      0      1    99
17:14:06  all     0     0    0    0        0       0      0      0   100
