
o41  4.10.0-42-generic  #46~16.04.1-Ubuntu SMP Mon Dec 4 15:57:59 UTC 2017  x86_64  2017/12/26

-------------------------- analysis date: 2017/12/26 --------------------------

20:12:26  cpu  %usr %nice %sys %irq %softirq  %steal %guest  %wait %idle  _cpu_
20:12:27  all     0     0    0    0        0       0      0      0   100
20:12:28  all     0     0    0    0        0       0      0      0   100
20:12:29  all     0     0    1    0        0       0      0      1    98
20:12:30  all     0     0    0    0        0       0      0      0   100
20:12:31  all     1     0    0    0        0       0      0      0    99
20:12:32  all     0     0    1    0        0       0      0      0    99
20:12:33  all     0     0    0    0        0       0      0      0   100
20:12:34  all     0     0    0    0        0       0      0      0   100
20:12:35  all     0     0    1    0        0       0      0      0    99
20:12:36  all    19     0   18    0        5       0     13      0    57
20:12:37  all    23     0   14    0        3       0     12      0    59
20:12:38  all    24     0   14    0        2       0     16      0    60
20:12:39  all    24     0   13    0        0       0     11      0    62
20:12:40  all    17     0   20    0        2       0      8      0    61
20:12:41  all    20     0   19    0        4       0     10      0    58
20:12:42  all    20     0   17    0        4       0     11      0    59
20:12:43  all    20     0   18    0        4       0      9      0    57
20:12:44  all    23     0   16    0        1       0     13      1    58
20:12:45  all    20     0   19    0        2       0     12      0    59
20:12:46  all    22     0   12    0        4       0     11      0    62
20:12:47  all    20     0   15    0        3       0     10      0    62
20:12:48  all    20     0   19    0        2       0      8      0    59
20:12:49  all    21     0   18    0        4       0     11      0    57
20:12:50  all    22     0   16    0        3       0     11      0    59
20:12:51  all    17     0   21    0        4       0     10      0    58
20:12:52  all    22     0   16    0        4       0     10      0    58
20:12:53  all    20     0   18    0        3       0      9      0    59
20:12:54  all    22     0   15    0        4       0     12      0    59
20:12:55  all    18     0   18    0        2       0     10      0    61
20:12:56  all    20     0   18    0        5       0      6      0    57
20:12:57  all    20     0   19    0        3       0     11      0    57
20:12:58  all    25     0   13    0        4       0     13      0    58
20:12:59  all    21     0   20    0        6       0      9      0    54
20:13:00  all    17     0   22    0        3       0     10      0    57
20:13:01  all    21     0   16    0        5       0      9      0    58
20:13:02  all    22     0   16    0        2       0      8      0    60
20:13:03  all    20     0   18    0        1       0      8      0    61
20:13:04  all    18     0   16    0        1       0      8      0    64
20:13:05  all    19     0   17    0        4       0      9      0    60
20:13:06  all    20     0   14    0        1       0     10      0    65
20:13:07  all    18     0   17    0        2       0      8      1    61
20:13:08  all    21     0   15    0        4       0     12      0    60
20:13:09  all    22     0   17    0        1       0     12      0    60
20:13:10  all    25     0   15    0        2       0      9      0    58
20:13:11  all    22     0   18    0        1       0     12      0    58
20:13:12  all    20     0   22    0        1       0     10      0    57
20:13:13  all    20     0   20    0        2       0     10      0    58
20:13:14  all    23     0   11    0        3       0     12      0    63
20:13:15  all    16     0   20    0        5       0      9      0    59
20:13:16  all    19     0   19    0        2       0      6      0    59
20:13:17  all    20     0   14    0        6       0     10      0    60
20:13:18  all    16     0   19    0        3       0     11      0    62
20:13:19  all    22     0   17    0        2       0     12      0    59
20:13:20  all    21     0   16    0        0       0     12      0    63
20:13:21  all    16     0   19    0        2       0      7      0    63
20:13:22  all    18     0   22    0        0       0     10      0    60
20:13:23  all    23     0   14    0        3       0     12      0    60
20:13:24  all    18     0   21    0        2       0     11      0    59
20:13:25  all    18     0   19    0        4       0     11      0    59
20:13:26  all    22     0   18    0        3       0     12      0    57
20:13:27  all    22     0   15    0        3       0     12      0    60
20:13:28  all    18     0   18    0        2       0      9      0    63
20:13:29  all    21     0   14    0        3       0     10      0    62
20:13:30  all    20     0   17    0        3       0     11      0    60
20:13:31  all    18     0   16    0        4       0      9      0    62
20:13:32  all    20     0   18    0        3       0     11      0    59
20:13:33  all    18     0   16    0        1       0     13      0    64
20:13:34  all    18     0   17    0        2       0      9      0    62
20:13:35  all    19     0   16    0        2       0     10      0    63
20:13:36  all    23     0   14    0        3       0      9      0    60
20:13:37  all    24     0   16    0        2       0     13      0    58
20:13:38  all    20     0   17    0        2       0     12      0    61
20:13:39  all    19     0   18    0        2       0     10      0    61
20:13:40  all    25     0    8    0        4       0     18      0    63
20:13:41  all    19     0   17    0        4       0      5      0    60
20:13:42  all    20     0   18    0        6       0     12      0    56
20:13:43  all    28     0   10    0        3       0     14      0    59
20:13:44  all    20     0   19    0        8       0      7      0    54
20:13:45  all    20     0   18    0        6       0      8      0    57
20:13:46  all    28     0   13    0        2       0     16      0    57
20:13:47  all    20     0   23    0        4       0      7      0    52
20:13:48  all    22     0   19    0        1       0     12      1    57
20:13:49  all    24     0    7    0        3       0     14      0    66
20:13:50  all    19     0   25    0        0       0      7      0    56
20:13:51  all    23     0   19    0        2       0      4      0    56
20:13:52  all    22     0   20    0        0       0     12      0    59
20:13:53  all    26     0   16    0        1       0     13      0    56
20:13:54  all    20     0   23    0        0       0     10      0    57
20:13:55  all    19     0   20    0        1       0     10      0    60
20:13:56  all    20     0   19    0        0       0     10      0    61
20:13:57  all    20     0   11    0        3       0     10      0    66
20:13:58  all    17     0   20    0        5       0      9      0    58
20:13:59  all    22     0   14    0        2       0     10      0    61
20:14:00  all    19     0   19    0        5       0      9      0    57
20:14:01  all    17     0   21    0        6       0      6      0    55
20:14:02  all    25     0   11    0        8       0     16      0    57
20:14:03  all    27     0   11    0        3       0     19      0    59
20:14:04  all    24     0   17    0        3       0     12      0    56
20:14:05  all    20     0   17    0        2       0     10      0    61
20:14:06  all    21     0   21    0        2       0     10      0    57
20:14:07  all    24     0   17    0        2       0      9      0    57
20:14:08  all    17     0   18    0        2       0     10      0    63
20:14:09  all    19     0   18    0        1       0     10      0    62
20:14:10  all    16     0   18    0        1       0      9      0    65
20:14:11  all    22     0   16    0        2       0     11      0    60
20:14:12  all    21     0   13    0        4       0      9      0    62
20:14:13  all    20     0   20    0        2       0     12      0    58
20:14:14  all    23     0   15    0        4       0     11      0    58
20:14:15  all    20     0   16    0        3       0      9      0    61
20:14:16  all    21     0   14    0        2       0     10      0    63
20:14:17  all    19     0   16    0        2       0      9      0    63
20:14:18  all    20     0   18    0        1       0      9      0    62
20:14:19  all    19     0   17    0        4       0      9      0    60
20:14:20  all    19     0   18    0        4       0      7      0    59
20:14:21  all    21     0   16    0        2       0      9      0    60
20:14:22  all    23     0   18    0        3       0      8      0    55
20:14:23  all    17     0   27    0        4       0      6      1    51
20:14:24  all    22     0   29    0        1       0     13      0    48
20:14:25  all    30     0   16    0        6       0     15      0    48
20:14:26  all    27     0   20    0        6       0     13      0    47
20:14:27  all    20     0   28    0        6       0     10      0    47
20:14:28  all    27     0   21    0        6       0     14      0    46
20:14:29  all    22     0   26    0        5       0      6      0    48
20:14:30  all    26     0   17    0        3       0      3      0    53
20:14:31  all    14     0   29    0        2       0      5      0    55
20:14:32  all    14     0   26    0        1       0      2      0    60
20:14:33  all    20     0   15    0        2       0     15      0    63
20:14:34  all    26     0    8    0        0       0     22      0    66
20:14:35  all    17     0   18    0        2       0     11      0    63
20:14:36  all     2     0    3    0        1       0      1      0    94
20:14:37  all     0     0    0    0        0       0      0      0   100
20:14:38  all     0     0    1    0        0       0      0      0    99
20:14:39  all     0     0    0    0        0       0      0      0   100
20:14:40  all     0     0    0    0        0       0      0      0   100
20:14:41  all     0     0    0    0        0       0      0      0   100
20:14:42  all     0     0    0    0        0       0      0      0   100
20:14:43  all     0     0    0    0        0       0      0      0   100
