
o41  4.14.3  #1 SMP Sat Dec 2 23:29:58 EST 2017  x86_64  2017/12/03

-------------------------- analysis date: 2017/12/03 --------------------------

16:56:44  cpu  %usr %nice %sys %irq %softirq  %steal %guest  %wait %idle  _cpu_
16:56:45  all     0     0    0    0        0       0      0      0   100
16:56:46  all     0     0    0    0        0       0      0      0   100
16:56:47  all     0     0    1    0        0       0      0      0    99
16:56:48  all     2     0    0    0        0       0      2      0    98
16:56:49  all     0     0    1    0        0       0      0      0    99
16:56:50  all     1     0    0    0        0       0      0      0    99
16:56:51  all     0     0    0    0        0       0      0      0   100
16:56:52  all     0     0    0    0        0       0      0      0   100
16:56:53  all     0     0    0    0        0       0      0      0   100
16:56:54  all     0     0    1    0        0       0      0      0    99
16:56:55  all     1     0    0    0        0       0      0      0    99
16:56:56  all    15     0    8    0        0       0     14      0    77
16:56:57  all    12     0    7    0        0       0     12      1    80
16:56:58  all    14     0   10    0        0       0     14      0    76
16:56:59  all    13     0   11    0        0       0     12      0    76
16:57:00  all    16     0   11    0        0       0     16      0    73
16:57:01  all    16     0   11    0        0       0     16      0    73
16:57:02  all    17     0   11    0        0       0     17      0    72
16:57:03  all    15     0   10    0        0       0     15      0    75
16:57:04  all    12     0    9    0        0       0     12      0    78
16:57:05  all    14     0   11    0        0       0     13      0    75
16:57:06  all    14     0    8    0        0       0     14      1    77
16:57:07  all    17     0    9    0        0       0     17      0    74
16:57:08  all    12     0    9    0        0       0     12      0    78
16:57:09  all    16     0    8    0        0       0     16      0    77
16:57:10  all    12     0    8    0        0       0     12      0    80
16:57:11  all    20     0    8    0        0       0     19      0    72
16:57:12  all    15     0   10    0        0       0     15      0    75
16:57:13  all    16     0   10    0        0       0     16      0    74
16:57:14  all    13     0    8    0        0       0     13      0    79
16:57:15  all    19     0    7    0        0       0     18      0    73
16:57:16  all    12     0    8    0        0       0     12      0    80
16:57:17  all    16     0   11    0        0       0     16      0    73
16:57:18  all    17     0    8    0        0       0     16      0    75
16:57:19  all    18     0    7    0        0       0     18      0    76
16:57:20  all    16     0    7    0        0       0     16      0    78
16:57:21  all    14     0    9    0        0       0     14      0    77
16:57:22  all    15     0    7    0        0       0     13      0    79
16:57:23  all    15     0   11    0        0       0     15      0    74
16:57:24  all    20     0    7    0        0       0     21      0    73
16:57:25  all    14     0   10    0        0       0     14      0    76
16:57:26  all    17     0    9    0        0       0     17      0    74
16:57:27  all    13     0    8    0        0       0     13      0    79
16:57:28  all    12     0    8    0        0       0     10      0    80
16:57:29  all    11     0    8    0        0       0     11      0    80
16:57:30  all    17     0    7    0        0       0     17      1    75
16:57:31  all    15     0    7    0        0       0     14      0    78
16:57:32  all    12     0    7    0        0       0     12      0    81
16:57:33  all    18     0    9    0        0       0     18      0    73
16:57:34  all    13     0   10    0        0       0     13      0    77
16:57:35  all    17     0    7    0        0       0     18      0    76
16:57:36  all    18     0    7    0        0       0     18      0    75
16:57:37  all    14     0    9    0        0       0     13      0    77
16:57:38  all    13     0   10    0        0       0     13      0    77
16:57:39  all    13     0    7    0        0       0     14      0    80
16:57:40  all    15     0   10    0        0       0     14      0    75
16:57:41  all    10     0   14    0        0       0     11      1    75
16:57:42  all    16     0    9    0        0       0     16      0    75
16:57:43  all    13     0   11    0        0       0     13      0    76
16:57:44  all    12     0   14    0        0       0     11      0    74
16:57:45  all    13     0   10    0        0       0     13      0    77
16:57:46  all    16     0    7    0        0       0     17      0    78
16:57:47  all    18     0    6    0        0       0     17      0    77
16:57:48  all    14     0   10    0        0       0     15      0    76
16:57:49  all    14     0   12    0        0       0     14      0    74
16:57:50  all    15     0    8    0        0       0     15      0    77
16:57:51  all    18     0    6    0        0       0     18      0    77
16:57:52  all    13     0   10    0        0       0     13      0    77
16:57:53  all    17     0    7    0        0       0     17      0    77
16:57:54  all    13     0   11    0        0       0     13      0    76
16:57:55  all    18     0    8    0        0       0     17      0    74
16:57:56  all    14     0   10    0        0       0     15      0    76
16:57:57  all    13     0   13    0        0       0     13      0    74
16:57:58  all    17     0    6    0        0       0     16      0    78
16:57:59  all    13     0   10    0        0       0     13      0    77
16:58:00  all    13     0   10    0        0       0     14      0    77
16:58:01  all    12     0    9    0        0       0     12      0    79
16:58:02  all    16     0    7    0        0       0     16      0    77
16:58:03  all    16     0    7    0        0       0     15      0    78
16:58:04  all    16     0    8    0        0       0     17      0    76
16:58:05  all    17     0    8    0        0       0     16      0    75
16:58:06  all    14     0    8    0        0       0     14      1    77
16:58:07  all    16     0    8    0        0       0     16      0    76
16:58:08  all    10     0    9    0        0       0     10      0    80
16:58:09  all    18     0    9    0        0       0     19      0    73
16:58:10  all    13     0   11    0        0       0     12      0    76
16:58:11  all    16     0   11    0        0       0     17      0    74
16:58:12  all    17     0    9    0        0       0     16      0    74
16:58:13  all    13     0   14    0        0       0     14      0    73
16:58:14  all    18     0    5    0        0       0     18      0    77
16:58:15  all    14     0   12    0        0       0     14      0    74
16:58:16  all    12     0   11    0        0       0     12      0    77
16:58:17  all    13     0   14    0        0       0     13      0    72
16:58:18  all    15     0    6    0        0       0     14      0    79
16:58:19  all    14     0    9    0        0       0     15      0    77
16:58:20  all    13     0    8    0        0       0     13      0    79
16:58:21  all    15     0   12    0        0       0     15      0    74
16:58:22  all    13     0   10    0        0       0     13      0    77
16:58:23  all    16     0   11    0        0       0     16      0    74
16:58:24  all    16     0    9    0        0       0     16      0    75
16:58:25  all    15     0    8    0        0       0     15      0    77
16:58:26  all    16     0    7    0        0       0     16      0    77
16:58:27  all    16     0    7    0        0       0     16      0    78
16:58:28  all    12     0   11    0        0       0     12      0    77
16:58:29  all    13     0   10    0        0       0     13      0    77
16:58:30  all    15     0   12    0        0       0     15      0    74
16:58:31  all    17     0    8    0        0       0     17      0    75
16:58:32  all    15     0   10    0        0       0     15      0    75
16:58:33  all    15     0    9    0        0       0     15      0    76
16:58:34  all    15     0   10    0        0       0     14      0    75
16:58:35  all    14     0   11    0        0       0     14      0    75
16:58:36  all    15     0   10    0        0       0     15      0    75
16:58:37  all    14     0    9    0        0       0     15      0    77
16:58:38  all    17     0    8    0        0       0     16      0    75
16:58:39  all    13     0    9    0        0       0     15      0    78
16:58:40  all    19     0   14    0        0       0     16      0    67
16:58:41  all    13     0   11    0        0       0     13      0    76
16:58:42  all    17     0    9    0        0       0     17      0    74
16:58:43  all    13     0    9    0        0       0     14      0    78
16:58:44  all    15     0   11    0        0       0     14      0    74
16:58:45  all    11     0    9    0        0       0     11      1    78
16:58:46  all    13     0    9    0        0       0     13      0    78
16:58:47  all    12     0   11    0        0       0     12      0    77
16:58:48  all    15     0   10    0        0       0     15      0    75
16:58:49  all    18     0    9    0        0       0     18      0    73
16:58:50  all    13     0   10    0        0       0     13      0    77
16:58:51  all    18     0    9    0        0       0     18      0    73
16:58:52  all    16     0    7    0        0       0     18      0    77
16:58:53  all    17     0    9    0        0       0     16      0    74
16:58:54  all    17     0   10    0        0       0     17      0    73
16:58:55  all    14     0   11    0        0       0     14      0    75
16:58:56  all     4     0    2    0        0       0      4      0    94
16:58:57  all     0     0    0    0        0       0      0      0   100
16:58:58  all     0     0    0    0        0       0      0      0   100
16:58:59  all     0     0    0    0        0       0      0      0   100
16:59:00  all     0     0    0    0        0       0      0      0   100
16:59:01  all     0     0    1    0        0       0      0      1    98
16:59:02  all     0     0    0    0        0       0      0      0   100
16:59:03  all     0     0    1    0        0       0      0      0    99
16:59:04  all     1     0    0    0        0       0      0      0    99
16:59:05  all     0     0    0    0        0       0      0      0   100
