
o41  4.14.3  #1 SMP Sat Dec 2 23:29:58 EST 2017  x86_64  2017/12/03

-------------------------- analysis date: 2017/12/03 --------------------------

16:13:30  cpu  %usr %nice %sys %irq %softirq  %steal %guest  %wait %idle  _cpu_
16:13:31  all   100     0    0    0        0       0    100      0     0
16:13:32  all   100     0    0    0        0       0    100      0     0
16:13:33  all   100     0    0    0        0       0    100      0     0
16:13:34  all   100     0    0    0        0       0    100      0     0
16:13:35  all   100     0    0    0        0       0    100      0     0
16:13:36  all   100     0    0    0        0       0    100      0     0
16:13:37  all   100     0    0    0        0       0    100      0     0
16:13:38  all   100     0    0    0        0       0    100      0     0
16:13:39  all   100     0    0    0        0       0    100      0     0
16:13:40  all    99     0    1    0        0       0     99      0     0
16:13:41  all    99     0    1    0        0       0     98      0     0
16:13:42  all   100     0    0    0        0       0    101      0     0
16:13:43  all    99     0    1    0        0       0     99      0     0
16:13:44  all    98     0    2    0        0       0     97      0     0
16:13:45  all    99     0    1    0        0       0     99      0     0
16:13:46  all    99     0    1    0        0       0     99      0     0
16:13:47  all    99     0    1    0        0       0     99      0     0
16:13:48  all   100     0    0    0        0       0    100      0     0
16:13:49  all    99     0    1    0        0       0     99      0     0
16:13:50  all    99     0    1    0        0       0     99      0     0
16:13:51  all    99     0    1    0        0       0     99      0     0
16:13:52  all    98     0    2    0        0       0     98      0     0
16:13:53  all    98     0    2    0        0       0     98      0     0
16:13:54  all    99     0    1    0        0       0     99      0     0
16:13:55  all    99     0    1    0        0       0     99      0     0
16:13:56  all    98     0    2    0        0       0     98      0     0
16:13:57  all    99     0    1    0        0       0     99      0     0
16:13:58  all    98     0    2    0        0       0     98      0     0
16:13:59  all    99     0    1    0        0       0     99      0     0
16:14:00  all    98     0    2    0        0       0     98      0     0
16:14:01  all   100     0    0    0        0       0    100      0     0
16:14:02  all   100     0    0    0        0       0    100      0     0
16:14:03  all   100     0    0    0        0       0    100      0     0
16:14:04  all    98     0    2    0        0       0     98      0     0
16:14:05  all    98     0    2    0        0       0     98      0     0
16:14:06  all    98     0    2    0        0       0     98      0     0
16:14:07  all    99     0    1    0        0       0     99      0     0
16:14:08  all    99     0    1    0        0       0     99      0     0
16:14:09  all    98     0    2    0        0       0     98      0     0
16:14:10  all   100     0    0    0        0       0    100      0     0
16:14:11  all    98     0    2    0        0       0     98      0     0
16:14:12  all    98     0    2    0        0       0     98      0     0
16:14:13  all    99     0    1    0        0       0     99      0     0
16:14:14  all    99     0    1    0        0       0     99      0     0
16:14:15  all    99     0    1    0        0       0     99      0     0
16:14:16  all    99     0    1    0        0       0     99      0     0
16:14:17  all    99     0    1    0        0       0     99      0     0
16:14:18  all    99     0    1    0        0       0     99      0     0
16:14:19  all    99     0    1    0        0       0     99      0     0
16:14:20  all    98     0    2    0        0       0     98      0     0
16:14:21  all    99     0    1    0        0       0     99      0     0
16:14:22  all    99     0    1    0        0       0     99      0     0
16:14:23  all    99     0    1    0        0       0     99      0     0
16:14:24  all    99     0    1    0        0       0     99      0     0
16:14:25  all    99     0    1    0        0       0     99      0     0
16:14:26  all    98     0    2    0        0       0     98      0     0
16:14:27  all    99     0    1    0        0       0     99      0     0
16:14:28  all    98     0    2    0        0       0     98      0     0
16:14:29  all    99     0    1    0        0       0     99      0     0
16:14:30  all   100     0    0    0        0       0    100      0     0
16:14:31  all   100     0    0    0        0       0    100      0     0
16:14:32  all   100     0    0    0        0       0    100      0     0
16:14:33  all    99     0    1    0        0       0     99      0     0
16:14:34  all    99     0    1    0        0       0     99      0     0
16:14:35  all    98     0    2    0        0       0     98      0     0
16:14:36  all   100     0    0    0        0       0    100      0     0
16:14:37  all    98     0    2    0        0       0     98      0     0
16:14:38  all   100     0    0    0        0       0     99      0     0
16:14:39  all   100     0    0    0        0       0    101      0     0
16:14:40  all    98     0    2    0        0       0     98      0     0
16:14:41  all   100     0    0    0        0       0    100      0     0
16:14:42  all    99     0    1    0        0       0     98      0     0
16:14:43  all    99     0    1    0        0       0    100      0     0
16:14:44  all    98     0    2    0        0       0     98      0     0
16:14:45  all    99     0    1    0        0       0     99      0     0
16:14:46  all    99     0    1    0        0       0     99      0     0
16:14:47  all    99     0    1    0        0       0     99      0     0
16:14:48  all    98     0    2    0        0       0     97      0     0
16:14:49  all    99     0    1    0        0       0    100      0     0
16:14:50  all    98     0    2    0        0       0     97      0     0
16:14:51  all    98     0    2    0        0       0     99      0     0
16:14:52  all    99     0    1    0        0       0     99      0     0
16:14:53  all    97     0    3    0        0       0     97      0     0
16:14:54  all   100     0    0    0        0       0    100      0     0
16:14:55  all    99     0    1    0        0       0     99      0     0
16:14:56  all    97     0    3    0        0       0     97      0     0
16:14:57  all   100     0    0    0        0       0    100      0     0
16:14:58  all    99     0    1    0        0       0     99      0     0
16:14:59  all    99     0    1    0        0       0     99      0     0
16:15:00  all    98     0    2    0        0       0     98      0     0
16:15:01  all   100     0    0    0        0       0     99      0     0
16:15:02  all   100     0    0    0        0       0    100      0     0
16:15:03  all    99     0    1    0        0       0     99      0     0
16:15:04  all    98     0    2    0        0       0     99      0     0
16:15:05  all    99     0    1    0        0       0     98      0     0
16:15:06  all    99     0    1    0        0       0     99      0     0
16:15:07  all   100     0    0    0        0       0    101      0     0
16:15:08  all    99     0    1    0        0       0     98      0     0
16:15:09  all    98     0    2    0        0       0     98      0     0
16:15:10  all    98     0    2    0        0       0     98      0     0
16:15:11  all   100     0    0    0        0       0    100      0     0
16:15:12  all    99     0    1    0        0       0     99      0     0
16:15:13  all    99     0    1    0        0       0     99      0     0
16:15:14  all    99     0    1    0        0       0     99      0     0
16:15:15  all    98     0    2    0        0       0     98      0     0
16:15:16  all    99     0    1    0        0       0     99      0     0
16:15:17  all    99     0    1    0        0       0     99      0     0
16:15:18  all    99     0    1    0        0       0     98      0     0
16:15:19  all    99     0    1    0        0       0    100      0     0
16:15:20  all    98     0    2    0        0       0     98      0     0
16:15:21  all    99     0    1    0        0       0     98      0     0
16:15:22  all    99     0    1    0        0       0    100      0     0
16:15:23  all    99     0    1    0        0       0     98      0     0
16:15:24  all    99     0    1    0        0       0    100      0     0
16:15:25  all    99     0    1    0        0       0     99      0     0
16:15:26  all   100     0    0    0        0       0    100      0     0
16:15:27  all    99     0    1    0        0       0     99      0     0
16:15:28  all    99     0    1    0        0       0     99      0     0
16:15:29  all    98     0    2    0        0       0     98      0     0
16:15:30  all    97     0    3    0        0       0     97      0     0
16:15:31  all   100     0    0    0        0       0    100      0     0
16:15:32  all    99     0    1    0        0       0     98      0     0
16:15:33  all   100     0    0    0        0       0    100      0     0
16:15:34  all    98     0    2    0        0       0     98      0     0
16:15:35  all    96     0    4    0        0       0     94      0     0
16:15:36  all    99     0    1    0        0       0     99      0     0
16:15:37  all    99     0    1    0        0       0     99      0     0
16:15:38  all   100     0    0    0        0       0    100      0     0
16:15:39  all    98     0    2    0        0       0     98      0     0
16:15:40  all   100     0    0    0        0       0    100      0     0
16:15:41  all   100     0    0    0        0       0    100      0     0
16:15:42  all   100     0    0    0        0       0    100      0     0
16:15:43  all   100     0    0    0        0       0    100      0     0
16:15:44  all   100     0    0    0        0       0    100      0     0
16:15:45  all   100     0    0    0        0       0    100      0     0
16:15:46  all   100     0    0    0        0       0    100      0     0
16:15:47  all   100     0    0    0        0       0    100      0     0
16:15:48  all   100     0    0    0        0       0    100      0     0
16:15:49  all   100     0    0    0        0       0    100      0     0
