
o41  4.10.0-40-generic  #44~16.04.1-Ubuntu SMP Thu Nov 9 15:37:44 UTC 2017  x86_64  2017/11/29

-------------------------- analysis date: 2017/11/29 --------------------------

16:15:34  cpu  %usr %nice %sys %irq %softirq  %steal %guest  %wait %idle  _cpu_
16:15:35  all     0     0    0    0        0       0      0      0   100
16:15:36  all     0     0    0    0        0       0      0      0   100
16:15:37  all     2     0    0    0        0       0      1      0    98
16:15:38  all     0     0    0    0        0       0      0      1    99
16:15:39  all     0     0    0    0        0       0      0      0   100
16:15:40  all     0     0    0    0        0       0      0      0   100
16:15:41  all     0     0    0    0        0       0      0      0   100
16:15:42  all     0     0    0    0        0       0      0      0   100
16:15:43  all    16     0    8    0        0       0     16      0    76
16:15:44  all    13     0    9    0        0       0     13      0    78
16:15:45  all    10     0   10    0        0       0     10      0    80
16:15:46  all    14     0    9    0        0       0     14      0    77
16:15:47  all    12     0   10    0        0       0     12      0    77
16:15:48  all    11     0   12    0        0       0     11      1    75
16:15:49  all    13     0    4    0        0       0     13      0    82
16:15:50  all    15     0    8    0        0       0     15      0    77
16:15:51  all    15     0    7    0        0       0     15      0    78
16:15:52  all    14     0    8    0        0       0     14      0    78
16:15:53  all    12     0    9    0        0       0     12      0    79
16:15:54  all    14     0    9    0        0       0     14      0    78
16:15:55  all    13     0   10    0        0       0     13      0    78
16:15:56  all    16     0    7    0        0       0     16      0    77
16:15:57  all    12     0    8    0        0       0     11      0    80
16:15:58  all    13     0   10    0        0       0     13      0    76
16:15:59  all    10     0    7    0        0       0     11      0    84
16:16:00  all    11     0    9    0        0       0     11      0    80
16:16:01  all    10     0   10    0        0       0     10      0    80
16:16:02  all    15     0    8    0        0       0     15      0    77
16:16:03  all    12     0    8    0        0       0     11      0    81
16:16:04  all    12     0   10    0        0       0     13      0    78
16:16:05  all    12     0    6    0        0       0     12      0    82
16:16:06  all    14     0    8    0        0       0     14      0    78
16:16:07  all    12     0    9    0        0       0     11      0    80
16:16:08  all    15     0    5    0        0       0     15      0    80
16:16:09  all    12     0    8    0        0       0     12      0    80
16:16:10  all    14     0    8    0        0       0     13      0    78
16:16:11  all    13     0    6    0        0       0     14      0    81
16:16:12  all     9     0   12    0        0       0      9      0    80
16:16:13  all    12     0   10    0        0       0     12      1    78
16:16:14  all    17     0    6    0        0       0     17      0    77
16:16:15  all    12     0    7    0        0       0     11      0    82
16:16:16  all    15     0    5    0        0       0     16      0    80
16:16:17  all    13     0    7    0        0       0     13      0    80
16:16:18  all    11     0   10    0        0       0     11      0    80
16:16:19  all    13     0    8    0        0       0     13      0    79
16:16:20  all    14     0   10    0        0       0     14      0    75
16:16:21  all    11     0    9    0        0       0     11      0    81
16:16:22  all    12     0    8    0        0       0     12      0    80
16:16:23  all    12     0    9    0        0       0     11      0    79
16:16:24  all    13     0    9    0        0       0     13      0    78
16:16:25  all    15     0    7    0        0       0     15      0    78
16:16:26  all    16     0    8    0        0       0     16      0    76
16:16:27  all    12     0   10    0        0       0     11      0    79
16:16:28  all    15     0    9    0        0       0     15      0    76
16:16:29  all    14     0    9    0        0       0     14      0    78
16:16:30  all    11     0    6    0        0       0     11      0    83
16:16:31  all    12     0    9    0        0       0     11      0    80
16:16:32  all    13     0    8    0        0       0     14      0    80
16:16:33  all    11     0    9    0        0       0     10      0    80
16:16:34  all    11     0    9    0        0       0     11      0    81
16:16:35  all    10     0   12    0        0       0     10      0    77
16:16:36  all    10     0    8    0        0       0     10      0    82
16:16:37  all     9     0   11    0        0       0      9      0    80
16:16:38  all    14     0    9    0        0       0     14      0    76
16:16:39  all    12     0   11    0        0       0     12      0    78
16:16:40  all    14     0    6    0        0       0     14      0    80
16:16:41  all    12     0   11    0        0       0     12      0    76
16:16:42  all    16     0    7    0        0       0     16      1    75
16:16:43  all    12     0    9    0        0       0     12      0    78
16:16:44  all    14     0    8    0        0       0     14      0    78
16:16:45  all    14     0    8    0        0       0     14      0    78
16:16:46  all    14     0   10    0        0       0     14      0    76
16:16:47  all    17     0    6    0        0       0     17      0    77
16:16:48  all    13     0    9    0        0       0     13      0    78
16:16:49  all    14     0    9    0        0       0     13      0    78
16:16:50  all    12     0    6    0        0       0     12      0    82
16:16:51  all    15     0    7    0        0       0     14      0    78
16:16:52  all    13     0   10    0        0       0     13      0    78
16:16:53  all    12     0    9    0        0       0     12      0    79
16:16:54  all    13     0    9    0        0       0     13      0    78
16:16:55  all    14     0    8    0        0       0     14      0    78
16:16:56  all    16     0    6    0        0       0     16      0    78
16:16:57  all    13     0   11    0        0       0     13      0    77
16:16:58  all    12     0   10    0        0       0     12      0    78
16:16:59  all    11     0    8    0        0       0     11      0    81
16:17:00  all    11     0   10    0        0       0     11      0    78
16:17:01  all    12     0   11    0        0       0     12      0    76
16:17:02  all    12     0    8    0        0       0     11      0    80
16:17:03  all    11     0    8    0        0       0     11      0    81
16:17:04  all    13     0   11    0        0       0     13      0    75
16:17:05  all    13     0    9    0        0       0     13      0    79
16:17:06  all    16     0    4    0        0       0     16      0    80
16:17:07  all    12     0   11    0        0       0     12      0    78
16:17:08  all    13     0    9    0        0       0     13      2    77
16:17:09  all    12     0    9    0        0       0     12      0    79
16:17:10  all    16     0    6    0        0       0     18      0    77
16:17:11  all    15     0    8    0        0       0     12      0    77
16:17:12  all    12     0   11    0        0       0     13      0    78
16:17:13  all    12     0    9    0        0       0     12      1    78
16:17:14  all    17     0    7    0        0       0     17      0    76
16:17:15  all    12     0    8    0        0       0     12      0    80
16:17:16  all     9     0    9    0        0       0      9      0    82
16:17:17  all    13     0    7    0        0       0     12      0    80
16:17:18  all    14     0    7    0        0       0     15      0    79
16:17:19  all    12     0    9    0        0       0     12      0    79
16:17:20  all    15     0    8    0        0       0     15      0    77
16:17:21  all    12     0   11    0        0       0     12      0    78
16:17:22  all    12     0    9    0        0       0     12      0    79
16:17:23  all    11     0    7    0        0       0     11      0    82
16:17:24  all    12     0    5    0        0       0     12      0    82
16:17:25  all    12     0    8    0        0       0     12      0    80
16:17:26  all    13     0    3    0        0       0     13      0    83
16:17:27  all    12     0    5    0        0       0     12      0    82
16:17:28  all    12     0    7    0        0       0     12      0    81
16:17:29  all    11     0    8    0        0       0     10      0    82
16:17:30  all    11     0   10    0        0       0     12      0    78
16:17:31  all    12     0    8    0        0       0     12      0    80
16:17:32  all    12     0   10    0        0       0     12      0    78
16:17:33  all    10     0    8    0        0       0     10      0    82
16:17:34  all    12     0    8    0        0       0     12      0    80
16:17:35  all    14     0    5    0        0       0     14      0    80
16:17:36  all    12     0   10    0        0       0     11      0    77
16:17:37  all    16     0    8    0        0       0     17      0    76
16:17:38  all    10     0    9    0        0       0     10      0    81
16:17:39  all    15     0    8    0        0       0     15      0    77
16:17:40  all    11     0    9    0        0       0     11      0    80
16:17:41  all    13     0    8    0        0       0     13      0    80
16:17:42  all    11     0   10    0        0       0     11      0    79
16:17:43  all     1     0    0    0        0       0      1      0    99
16:17:44  all     0     0    0    0        0       0      0      0   100
16:17:45  all     0     0    0    0        0       0      0      0   100
16:17:46  all     0     0    0    0        0       0      0      0   100
16:17:47  all     0     0    0    0        0       0      0      0   100
16:17:48  all     0     0    0    0        0       0      0      0   100
16:17:49  all     0     0    0    0        0       0      0      0   100
16:17:50  all     0     0    0    0        0       0      0      0   100
16:17:51  all     0     0    0    0        0       0      0      0   100
16:17:52  all     0     0    0    0        0       0      0      0   100
16:17:53  all     0     0    0    0        0       0      0      0   100
