
o41  4.10.0-40-generic  #44~16.04.1-Ubuntu SMP Thu Nov 9 15:37:44 UTC 2017  x86_64  2017/11/29

-------------------------- analysis date: 2017/11/29 --------------------------

16:30:42  cpu  %usr %nice %sys %irq %softirq  %steal %guest  %wait %idle  _cpu_
16:30:43  all     0     0    0    0        0       0      0      0   100
16:30:44  all     0     0    0    0        0       0      0      0   100
16:30:45  all     0     0    0    0        0       0      0      0   100
16:30:46  all     0     0    0    0        0       0      0      0   100
16:30:47  all     1     0    0    0        0       0      1      0    99
16:30:48  all     0     0    0    0        0       0      0      0   100
16:30:49  all     0     0    0    0        0       0      0      0   100
16:30:50  all     0     0    0    0        0       0      0      0   100
16:30:51  all     3     0   11    0        0       0      2      0    86
16:30:52  all     6     0   88    0        6       0      5      0     0
16:30:53  all     4     0   89    0        5       0      5      0     2
16:30:54  all     6     0   89    0        3       0      5      0     2
16:30:55  all     8     0   85    0        6       0      8      0     1
16:30:56  all     8     0   87    0        4       0      9      0     1
16:30:57  all     9     0   84    0        6       0      9      0     1
16:30:58  all     6     0   86    0        6       0      6      0     2
16:30:59  all     7     0   85    0        7       0      6      0     1
16:31:00  all     6     0   88    0        5       0      6      0     1
16:31:01  all     7     0   86    0        6       0      7      0     1
16:31:02  all     8     0   86    0        2       0      8      0     4
16:31:03  all     5     0   85    0        6       0      5      0     4
16:31:04  all     5     0   90    0        4       0      6      0     1
16:31:05  all     6     0   88    0        5       0      5      0     1
16:31:06  all     7     0   87    0        3       0      7      0     3
16:31:07  all     7     0   86    0        6       0      8      0     1
16:31:08  all     9     0   85    0        4       0      8      0     2
16:31:09  all     8     0   88    0        2       0      8      0     2
16:31:10  all     6     0   90    0        3       0      6      0     1
16:31:11  all     6     0   87    0        5       0      6      0     2
16:31:12  all     7     0   86    0        6       0      8      0     1
16:31:13  all     7     0   89    0        3       0      6      0     1
16:31:14  all     6     0   88    0        5       0      6      0     1
16:31:15  all     3     0   90    0        6       0      3      0     1
16:31:16  all     7     0   83    0        6       0      7      0     4
16:31:17  all     5     0   88    0        4       0      6      0     3
16:31:18  all     6     0   88    0        4       0      5      0     2
16:31:19  all     6     0   87    0        5       0      7      0     2
16:31:20  all     8     0   87    0        3       0      8      0     2
16:31:21  all     7     0   86    0        6       0      6      0     1
16:31:22  all     6     0   88    0        4       0      6      0     2
16:31:23  all     4     0   89    0        4       0      4      0     3
16:31:24  all     5     0   87    0        6       0      6      0     2
16:31:25  all     5     0   89    0        4       0      4      0     2
16:31:26  all     5     0   92    0        3       0      5      0     0
16:31:27  all     8     0   85    0        3       0      8      0     4
16:31:28  all     4     0   88    0        6       0      5      0     2
16:31:29  all     7     0   85    0        6       0      6      0     2
16:31:30  all     6     0   87    0        6       0      6      0     1
16:31:31  all     6     0   83    0        8       0      6      0     3
16:31:32  all     7     0   88    0        5       0      7      0     0
16:31:33  all     4     0   90    0        4       0      4      0     2
16:31:34  all     5     0   92    0        3       0      5      0     0
16:31:35  all     7     0   87    0        5       0      7      0     1
16:31:36  all     9     0   84    0        6       0      9      0     1
16:31:37  all     6     0   91    0        3       0      6      0     0
16:31:38  all     7     0   86    0        6       0      8      0     1
16:31:39  all     4     0   89    0        6       0      4      0     1
16:31:40  all     9     0   87    0        4       0      8      0     0
16:31:41  all     4     0   90    0        5       0      4      0     1
16:31:42  all     6     0   90    0        4       0      6      0     0
16:31:43  all     7     0   85    0        7       0      7      0     1
16:31:44  all     8     0   90    0        2       0      8      0     0
16:31:45  all     6     0   87    0        6       0      7      0     1
16:31:46  all     4     0   94    0        2       0      4      0     0
16:31:47  all     7     0   86    0        6       0      6      0     1
16:31:48  all     4     0   94    0        1       0      4      0     1
16:31:49  all     7     0   88    0        1       0      7      0     4
16:31:50  all     6     0   86    0        4       0      6      0     4
16:31:51  all     6     0   87    0        6       0      6      0     1
16:31:52  all     6     0   89    0        3       0      6      0     2
16:31:53  all     4     0   90    0        5       0      4      0     1
16:31:54  all     8     0   82    0        7       0      9      0     3
16:31:55  all     9     0   84    0        5       0      8      0     2
16:31:56  all     8     0   87    0        4       0      8      0     1
16:31:57  all     9     0   84    0        6       0      8      0     1
16:31:58  all     5     0   85    0        7       0      5      0     3
16:31:59  all     5     0   89    0        4       0      5      0     2
16:32:00  all     5     0   90    0        3       0      5      0     2
16:32:01  all     9     0   85    0        4       0      9      0     2
16:32:02  all     6     0   89    0        4       0      6      0     1
16:32:03  all     4     0   88    0        6       0      4      0     2
16:32:04  all     2     0   92    0        6       0      3      0     0
16:32:05  all    10     0   87    0        2       0      9      0     1
16:32:06  all     4     0   87    0        6       0      4      0     3
16:32:07  all     5     0   87    0        4       0      6      0     4
16:32:08  all     4     0   87    0        6       0      4      0     3
16:32:09  all    10     0   84    0        5       0     10      0     1
16:32:10  all     7     0   85    0        6       0      6      0     2
16:32:11  all     5     0   90    0        4       0      5      0     1
16:32:12  all     5     0   90    0        3       0      6      0     2
16:32:13  all     6     0   84    0        9       0      5      0     1
16:32:14  all     7     0   89    0        2       0      7      0     2
16:32:15  all     7     0   86    0        5       0      7      0     2
16:32:16  all     6     0   87    0        6       0      7      0     1
16:32:17  all     6     0   87    0        5       0      5      0     2
16:32:18  all     6     0   88    0        5       0      7      0     1
16:32:19  all     7     0   87    0        4       0      7      0     2
16:32:20  all     5     0   87    0        6       0      5      0     2
16:32:21  all     7     0   86    0        6       0      6      0     1
16:32:22  all     6     0   91    0        2       0      6      0     1
16:32:23  all     7     0   88    0        4       0      7      0     1
16:32:24  all     6     0   87    0        6       0      6      0     1
16:32:25  all     8     0   87    0        5       0      8      0     0
16:32:26  all     7     0   88    0        4       0      7      0     1
16:32:27  all     4     0   95    0        0       0      4      0     1
16:32:28  all     7     0   85    0        7       0      7      0     1
16:32:29  all     4     0   89    0        7       0      4      0     0
16:32:30  all    13     0   83    0        3       0     13      0     1
16:32:31  all     4     0   94    0        1       0      4      0     1
16:32:32  all     4     0   89    0        6       0      4      0     1
16:32:33  all    11     0   86    0        2       0     11      0     1
16:32:34  all     3     0   94    0        2       0      3      0     1
16:32:35  all     7     0   90    0        3       0      7      0     0
16:32:36  all     6     0   78    0       15       0      2      0     1
16:32:37  all     6     0   91    0        2       0      7      0     1
16:32:38  all    15     0   81    0        1       0     14      0     3
16:32:39  all     6     0   86    0        2       0      6      0     6
16:32:40  all     7     0   85    0        5       0      7      0     3
16:32:41  all     6     0   86    0        6       0      6      0     2
16:32:42  all     6     0   85    0        3       0      6      0     6
16:32:43  all     5     0   84    0        7       0      5      0     4
16:32:44  all     1     0   96    0        3       0      2      0     0
16:32:45  all     4     0   85    0       10       0      4      0     1
16:32:46  all     5     0   81    0       12       0      5      0     2
16:32:47  all     5     0   84    0        3       0      4      0     8
16:32:48  all     6     0   86    0        3       0      7      0     5
16:32:49  all     5     0   87    0        6       0      5      0     2
16:32:50  all     8     0   85    0        5       0      8      0     2
16:32:51  all     9     0   78    0        3       0      8      0    10
16:32:52  all     0     0    0    0        0       0      0      0   100
16:32:53  all     0     0    1    0        0       0      0      0    99
16:32:54  all     0     0    0    0        0       0      0      0   100
16:32:55  all     0     0    0    0        0       0      0      0   100
16:32:56  all     3     0    1    0        0       0      3      0    96
16:32:57  all     1     0    0    0        0       0      0      0    99
16:32:58  all     0     0    1    0        0       0      0      0    99
16:32:59  all     0     0    1    0        0       0      0      0    99
