
o41  4.10.0-42-generic  #46~16.04.1-Ubuntu SMP Mon Dec 4 15:57:59 UTC 2017  x86_64  2017/12/27

-------------------------- analysis date: 2017/12/27 --------------------------

21:46:55  cpu  %usr %nice %sys %irq %softirq  %steal %guest  %wait %idle  _cpu_
21:46:56  all     0     0    0    0        0       0      0      0   100
21:46:57  all     0     0    0    0        0       0      0      0   100
21:46:58  all     0     0    0    0        0       0      0      0   100
21:46:59  all     0     0    0    0        0       0      0      0   100
21:47:00  all     0     0    1    0        0       0      0      0    99
21:47:01  all     0     0    1    0        2       0      0      0    97
21:47:02  all     0     0    1    0        1       0      0      0    98
21:47:03  all     0     0    1    0        0       0      0      0    99
21:47:04  all     0     0    2    0        0       0      0      0    98
21:47:05  all     0     0    1    0        1       0      0      0    98
21:47:06  all     0     0    1    0        1       0      0      0    98
21:47:07  all     0     0    0    0        2       0      0      0    98
21:47:08  all     0     0    0    0        0       0      0      0   100
21:47:09  all     0     0    0    0        2       0      0      0    98
21:47:10  all     0     0    0    0        2       0      0      0    98
21:47:11  all     0     0    3    0        1       0      0      0    96
21:47:12  all     0     0    0    0        0       0      0      0   100
21:47:13  all     0     0    1    0        2       0      0      0    97
21:47:14  all     0     0    1    0        1       0      0      0    98
21:47:15  all     0     0    0    0        2       0      0      0    98
21:47:16  all     0     0    2    0        1       0      0      0    97
21:47:17  all     0     0    1    0        1       0      0      0    98
21:47:18  all     0     0    1    0        0       0      0      0    99
21:47:19  all     1     0    0    0        1       0      0      0    98
21:47:20  all     0     0    2    0        1       0      0      0    97
21:47:21  all     0     0    2    0        2       0      0      0    96
21:47:22  all     0     0    0    0        2       0      0      0    98
21:47:23  all     0     0    1    0        0       0      0      0    99
21:47:24  all     0     0    2    0        2       0      0      0    96
21:47:25  all     0     0    0    0        2       0      0      0    98
21:47:26  all     0     0    0    0        0       0      0      0   100
21:47:27  all     0     0    2    0        2       0      0      0    96
21:47:28  all     0     0    1    0        2       0      0      0    97
21:47:29  all     0     0    0    0        0       0      0      0   100
21:47:30  all     0     0    1    0        1       0      0      0    98
21:47:31  all     0     0    1    0        2       0      0      0    97
21:47:32  all     0     0    0    0        2       0      0      0    98
21:47:33  all     0     0    1    0        1       0      0      0    98
21:47:34  all     0     0    1    0        1       0      0      0    98
21:47:35  all     0     0    0    0        1       0      0      0    99
21:47:36  all     0     0    1    0        2       0      0      0    97
21:47:37  all     0     0    1    0        1       0      0      0    98
21:47:38  all     0     0    2    0        1       0      0      0    97
21:47:39  all     0     0    1    0        1       0      0      0    98
21:47:40  all     0     0    1    0        1       0      0      0    98
21:47:41  all     0     0    0    0        1       0      0      0    99
21:47:42  all     0     0    2    0        1       0      0      0    97
21:47:43  all     0     0    0    0        2       0      0      0    98
21:47:44  all     0     0    2    0        0       0      0      0    98
21:47:45  all     0     0    0    0        2       0      0      0    98
21:47:46  all     0     0    1    0        1       0      0      0    98
21:47:47  all     0     0    1    0        1       0      0      0    98
21:47:48  all     0     0    1    0        1       0      0      0    98
21:47:49  all     0     0    1    0        1       0      0      0    98
21:47:50  all     0     0    1    0        1       0      0      0    98
21:47:51  all     0     0    1    0        1       0      0      0    98
21:47:52  all     0     0    1    0        1       0      0      0    98
21:47:53  all     0     0    1    0        1       0      0      0    98
21:47:54  all     0     0    1    0        2       0      0      0    97
21:47:55  all     0     0    1    0        1       0      0      0    98
21:47:56  all     0     0    1    0        1       0      0      0    98
21:47:57  all     0     0    1    0        2       0      0      0    97
21:47:58  all     0     0    0    0        1       0      0      0    99
21:47:59  all     0     0    1    0        1       0      0      0    98
21:48:00  all     0     0    1    0        1       0      0      0    98
21:48:01  all     0     0    1    0        1       0      0      0    98
21:48:02  all     0     0    1    0        2       0      0      0    97
21:48:03  all     0     0    2    0        0       0      0      0    98
21:48:04  all     0     0    1    0        1       0      0      0    98
21:48:05  all     0     0    1    0        2       0      0      0    97
21:48:06  all     0     0    1    0        1       0      0      0    98
21:48:07  all     0     0    1    0        1       0      0      0    98
21:48:08  all     0     0    1    0        3       0      0      0    96
21:48:09  all     0     0    1    0        1       0      0      0    98
21:48:10  all     0     0    1    0        1       0      0      0    98
21:48:11  all     0     0    1    0        2       0      0      0    97
21:48:12  all     0     0    1    0        1       0      0      0    98
21:48:13  all     0     0    1    0        1       0      0      0    98
21:48:14  all     0     0    0    0        1       0      0      0    99
21:48:15  all     0     0    1    0        1       0      0      0    98
21:48:16  all     0     0    1    0        1       0      0      0    98
21:48:17  all     0     0    1    0        2       0      0      0    97
21:48:18  all     0     0    1    0        2       0      0      0    97
21:48:19  all     0     0    1    0        2       0      0      0    97
21:48:20  all     0     0    1    0        1       0      0      0    98
21:48:21  all     0     0    0    0        1       0      0      0    99
21:48:22  all     0     0    1    0        1       0      0      0    98
21:48:23  all     0     0    2    0        1       0      0      0    97
21:48:24  all     0     0    1    0        1       0      0      0    98
21:48:25  all     0     0    1    0        3       0      0      0    96
21:48:26  all     0     0    1    0        1       0      0      0    98
21:48:27  all     0     0    1    0        2       0      0      0    97
21:48:28  all     0     0    1    0        2       0      0      0    97
21:48:29  all     0     0    1    0        2       0      0      0    97
21:48:30  all     0     0    1    0        0       0      0      0    99
21:48:31  all     0     0    1    0        2       0      0      0    97
21:48:32  all     0     0    1    0        2       0      0      0    97
21:48:33  all     0     0    1    0        2       0      0      0    97
21:48:34  all     0     0    1    0        1       0      0      0    98
21:48:35  all     0     0    1    0        1       0      0      0    98
21:48:36  all     1     0    1    0        2       0      0      0    96
21:48:37  all     0     0    1    0        2       0      0      0    97
21:48:38  all     0     0    1    0        1       0      0      0    98
21:48:39  all     0     0    1    0        2       0      0      0    97
21:48:40  all     0     0    1    0        2       0      0      0    97
21:48:41  all     0     0    1    0        2       0      0      0    97
21:48:42  all     0     0    1    0        4       0      0      2    93
21:48:43  all     0     0    0    0        1       0      0      0    99
21:48:44  all     0     0    2    0        0       0      0      0    98
21:48:45  all     0     0    0    0        1       0      0      0    99
21:48:46  all     0     0    1    0        2       0      0      0    97
21:48:47  all     0     0    1    0        2       0      0      0    97
21:48:48  all     0     0    1    0        1       0      0      0    98
21:48:49  all     0     0    1    0        1       0      0      0    98
21:48:50  all     0     0    1    0        1       0      0      0    98
21:48:51  all     0     0    1    0        2       0      0      0    97
21:48:52  all     0     0    1    0        2       0      0      0    97
21:48:53  all     0     0    1    0        2       0      0      0    97
21:48:54  all     0     0    1    0        1       0      0      0    98
21:48:55  all     0     0    1    0        2       0      0      0    97
21:48:56  all     0     0    1    0        2       0      0      0    97
21:48:57  all     0     0    2    0        1       0      0      0    97
21:48:58  all     0     0    0    0        1       0      0      0    99
21:48:59  all     0     0    1    0        1       0      0      0    98
21:49:00  all     0     0    1    0        2       0      0      0    97
21:49:01  all     0     0    0    0        0       0      0      0   100
21:49:02  all     0     0    0    0        0       0      0      0   100
21:49:03  all     0     0    0    0        0       0      0      0   100
21:49:04  all     0     0    0    0        0       0      0      0   100
21:49:05  all     0     0    0    0        0       0      0      0   100
