
o41  4.14.3  #1 SMP Sat Dec 2 23:29:58 EST 2017  x86_64  2017/12/03

-------------------------- analysis date: 2017/12/03 --------------------------

15:59:47  cpu  %usr %nice %sys %irq %softirq  %steal %guest  %wait %idle  _cpu_
15:59:48  all     0     0    0    0        0       0      0      1    99
15:59:49  all     0     0    0    0        0       0      0      0   100
15:59:50  all     0     0    0    0        0       0      0      0   100
15:59:51  all     1     0    0    0        0       0      1      0    99
15:59:52  all     0     0    0    0        0       0      0      0   100
15:59:53  all     0     0    0    0        0       0      0      0   100
15:59:54  all     0     0    0    0        0       0      0      0   100
15:59:55  all     0     0    0    0        0       0      0      0   100
15:59:56  all     2     0    0    0        0       0      1      0    98
15:59:57  all    14     0   25    0        8       0     14      0    53
15:59:58  all     9     0   30    0        6       0      9      0    55
15:59:59  all    12     0   27    0        4       0     12      0    57
16:00:00  all    11     0   28    0        4       0     11      0    57
16:00:01  all    11     0   25    0        8       0     11      0    56
16:00:02  all    10     0   29    0        6       0     10      1    53
16:00:03  all    12     0   28    0        5       0     12      0    55
16:00:04  all    11     0   28    0        3       0     11      0    58
16:00:05  all    12     0   27    0        6       0     12      0    55
16:00:06  all    13     0   28    0        5       0     13      0    54
16:00:07  all    10     0   30    0        3       0     10      0    57
16:00:08  all     8     0   27    0        6       0      8      0    59
16:00:09  all     7     0   32    0        6       0      7      0    55
16:00:10  all    14     0   29    0        3       0     14      0    54
16:00:11  all    11     0   28    0        6       0     11      0    55
16:00:12  all    12     0   28    0        3       0     12      0    57
16:00:13  all    13     0   28    0        4       0     13      0    55
16:00:14  all    11     0   28    0        7       0     11      0    53
16:00:15  all    11     0   31    0        4       0     11      0    54
16:00:16  all    12     0   26    0        6       0     12      0    57
16:00:17  all    11     0   26    0        5       0     11      0    58
16:00:18  all    12     0   31    0        3       0     12      0    55
16:00:19  all     8     0   31    0        7       0      8      0    54
16:00:20  all    10     0   30    0        4       0     10      0    55
16:00:21  all    13     0   28    0        3       0     13      0    55
16:00:22  all    12     0   27    0        6       0     12      0    55
16:00:23  all     9     0   30    0        7       0      8      0    53
16:00:24  all    14     0   27    0        6       0     14      0    53
16:00:25  all    10     0   27    0        5       0     10      0    57
16:00:26  all    11     0   28    0        7       0     11      0    53
16:00:27  all     9     0   29    0        7       0      9      0    55
16:00:28  all     9     0   33    0        8       0     10      0    51
16:00:29  all    11     0   26    0        7       0     11      0    57
16:00:30  all    11     0   29    0        5       0     10      0    55
16:00:31  all    13     0   28    0        5       0     13      0    54
16:00:32  all    10     0   27    0        9       0     10      1    52
16:00:33  all    11     0   30    0        7       0     10      0    52
16:00:34  all    11     0   28    0        6       0     11      0    55
16:00:35  all    12     0   29    0        4       0     12      0    55
16:00:36  all    10     0   30    0        5       0     10      0    54
16:00:37  all    11     0   28    0        6       0     11      0    55
16:00:38  all    12     0   29    0        5       0     11      0    54
16:00:39  all    13     0   26    0        7       0     13      0    54
16:00:40  all    10     0   27    0        6       0     10      0    58
16:00:41  all    10     0   30    0        7       0     10      0    53
16:00:42  all    11     0   29    0        7       0     11      0    53
16:00:43  all    13     0   26    0        5       0     13      0    56
16:00:44  all    10     0   28    0        7       0      9      0    55
16:00:45  all    11     0   28    0        4       0     12      0    57
16:00:46  all     9     0   29    0        7       0      8      0    55
16:00:47  all    12     0   30    0        5       0     12      0    53
16:00:48  all     9     0   28    0        6       0      9      0    57
16:00:49  all    12     0   31    0        3       0     11      0    54
16:00:50  all    13     0   28    0        3       0     14      0    55
16:00:51  all    14     0   24    0        5       0     13      0    56
16:00:52  all    12     0   28    0        5       0     14      0    54
16:00:53  all    13     0   27    0        6       0     12      0    54
16:00:54  all     6     0   29    0        9       0      7      0    55
16:00:55  all     9     0   31    0        3       0      9      0    57
16:00:56  all     9     0   29    0        8       0      8      0    54
16:00:57  all    12     0   31    0        4       0     12      0    54
16:00:58  all    13     0   26    0        4       0     13      0    56
16:00:59  all    14     0   28    0        4       0     13      0    54
16:01:00  all    10     0   32    0        6       0     10      0    52
16:01:01  all    11     0   31    0        6       0     11      0    52
16:01:02  all    11     0   29    0        7       0     11      0    53
16:01:03  all    13     0   28    0        5       0     12      0    54
16:01:04  all    13     0   30    0        3       0     13      0    54
16:01:05  all    12     0   31    0        5       0     11      0    52
16:01:06  all    13     0   27    0        5       0     14      0    55
16:01:07  all    15     0   27    0        6       0     15      0    52
16:01:08  all    13     0   27    0        1       0     13      1    57
16:01:09  all     9     0   32    0        5       0      9      0    54
16:01:10  all    11     0   26    0        5       0     10      0    58
16:01:11  all    12     0   26    0        7       0     12      0    55
16:01:12  all    12     0   24    0        8       0     11      0    57
16:01:13  all    11     0   29    0        3       0     11      0    57
16:01:14  all    12     0   28    0        4       0     12      0    56
16:01:15  all    15     0   25    0        3       0     15      0    57
16:01:16  all    10     0   30    0        5       0     10      0    55
16:01:17  all    10     0   28    0        7       0     10      0    55
16:01:18  all    11     0   24    0        7       0     10      0    58
16:01:19  all    12     0   27    0        6       0     13      0    55
16:01:20  all    10     0   25    0        5       0     10      0    60
16:01:21  all    15     0   21    0        8       0     14      0    56
16:01:22  all     9     0   29    0        6       0      9      0    57
16:01:23  all    12     0   25    0        8       0     12      0    55
16:01:24  all    12     0   27    0        5       0     12      0    56
16:01:25  all    13     0   26    0        5       0     13      0    56
16:01:26  all    13     0   27    0        5       0     12      0    55
16:01:27  all    13     0   23    0        7       0     13      0    57
16:01:28  all    12     0   22    0        6       0     12      0    60
16:01:29  all     9     0   24    0        9       0      8      0    58
16:01:30  all    12     0   24    0        6       0     12      0    58
16:01:31  all    10     0   28    0        8       0     10      0    55
16:01:32  all     8     0   29    0        6       0      9      0    57
16:01:33  all    12     0   29    0        5       0     12      0    54
16:01:34  all     9     0   33    0        4       0      8      0    54
16:01:35  all    10     0   30    0        6       0     10      0    54
16:01:36  all    13     0   26    0        4       0     13      0    57
16:01:37  all    11     0   27    0        8       0     12      0    55
16:01:38  all    11     0   24    0        9       0     11      0    56
16:01:39  all    12     0   26    0        7       0     11      0    55
16:01:40  all    12     0   26    0        8       0     12      0    55
16:01:41  all    13     0   24    0        5       0     14      0    57
16:01:42  all    10     0   31    0        7       0     10      1    51
16:01:43  all     9     0   27    0        7       0      9      0    57
16:01:44  all    14     0   24    0        5       0     13      0    56
16:01:45  all    10     0   31    0        4       0     10      0    55
16:01:46  all    10     0   27    0        5       0     11      0    58
16:01:47  all    10     0   32    0        3       0      9      0    55
16:01:48  all    10     0   25    0        9       0     10      0    56
16:01:49  all     8     0   29    0        5       0      9      0    59
16:01:50  all    12     0   27    0        5       0     12      0    56
16:01:51  all    10     0   26    0        7       0      9      0    57
16:01:52  all     9     0   25    0        7       0     10      0    59
16:01:53  all    14     0   23    0        8       0     13      0    56
16:01:54  all    11     0   28    0        7       0     11      0    53
16:01:55  all    12     0   24    0        7       0     13      0    57
16:01:56  all     8     0   27    0        7       0      8      0    58
16:01:57  all     2     0    2    0        1       0      1      0    95
16:01:58  all     0     0    0    0        0       0      0      0   100
16:01:59  all     0     0    0    0        0       0      0      0   100
16:02:00  all     0     0    0    0        0       0      0      0   100
16:02:01  all     0     0    0    0        0       0      0      0   100
16:02:02  all     0     0    0    0        0       0      0      0   100
16:02:03  all     0     0    1    0        0       0      0      0    99
16:02:04  all     0     0    0    0        0       0      0      0   100
16:02:05  all     0     0    0    0        0       0      0      1    99
