
o41  4.10.0-40-generic  #44~16.04.1-Ubuntu SMP Thu Nov 9 15:37:44 UTC 2017  x86_64  2017/11/23

-------------------------- analysis date: 2017/11/23 --------------------------

15:53:08  cpu  %usr %nice %sys %irq %softirq  %steal %guest  %wait %idle  _cpu_
15:53:09  all     0     0    0    0        0       0      0      0   100
15:53:10  all     1     0    0    0        0       0      0      0    99
15:53:11  all     0     0    0    0        0       0      0      0   100
15:53:12  all     0     0    1    0        0       0      0      0    99
15:53:13  all     0     0    0    0        0       0      0      0   100
15:53:14  all     1     0    0    0        0       0      0      0    99
15:53:15  all     0     0    0    0        0       0      1      0    99
15:53:16  all     1     0    0    0        0       0      0      0    99
15:53:17  all     0     0    1    0        0       0      0      0    99
15:53:18  all     7     0   60    0        4       0      5      0    25
15:53:19  all     4     0   86    0        6       0      5      0     0
15:53:20  all     6     0   82    0        6       0      6      0     1
15:53:21  all     7     0   83    0        3       0      7      0     0
15:53:22  all     5     0   86    0        4       0      5      0     1
15:53:23  all     3     0   89    0        5       0      3      0     0
15:53:24  all     7     0   81    0        4       0      7      0     1
15:53:25  all     4     0   86    0        6       0      5      0     0
15:53:26  all     6     0   79    0        7       0      6      0     1
15:53:27  all     8     0   81    0        3       0      7      0     0
15:53:28  all     6     0   83    0        6       0      6      0     0
15:53:29  all     5     0   84    0        6       0      5      0     1
15:53:30  all     7     0   84    0        2       0      7      0     1
15:53:31  all     7     0   82    0        3       0      7      0     0
15:53:32  all     5     0   84    0        6       0      5      0     1
15:53:33  all     4     0   88    0        5       0      3      0     1
15:53:34  all     6     0   82    0        4       0      7      0     0
15:53:35  all     5     0   88    0        3       0      5      0     0
15:53:36  all     6     0   83    0        5       0      6      0     1
15:53:37  all     4     0   88    0        4       0      4      0     1
15:53:38  all     6     0   85    0        5       0      5      0     0
15:53:39  all     6     0   84    0        5       0      6      0     0
15:53:40  all     2     0   91    0        4       0      2      0     1
15:53:41  all     6     0   84    0        5       0      6      0     0
15:53:42  all     5     0   78    0        8       0      6      0     3
15:53:43  all     7     0   84    0        3       0      6      0     1
15:53:44  all     6     0   84    0        5       0      6      0     0
15:53:45  all     6     0   81    0        6       0      6      0     1
15:53:46  all     6     0   86    0        3       0      6      0     0
15:53:47  all     6     0   83    0        5       0      6      0     1
15:53:48  all     6     0   87    0        2       0      5      0     1
15:53:49  all     5     0   86    0        4       0      6      0     0
15:53:50  all     7     0   84    0        3       0      6      0     1
15:53:51  all     4     0   88    0        4       0      5      0     0
15:53:52  all     6     0   81    0        5       0      6      0     1
15:53:53  all     5     0   86    0        5       0      5      0     0
15:53:54  all     6     0   83    0        5       0      6      0     1
15:53:55  all     6     0   84    0        6       0      5      0     0
15:53:56  all     4     0   85    0        6       0      5      0     1
15:53:57  all     6     0   84    0        5       0      6      0     0
15:53:58  all     7     0   81    0        4       0      6      0     1
15:53:59  all     6     0   82    0        5       0      7      0     1
15:54:00  all     7     0   83    0        4       0      7      0     0
15:54:01  all     7     0   80    0        6       0      7      0     0
15:54:02  all     7     0   83    0        4       0      7      0     0
15:54:03  all     6     0   85    0        4       0      5      0     1
15:54:04  all     6     0   83    0        4       0      7      0     1
15:54:05  all     6     0   86    0        4       0      5      0     0
15:54:06  all     4     0   88    0        4       0      4      0     0
15:54:07  all     6     0   80    0        6       0      7      0     0
15:54:08  all     3     0   90    0        4       0      2      0     1
15:54:09  all     6     0   84    0        5       0      6      0     0
15:54:10  all     3     0   90    0        4       0      3      0     0
15:54:11  all     6     0   82    0        6       0      6      0     1
15:54:12  all     5     0   87    0        3       0      6      0     0
15:54:13  all     6     0   86    0        4       0      5      0     0
15:54:14  all     6     0   81    0        3       0      6      0     3
15:54:15  all     7     0   81    0        4       0      7      0     2
15:54:16  all     6     0   81    0        6       0      6      0     1
15:54:17  all     6     0   85    0        4       0      5      0     1
15:54:18  all     3     0   88    0        5       0      4      0     1
15:54:19  all     4     0   90    0        2       0      4      0     0
15:54:20  all     5     0   84    0        6       0      5      0     1
15:54:21  all     5     0   87    0        5       0      4      0     0
15:54:22  all     6     0   81    0        6       0      6      0     1
15:54:23  all     4     0   86    0        5       0      4      0     2
15:54:24  all     5     0   88    0        3       0      4      0     1
15:54:25  all     5     0   84    0        5       0      6      0     1
15:54:26  all     5     0   89    0        3       0      4      0     0
15:54:27  all     8     0   80    0        4       0      7      0     1
15:54:28  all     5     0   84    0        5       0      6      0     1
15:54:29  all     9     0   80    0        3       0      8      0     0
15:54:30  all     5     0   87    0        3       0      5      0     1
15:54:31  all     4     0   88    0        4       0      5      0     0
15:54:32  all     7     0   81    0        4       0      6      0     1
15:54:33  all     6     0   83    0        5       0      7      0     0
15:54:34  all     6     0   81    0        7       0      6      0     1
15:54:35  all     7     0   81    0        7       0      6      0     0
15:54:36  all     4     0   89    0        2       0      4      0     1
15:54:37  all     6     0   86    0        3       0      6      0     0
15:54:38  all     3     0   88    0        5       0      3      0     1
15:54:39  all     4     0   87    0        6       0      4      0     0
15:54:40  all     6     0   86    0        2       0      6      0     1
15:54:41  all     5     0   84    0        6       0      6      0     0
15:54:42  all     6     0   82    0        4       0      6      0     1
15:54:43  all     5     0   88    0        4       0      4      0     0
15:54:44  all     7     0   81    0        4       0      7      0     1
15:54:45  all     6     0   83    0        5       0      7      0     0
15:54:46  all     4     0   87    0        5       0      4      0     1
15:54:47  all     7     0   82    0        5       0      7      0     0
15:54:48  all     6     0   84    0        3       0      6      0     1
15:54:49  all     6     0   83    0        4       0      7      0     1
15:54:50  all     5     0   87    0        5       0      4      0     0
15:54:51  all     6     0   83    0        3       0      7      0     1
15:54:52  all     6     0   85    0        4       0      6      0     0
15:54:53  all     5     0   86    0        4       0      5      0     1
15:54:54  all     5     0   85    0        4       0      5      0     2
15:54:55  all     6     0   82    0        5       0      6      0     2
15:54:56  all     8     0   79    0        5       0      7      0     2
15:54:57  all     4     0   86    0        5       0      5      0     1
15:54:58  all     4     0   88    0        3       0      4      0     1
15:54:59  all     8     0   77    0        6       0      8      0     1
15:55:00  all     8     0   81    0        4       0      7      0     0
15:55:01  all     6     0   81    0        7       0      6      0     1
15:55:02  all     8     0   79    0        4       0      8      0     1
15:55:03  all     7     0   83    0        2       0      8      0     1
15:55:04  all     6     0   80    0        6       0      6      0     3
15:55:05  all     7     0   80    0        6       0      7      0     0
15:55:06  all     5     0   83    0        6       0      6      0     1
15:55:07  all     6     0   81    0        6       0      6      0     1
15:55:08  all     7     0   81    0        6       0      6      0     1
15:55:09  all     7     0   80    0        5       0      7      0     1
15:55:10  all     5     0   88    0        3       0      5      0     0
15:55:11  all     6     0   82    0        5       0      6      0     1
15:55:12  all     5     0   85    0        5       0      5      0     1
15:55:13  all     6     0   83    0        6       0      6      0     0
15:55:14  all     6     0   84    0        4       0      6      0     1
15:55:15  all     7     0   81    0        4       0      7      0     1
15:55:16  all     4     0   87    0        5       0      4      0     1
15:55:17  all     7     0   81    0        4       0      6      1     0
15:55:18  all     2     0   26    0        1       0      2      0    69
15:55:19  all     0     0    0    0        0       0      0      0   100
15:55:20  all     0     0    0    0        0       0      0      0   100
15:55:21  all     0     0    1    0        0       0      0      0    99
15:55:22  all     0     0    0    0        0       0      0      0   100
15:55:23  all     0     0    0    0        0       0      0      0   100
15:55:24  all     0     0    0    0        0       0      0      0   100
15:55:25  all     0     0    0    0        0       0      0      0   100
15:55:26  all     0     0    1    0        0       0      0      0    99
