
o41  4.10.0-42-generic  #46~16.04.1-Ubuntu SMP Mon Dec 4 15:57:59 UTC 2017  x86_64  2017/12/26

-------------------------- analysis date: 2017/12/26 --------------------------

19:34:42  cpu  %usr %nice %sys %irq %softirq  %steal %guest  %wait %idle  _cpu_
19:34:43  all     0     0    0    0        0       0      0      0   100
19:34:44  all     0     0    0    0        0       0      0      0   100
19:34:45  all     0     0    0    0        0       0      0      0   100
19:34:46  all     0     0    0    0        0       0      0      0   100
19:34:47  all     0     0    0    0        0       0      0      0   100
19:34:48  all     0     0    0    0        0       0      0      0   100
19:34:49  all     0     0    0    0        0       0      0      0   100
19:34:50  all     4     0   25    0        1       0      1      0    70
19:34:51  all    15     0   78    0        7       0     10      0     0
19:34:52  all    15     0   80    0        4       0      7      0     1
19:34:53  all    18     0   77    0        5       0      9      0     0
19:34:54  all    16     0   81    0        3       0      8      0     0
19:34:55  all    13     0   78    0        8       0      9      0     1
19:34:56  all    14     0   81    0        5       0      6      0     0
19:34:57  all    17     0   75    0        8       0      8      0     0
19:34:58  all    16     0   77    0        6       0      9      0     1
19:34:59  all    16     0   80    0        4       0      9      0     0
19:35:00  all    19     0   72    0        8       0     11      0     1
19:35:01  all    23     0   74    0        3       0     10      0     0
19:35:02  all    16     0   79    0        5       0     11      0     0
19:35:03  all    16     0   79    0        4       0     11      0     1
19:35:04  all    17     0   75    0        8       0      9      0     0
19:35:05  all    19     0   74    0        7       0     11      0     0
19:35:06  all    15     0   80    0        4       0      9      0     1
19:35:07  all    11     0   84    0        5       0      5      0     0
19:35:08  all    15     0   78    0        7       0     10      0     0
19:35:09  all    18     0   78    0        3       0      9      0     1
19:35:10  all    13     0   81    0        6       0      8      0     0
19:35:11  all    12     0   81    0        6       0      7      0     1
19:35:12  all    13     0   80    0        7       0      7      0     0
19:35:13  all    17     0   77    0        6       0      9      0     0
19:35:14  all    14     0   78    0        7       0      8      0     1
19:35:15  all    14     0   81    0        5       0      7      0     0
19:35:16  all    18     0   75    0        6       0      9      0     1
19:35:17  all    16     0   79    0        5       0      9      0     0
19:35:18  all    16     0   78    0        6       0      8      0     0
19:35:19  all    12     0   83    0        5       0      7      0     0
19:35:20  all    12     0   83    0        4       0      6      0     1
19:35:21  all    15     0   80    0        5       0      7      0     0
19:35:22  all    18     0   73    0        8       0     10      0     1
19:35:23  all    17     0   74    0        9       0     10      0     0
19:35:24  all    16     0   77    0        7       0      8      0     0
19:35:25  all    16     0   78    0        5       0      8      0     1
19:35:26  all    14     0   82    0        4       0      8      0     0
19:35:27  all    18     0   74    0        7       0      7      0     1
19:35:28  all    16     0   79    0        5       0      9      0     0
19:35:29  all    18     0   75    0        7       0      7      0     0
19:35:30  all    17     0   76    0        6       0      8      0     1
19:35:31  all    12     0   81    0        7       0      8      0     0
19:35:32  all    11     0   82    0        6       0      6      0     1
19:35:33  all    17     0   78    0        5       0      8      0     0
19:35:34  all    19     0   75    0        6       0     10      0     0
19:35:35  all    12     0   80    0        7       0      8      0     1
19:35:36  all    16     0   81    0        3       0      7      0     0
19:35:37  all    14     0   80    0        6       0      7      0     0
19:35:38  all    16     0   78    0        5       0      9      0     1
19:35:39  all    14     0   81    0        5       0      8      0     0
19:35:40  all    18     0   76    0        6       0     10      0     0
19:35:41  all    17     0   76    0        6       0     11      0     1
19:35:42  all    16     0   78    0        6       0      9      0     0
19:35:43  all    13     0   78    0        8       0      7      0     1
19:35:44  all    18     0   77    0        5       0     11      0     0
19:35:45  all    18     0   77    0        5       0     10      0     0
19:35:46  all    15     0   78    0        6       0      9      0     1
19:35:47  all    12     0   84    0        4       0      6      0     0
19:35:48  all    15     0   78    0        6       0      8      0     1
19:35:49  all    13     0   85    0        2       0      7      0     0
19:35:50  all    17     0   76    0        7       0     10      0     0
19:35:51  all    16     0   80    0        4       0     10      0     0
19:35:52  all    14     0   78    0        7       0      6      0     1
19:35:53  all    15     0   81    0        4       0     10      0     0
19:35:54  all    15     0   78    0        6       0     10      0     1
19:35:55  all    15     0   79    0        6       0      9      0     0
19:35:56  all    15     0   78    0        7       0      7      0     0
19:35:57  all    20     0   74    0        6       0     12      0     0
19:35:58  all    20     0   73    0        6       0     12      0     1
19:35:59  all    23     0   70    0        7       0     12      0     0
19:36:00  all    15     0   78    0        6       0      7      0     1
19:36:01  all    14     0   79    0        7       0      8      0     0
19:36:02  all    17     0   77    0        6       0      8      0     0
19:36:03  all    15     0   76    0        8       0      9      0     1
19:36:04  all    16     0   77    0        7       0      8      0     0
19:36:05  all    12     0   83    0        4       0      7      0     1
19:36:06  all    14     0   78    0        8       0      6      0     0
19:36:07  all    16     0   78    0        6       0      9      0     0
19:36:08  all    16     0   79    0        4       0      8      0     1
19:36:09  all    14     0   82    0        4       0      7      0     0
19:36:10  all    16     0   79    0        5       0     10      0     0
19:36:11  all    14     0   80    0        5       0      9      0     1
19:36:12  all    16     0   80    0        4       0      8      0     0
19:36:13  all    18     0   53    0        6       0      8      0    24
19:36:14  all    23     0   16    0        1       0     12      0    60
19:36:15  all    26     0   19    0        2       0     12      0    53
19:36:16  all    26     0   20    0        4       0     17      0    50
19:36:17  all    19     0   18    0        3       0     11      0    59
19:36:18  all    22     0   18    0        2       0     11      0    58
19:36:19  all    26     0   18    0        2       0      7      0    55
19:36:20  all    22     0   22    0        4       0      6      0    52
19:36:21  all    22     0   22    0        3       0      6      0    52
19:36:22  all    20     0   25    0        0       0      5      0    55
19:36:23  all    23     0   20    0        1       0      8      0    56
19:36:24  all    19     0   52    0        0       0      6      0    29
19:36:25  all    18     0   81    0        1       0      4      0     0
19:36:26  all    13     0   85    0        1       0      2      0     1
19:36:27  all    21     0   78    0        1       0      4      0     0
19:36:28  all    21     0   78    0        0       0      6      0     1
19:36:29  all    20     0   80    0        0       0      8      0     0
19:36:30  all     9     0   90    0        1       0      6      0     0
19:36:31  all     8     0   78    0       14       0      5      0     0
19:36:32  all    23     0   68    0        8       0     17      0     1
19:36:33  all    16     0   84    0        0       0     14      0     0
19:36:34  all    12     0   87    0        0       0      9      0     1
19:36:35  all    14     0   84    0        2       0      9      0     0
19:36:36  all    15     0   79    0        6       0      8      0     0
19:36:37  all    14     0   80    0        6       0      8      0     0
19:36:38  all    13     0   81    0        5       0      7      0     1
19:36:39  all    14     0   83    0        3       0      7      0     0
19:36:40  all    16     0   76    0        7       0      8      0     1
19:36:41  all    18     0   78    0        4       0     12      0     0
19:36:42  all    16     0   82    0        2       0     12      0     0
19:36:43  all    10     0   82    0        8       0      2      0     0
19:36:44  all    18     0   76    0        5       0      4      0     1
19:36:45  all    18     0   79    0        3       0      8      0     0
19:36:46  all    17     0   75    0        7       0      9      0     1
19:36:47  all    15     0   78    0        7       0      9      0     0
19:36:48  all    20     0   33    0        1       0      7      0    46
19:36:49  all    20     0   14    0        2       0     10      0    64
19:36:50  all    14     0   11    0        2       0     11      0    73
19:36:51  all     0     0    1    0        0       0      0      0    99
19:36:52  all     0     0    0    0        0       0      0      0   100
19:36:53  all     0     0    1    0        0       0      0      0    99
19:36:54  all     0     0    0    0        0       0      0      2    98
19:36:55  all     1     0    0    0        0       0      0      0    99
19:36:56  all     0     0    0    0        0       0      0      0   100
19:36:57  all     1     0    0    0        0       0      0      0    99
19:36:58  all     0     0    0    0        0       0      0      0   100
