
o41  4.10.0-40-generic  #44~16.04.1-Ubuntu SMP Thu Nov 9 15:37:44 UTC 2017  x86_64  2017/11/29

-------------------------- analysis date: 2017/11/29 --------------------------

14:13:18  cpu  %usr %nice %sys %irq %softirq  %steal %guest  %wait %idle  _cpu_
14:13:19  all     0     0    0    0        0       0      0      0   100
14:13:20  all     0     0    1    0        0       0      0      0    99
14:13:21  all     0     0    0    0        0       0      0      0   100
14:13:22  all     0     0    1    0        0       0      0      0    99
14:13:23  all     0     0    0    0        0       0      0      0   100
14:13:24  all     0     0    2    0        1       0      0      0    97
14:13:25  all     0     0    1    0        0       0      0      0    99
14:13:26  all     0     0    1    0        0       0      0      0    99
14:13:27  all     0     0    1    0        0       0      0      0    99
14:13:28  all     0     0    1    0        0       0      0      0    99
14:13:29  all     0     0    2    0        0       0      0      0    98
14:13:30  all     0     0    0    0        1       0      0      0    99
14:13:31  all     0     0    1    0        1       0      0      0    98
14:13:32  all     1     0    0    0        0       0      0      0    99
14:13:33  all     0     0    1    0        0       0      0      0    99
14:13:34  all     1     0    3    0        0       0      0      0    96
14:13:35  all     0     0    0    0        1       0      0      0    99
14:13:36  all     0     0    1    0        0       0      0      0    99
14:13:37  all     0     0    0    0        1       0      0      0    99
14:13:38  all     0     0    1    0        0       0      0      0    99
14:13:39  all     0     0    0    0        0       0      0      0   100
14:13:40  all     0     0    1    0        0       0      0      0    99
14:13:41  all     0     0    1    0        0       0      0      0    99
14:13:42  all     0     0    1    0        1       0      0      0    98
14:13:43  all     0     0    0    0        0       0      0      0   100
14:13:44  all     0     0    1    0        0       0      0      0    99
14:13:45  all     0     0    1    0        1       0      0      0    98
14:13:46  all     0     0    2    0        0       0      0      0    98
14:13:47  all     0     0    0    0        0       0      0      0   100
14:13:48  all     0     0    2    0        0       0      0      0    98
14:13:49  all     1     0    1    0        1       0      0      0    97
14:13:50  all     0     0    1    0        1       0      0      0    98
14:13:51  all     0     0    1    0        0       0      0      0    99
14:13:52  all     0     0    1    0        0       0      0      0    99
14:13:53  all     0     0    2    0        0       0      0      0    98
14:13:54  all     0     0    0    0        0       0      0      0   100
14:13:55  all     0     0    1    0        0       0      0      0    99
14:13:56  all     0     0    1    0        1       0      0      0    98
14:13:57  all     0     0    2    0        1       0      0      0    97
14:13:58  all     0     0    1    0        0       0      0      0    99
14:13:59  all     0     0    0    0        0       0      0      0   100
14:14:00  all     0     0    1    0        0       0      0      0    99
14:14:01  all     0     0    2    0        0       0      0      0    98
14:14:02  all     0     0    0    0        1       0      0      0    99
14:14:03  all     0     0    2    0        0       0      0      0    98
14:14:04  all     0     0    1    0        0       0      0      0    99
14:14:05  all     0     0    1    0        1       0      0      0    98
14:14:06  all     0     0    1    0        0       0      0      0    99
14:14:07  all     0     0    1    0        0       0      0      0    99
14:14:08  all     0     0    1    0        1       0      0      0    98
14:14:09  all     0     0    1    0        0       0      0      0    99
14:14:10  all     0     0    1    0        0       0      0      0    99
14:14:11  all     0     0    1    0        0       0      0      0    99
14:14:12  all     1     0    0    0        1       0      0      0    98
14:14:13  all     0     0    1    0        0       0      0      0    99
14:14:14  all     0     0    1    0        0       0      0      0    99
14:14:15  all     0     0    2    0        1       0      0      0    97
14:14:16  all     0     0    0    0        0       0      0      0   100
14:14:17  all     0     0    2    0        0       0      0      0    98
14:14:18  all     0     0    0    0        0       0      0      0   100
14:14:19  all     0     0    1    0        1       0      0      1    97
14:14:20  all     0     0    1    0        0       0      0      0    99
14:14:21  all     0     0    1    0        0       0      0      0    99
14:14:22  all     0     0    1    0        0       0      0      0    99
14:14:23  all     0     0    0    0        0       0      0      0   100
14:14:24  all     0     0    2    0        1       0      0      0    97
14:14:25  all     0     0    1    0        1       0      0      0    98
14:14:26  all     0     0    1    0        0       0      0      0    99
14:14:27  all     0     0    1    0        0       0      0      0    99
14:14:28  all     0     0    2    0        0       0      0      0    98
14:14:29  all     0     0    1    0        0       0      0      0    99
14:14:30  all     0     0    0    0        0       0      0      0   100
14:14:31  all     0     0    2    0        0       0      0      0    98
14:14:32  all     0     0    1    0        0       0      0      0    99
14:14:33  all     0     0    1    0        1       0      0      0    98
14:14:34  all     0     0    0    0        0       0      0      0   100
14:14:35  all     0     0    2    0        0       0      0      0    98
14:14:36  all     0     0    1    0        1       0      0      0    98
14:14:37  all     0     0    1    0        0       0      0      0    99
14:14:38  all     0     0    1    0        0       0      0      0    99
14:14:39  all     0     0    1    0        1       0      0      0    98
14:14:40  all     0     0    1    0        0       0      0      0    99
14:14:41  all     0     0    1    0        3       0      0      0    96
14:14:42  all     0     0    2    0        0       0      0      0    98
14:14:43  all     0     0    1    0        0       0      0      0    99
14:14:44  all     0     0    1    0        0       0      0      0    99
14:14:45  all     0     0    1    0        0       0      0      0    99
14:14:46  all     0     0    1    0        0       0      0      0    99
14:14:47  all     0     0    2    0        0       0      0      0    98
14:14:48  all     0     0    1    0        1       0      0      0    98
14:14:49  all     0     0    1    0        0       0      0      0    99
14:14:50  all     0     0    1    0        1       0      0      0    98
14:14:51  all     0     0    2    0        0       0      0      0    98
14:14:52  all     0     0    1    0        0       0      0      0    99
14:14:53  all     0     0    0    0        0       0      0      0   100
14:14:54  all     0     0    2    0        0       0      0      0    98
14:14:55  all     0     0    1    0        0       0      0      0    99
14:14:56  all     0     0    1    0        0       0      0      0    99
14:14:57  all     0     0    2    0        0       0      0      0    98
14:14:58  all     0     0    0    0        1       0      0      0    99
14:14:59  all     0     0    2    0        1       0      0      0    97
14:15:00  all     0     0    1    0        2       0      0      0    97
14:15:01  all     0     0    1    0        0       0      0      0    99
14:15:02  all     0     0    0    0        1       0      0      0    99
14:15:03  all     0     0    2    0        1       0      0      0    97
14:15:04  all     0     0    1    0        0       0      0      0    99
14:15:05  all     0     0    1    0        1       0      0      0    98
14:15:06  all     0     0    1    0        0       0      0      0    99
14:15:07  all     0     0    1    0        0       0      0      1    98
14:15:08  all     0     0    1    0        0       0      0      0    99
14:15:09  all     0     0    1    0        0       0      0      0    99
14:15:10  all     0     0    1    0        0       0      0      0    99
14:15:11  all     0     0    1    0        1       0      0      0    98
14:15:12  all     0     0    1    0        0       0      0      0    99
14:15:13  all     0     0    1    0        0       0      0      0    99
14:15:14  all     0     0    2    0        0       0      0      0    98
14:15:15  all     0     0    0    0        0       0      0      0   100
14:15:16  all     0     0    2    0        1       0      0      0    97
14:15:17  all     0     0    1    0        0       0      0      0    99
14:15:18  all     0     0    1    0        0       0      0      0    99
14:15:19  all     0     0    1    0        0       0      0      0    99
14:15:20  all     0     0    1    0        1       0      0      0    98
14:15:21  all     0     0    1    0        0       0      0      0    99
14:15:22  all     0     0    1    0        0       0      0      0    99
14:15:23  all     0     0    1    0        0       0      0      0    99
14:15:24  all     0     0    0    0        0       0      0      0   100
14:15:25  all     0     0    0    0        0       0      0      0   100
14:15:26  all     0     0    0    0        0       0      0      0   100
14:15:27  all     0     0    0    0        0       0      0      0   100
14:15:28  all     0     0    0    0        0       0      0      0   100
