
o41  4.10.0-40-generic  #44~16.04.1-Ubuntu SMP Thu Nov 9 15:37:44 UTC 2017  x86_64  2017/11/29

-------------------------- analysis date: 2017/11/29 --------------------------

16:58:32  cpu  %usr %nice %sys %irq %softirq  %steal %guest  %wait %idle  _cpu_
16:58:33  all    99     0    1    0        0       0     99      0     0
16:58:34  all   100     0    0    0        0       0    100      0     0
16:58:35  all   100     0    0    0        0       0    100      0     0
16:58:36  all   100     0    0    0        0       0    100      0     0
16:58:37  all   100     0    0    0        0       0    100      0     0
16:58:38  all   100     0    0    0        0       0    100      0     0
16:58:39  all   100     0    0    0        0       0    100      0     0
16:58:40  all   100     0    0    0        0       0     99      0     0
16:58:41  all    90     0    6    0        4       0     90      0     0
16:58:42  all    88     0    7    0        5       0     88      0     0
16:58:43  all    88     0    8    0        4       0     88      0     0
16:58:44  all    91     0    8    0        1       0     92      0     0
16:58:45  all    89     0    5    0        6       0     88      0     0
16:58:46  all    87     0    9    0        4       0     87      0     0
16:58:47  all    91     0    6    0        3       0     91      0     0
16:58:48  all    91     0    5    0        4       0     91      0     0
16:58:49  all    88     0    6    0        6       0     88      0     0
16:58:50  all    91     0    6    0        3       0     91      0     0
16:58:51  all    89     0    6    0        5       0     89      0     0
16:58:52  all    89     0    4    0        7       0     89      0     0
16:58:53  all    93     0    2    0        5       0     93      0     0
16:58:54  all    91     0    7    0        2       0     91      0     0
16:58:55  all    92     0    4    0        4       0     92      0     0
16:58:56  all    89     0    7    0        4       0     90      0     0
16:58:57  all    89     0    6    0        5       0     88      0     0
16:58:58  all    91     0    5    0        4       0     91      0     0
16:58:59  all    93     0    4    0        3       0     93      0     0
16:59:00  all    89     0    6    0        5       0     90      0     0
16:59:01  all    83     0   12    0        5       0     83      0     0
16:59:02  all    91     0    6    0        3       0     90      0     0
16:59:03  all    87     0    7    0        6       0     87      0     0
16:59:04  all    87     0    9    0        4       0     87      0     0
16:59:05  all    89     0    4    0        7       0     90      0     0
16:59:06  all    92     0    7    0        1       0     91      0     0
16:59:07  all    86     0    8    0        6       0     87      0     0
16:59:08  all    88     0    7    0        5       0     88      0     0
16:59:09  all    87     0    7    0        6       0     86      0     0
16:59:10  all    90     0    5    0        5       0     90      0     0
16:59:11  all    87     0   10    0        3       0     88      0     0
16:59:12  all    88     0    9    0        3       0     87      0     0
16:59:13  all    91     0    6    0        3       0     91      0     0
16:59:14  all    89     0    6    0        5       0     89      0     0
16:59:15  all    86     0    9    0        5       0     87      0     0
16:59:16  all    89     0    6    0        5       0     88      0     0
16:59:17  all    89     0    5    0        6       0     89      0     0
16:59:18  all    88     0    7    0        5       0     88      0     0
16:59:19  all    89     0    7    0        4       0     89      0     0
16:59:20  all    89     0    5    0        6       0     89      0     0
16:59:21  all    89     0    6    0        5       0     89      0     0
16:59:22  all    88     0    8    0        4       0     88      0     0
16:59:23  all    89     0    5    0        6       0     90      0     0
16:59:24  all    89     0    5    0        6       0     89      0     0
16:59:25  all    88     0    4    0        8       0     87      0     0
16:59:26  all    86     0    8    0        6       0     86      0     0
16:59:27  all    93     0    5    0        2       0     93      0     0
16:59:28  all    83     0    8    0        9       0     84      0     0
16:59:29  all    90     0    4    0        6       0     89      0     0
16:59:30  all    88     0    6    0        6       0     88      0     0
16:59:31  all    83     0    5    0       12       0     83      0     0
16:59:32  all    87     0    8    0        5       0     88      0     0
16:59:33  all    80     0   10    0       10       0     79      0     0
16:59:34  all    87     0    9    0        4       0     87      0     0
16:59:35  all    90     0    6    0        4       0     91      0     0
16:59:36  all    93     0    3    0        4       0     92      0     0
16:59:37  all    83     0   11    0        6       0     83      0     0
16:59:38  all    86     0    7    0        7       0     87      0     0
16:59:39  all    91     0    6    0        3       0     90      0     0
16:59:40  all    86     0    9    0        5       0     86      0     0
16:59:41  all    92     0    5    0        3       0     92      0     0
16:59:42  all    91     0    5    0        4       0     92      0     0
16:59:43  all    86     0    6    0        8       0     85      0     0
16:59:44  all    90     0    6    0        4       0     90      0     0
16:59:45  all    86     0    8    0        6       0     86      0     0
16:59:46  all    85     0    5    0       10       0     85      0     0
16:59:47  all    86     0    8    0        6       0     85      0     0
16:59:48  all    87     0    9    0        4       0     88      0     0
16:59:49  all    86     0    6    0        8       0     86      0     0
16:59:50  all    91     0    5    0        4       0     91      0     0
16:59:51  all    89     0    7    0        4       0     88      0     0
16:59:52  all    87     0    7    0        6       0     87      0     0
16:59:53  all    91     0    4    0        5       0     92      0     0
16:59:54  all    89     0    8    0        3       0     89      0     0
16:59:55  all    87     0    7    0        6       0     87      0     0
16:59:56  all    88     0    8    0        4       0     88      0     0
16:59:57  all    90     0    7    0        3       0     90      0     0
16:59:58  all    88     0    7    0        5       0     88      0     0
16:59:59  all    86     0    9    0        5       0     86      0     0
17:00:00  all    92     0    5    0        3       0     92      0     0
17:00:01  all    90     0    6    0        4       0     90      0     0
17:00:02  all    88     0    7    0        5       0     87      0     0
17:00:03  all    89     0    7    0        4       0     90      0     0
17:00:04  all    90     0    8    0        2       0     90      0     0
17:00:05  all    88     0    8    0        4       0     88      0     0
17:00:06  all    89     0    6    0        5       0     88      0     0
17:00:07  all    93     0    3    0        4       0     94      0     0
17:00:08  all    81     0    9    0       10       0     81      0     0
17:00:09  all    91     0    3    0        6       0     91      0     0
17:00:10  all    87     0    4    0        9       0     87      0     0
17:00:11  all    86     0    7    0        7       0     86      0     0
17:00:12  all    85     0    9    0        6       0     85      0     0
17:00:13  all    91     0    7    0        2       0     91      0     0
17:00:14  all    84     0    8    0        8       0     83      0     0
17:00:15  all    93     0    5    0        2       0     94      0     0
17:00:16  all    85     0    7    0        8       0     85      0     0
17:00:17  all    92     0    5    0        3       0     92      0     0
17:00:18  all    83     0   10    0        7       0     83      0     0
17:00:19  all    86     0    7    0        7       0     85      0     0
17:00:20  all    85     0    8    0        7       0     86      0     0
17:00:21  all    91     0    4    0        5       0     91      0     0
17:00:22  all    87     0    8    0        5       0     87      0     0
17:00:23  all    88     0   10    0        2       0     87      0     0
17:00:24  all    89     0    6    0        5       0     90      0     0
17:00:25  all    89     0    9    0        2       0     88      0     0
17:00:26  all    89     0    4    0        7       0     90      0     0
17:00:27  all    90     0    5    0        5       0     90      0     0
17:00:28  all    91     0    3    0        6       0     90      0     0
17:00:29  all    88     0    7    0        5       0     88      0     0
17:00:30  all    94     0    2    0        4       0     94      0     0
17:00:31  all    87     0    7    0        6       0     88      0     0
17:00:32  all    89     0    7    0        4       0     88      0     0
17:00:33  all    94     0    5    0        1       0     94      0     0
17:00:34  all    93     0    4    0        3       0     93      0     0
17:00:35  all    85     0    8    0        7       0     85      0     0
17:00:36  all    93     0    5    0        2       0     94      0     0
17:00:37  all    83     0    7    0       10       0     82      0     0
17:00:38  all    88     0    4    0        8       0     89      0     0
17:00:39  all    90     0    7    0        3       0     89      0     0
17:00:40  all    88     0    8    0        4       0     88      0     0
17:00:41  all   100     0    0    0        0       0    100      0     0
17:00:42  all   100     0    0    0        0       0    100      0     0
17:00:43  all   100     0    0    0        0       0    100      0     0
17:00:44  all   100     0    0    0        0       0    100      0     0
17:00:45  all   100     0    0    0        0       0    100      0     0
17:00:46  all   100     0    0    0        0       0    101      0     0
17:00:47  all   100     0    0    0        0       0    100      0     0
17:00:48  all   100     0    0    0        0       0     99      0     0
17:00:49  all   100     0    0    0        0       0    100      0     0
