
o41  4.10.0-42-generic  #46~16.04.1-Ubuntu SMP Mon Dec 4 15:57:59 UTC 2017  x86_64  2017/12/27

-------------------------- analysis date: 2017/12/27 --------------------------

21:39:38  cpu  %usr %nice %sys %irq %softirq  %steal %guest  %wait %idle  _cpu_
21:39:39  all     0     0    0    0        0       0      0      0   100
21:39:40  all     0     0    0    0        0       0      0      0   100
21:39:41  all     0     0    0    0        0       0      0      0   100
21:39:42  all     0     0    0    0        0       0      0      0   100
21:39:43  all     0     0    0    0        0       0      0      0   100
21:39:44  all     0     0    2    0        1       0      0      0    97
21:39:45  all     0     0    2    0        1       0      0      0    97
21:39:46  all     0     0    2    0        4       0      0      0    94
21:39:47  all     0     0    3    0        5       0      0      0    92
21:39:48  all     0     0    2    0        1       0      0      0    97
21:39:49  all     0     0    2    0        1       0      0      0    97
21:39:50  all     0     0    2    0        3       0      0      0    95
21:39:51  all     0     0    1    0        4       0      0      0    95
21:39:52  all     0     0    0    0        2       0      0      0    98
21:39:53  all     0     0    0    0        1       0      0      0    99
21:39:54  all     0     0    5    0        5       0      0      0    90
21:39:55  all     0     0    1    0        3       0      0      0    96
21:39:56  all     0     0    0    0        2       0      0      0    98
21:39:57  all     1     0    3    0        1       0      0      0    95
21:39:58  all     0     0    3    0        6       0      0      0    91
21:39:59  all     0     0    2    0        3       0      0      0    95
21:40:00  all     0     0    0    0        1       0      0      0    99
21:40:01  all     0     0    2    0        2       0      0      0    96
21:40:02  all     0     0    2    0        4       0      0      0    94
21:40:03  all     0     0    1    0        4       0      0      0    95
21:40:04  all     0     0    2    0        1       0      0      0    97
21:40:05  all     0     0    2    0        1       0      0      0    97
21:40:06  all     0     0    2    0        1       0      0      0    97
21:40:07  all     0     0    2    0        6       0      0      0    92
21:40:08  all     0     0    3    0        1       0      0      0    96
21:40:09  all     0     0    3    0        1       0      0      0    96
21:40:10  all     0     0    2    0        2       0      0      0    96
21:40:11  all     0     0    1    0        7       0      0      0    92
21:40:12  all     0     0    2    0        0       0      0      0    98
21:40:13  all     0     0    1    0        2       0      0      0    97
21:40:14  all     0     0    3    0        2       0      0      0    95
21:40:15  all     0     0    1    0        4       0      0      0    95
21:40:16  all     0     0    3    0        2       0      0      0    95
21:40:17  all     0     0    1    0        4       0      0      0    95
21:40:18  all     0     0    4    0        4       0      0      0    92
21:40:19  all     0     0    3    0        3       0      0      0    94
21:40:20  all     0     0    2    0        3       0      0      0    95
21:40:21  all     0     0    2    0        2       0      0      0    96
21:40:22  all     0     0    5    0        4       0      0      0    91
21:40:23  all     0     0    2    0        2       0      0      2    94
21:40:24  all     0     0    2    0        6       0      0      0    92
21:40:25  all     0     0    3    0        0       0      0      0    97
21:40:26  all     0     0    2    0        4       0      0      0    94
21:40:27  all     0     0    4    0        0       0      0      0    96
21:40:28  all     0     0    1    0        4       0      0      0    95
21:40:29  all     0     0    4    0        1       0      0      0    95
21:40:30  all     0     0    2    0        3       0      0      0    95
21:40:31  all     0     0    2    0        2       0      0      0    96
21:40:32  all     0     0    4    0        3       0      0      0    93
21:40:33  all     0     0    1    0        3       0      0      0    96
21:40:34  all     1     0    1    0        2       0      0      0    96
21:40:35  all     0     0    3    0        3       0      0      0    94
21:40:36  all     0     0    2    0        1       0      0      0    97
21:40:37  all     0     0    2    0        5       0      0      0    93
21:40:38  all     1     0    4    0        1       0      0      0    94
21:40:39  all     0     0    3    0        4       0      0      0    93
21:40:40  all     0     0    1    0        4       0      0      0    95
21:40:41  all     0     0    1    0        1       0      0      0    98
21:40:42  all     0     0    3    0        3       0      0      0    94
21:40:43  all     0     0    3    0        1       0      0      0    96
21:40:44  all     0     0    2    0        3       0      0      0    95
21:40:45  all     0     0    1    0        2       0      0      0    97
21:40:46  all     0     0    2    0        2       0      0      0    96
21:40:47  all     0     0    3    0        4       0      0      0    93
21:40:48  all     0     0    1    0        2       0      0      0    97
21:40:49  all     0     0    2    0        3       0      0      0    95
21:40:50  all     0     0    2    0        3       0      0      0    95
21:40:51  all     0     0    1    0        3       0      0      0    96
21:40:52  all     0     0    4    0        7       0      0      0    89
21:40:53  all     0     0    1    0        1       0      0      0    98
21:40:54  all     0     0    3    0        3       0      0      0    94
21:40:55  all     0     0    2    0        4       0      0      0    94
21:40:56  all     0     0    1    0        2       0      0      0    97
21:40:57  all     0     0    2    0        3       0      0      0    95
21:40:58  all     0     0    2    0        6       0      0      0    92
21:40:59  all     0     0    2    0        1       0      0      0    97
21:41:00  all     0     0    2    0        1       0      0      0    97
21:41:01  all     0     0    2    0        5       0      0      0    93
21:41:02  all     0     0    4    0        1       0      0      0    95
21:41:03  all     0     0    1    0        1       0      0      0    98
21:41:04  all     0     0    3    0        6       0      0      0    91
21:41:05  all     0     0    2    0        2       0      0      0    96
21:41:06  all     0     0    1    0        2       0      0      0    97
21:41:07  all     1     0    3    0        4       0      0      0    92
21:41:08  all     0     0    3    0        1       0      0      0    96
21:41:09  all     0     0    1    0        2       0      0      0    97
21:41:10  all     0     0    3    0        1       0      0      0    96
21:41:11  all     1     0    2    0        6       0      0      0    91
21:41:12  all     0     0    1    0        2       0      0      0    97
21:41:13  all     0     0    4    0        2       0      0      0    94
21:41:14  all     0     0    2    0        4       0      0      0    94
21:41:15  all     0     0    3    0        3       0      0      0    94
21:41:16  all     0     0    3    0        2       0      0      0    95
21:41:17  all     1     0    3    0        1       0      0      0    95
21:41:18  all     0     0    1    0        7       0      0      0    92
21:41:19  all     0     0    2    0        2       0      0      0    96
21:41:20  all     0     0    2    0        1       0      0      0    97
21:41:21  all     0     0    1    0        2       0      0      0    97
21:41:22  all     0     0    1    0        8       0      0      0    91
21:41:23  all     0     0    4    0        2       0      0      0    94
21:41:24  all     0     0    2    0        1       0      0      0    97
21:41:25  all     1     0    2    0        2       0      0      0    95
21:41:26  all     0     0    4    0        4       0      0      0    92
21:41:27  all     0     0    2    0        1       0      0      0    97
21:41:28  all     0     0    2    0        3       0      0      0    95
21:41:29  all     0     0    3    0        2       0      0      0    95
21:41:30  all     0     0    2    0        4       0      0      0    94
21:41:31  all     0     0    3    0        5       0      0      0    92
21:41:32  all     0     0    2    0        2       0      0      0    96
21:41:33  all     0     0    2    0        2       0      0      0    96
21:41:34  all     0     0    3    0        0       0      0      0    97
21:41:35  all     0     0    1    0        7       0      0      0    92
21:41:36  all     1     0    2    0        3       0      0      0    94
21:41:37  all     0     0    1    0        2       0      0      0    97
21:41:38  all     1     0    1    0        3       0      0      0    95
21:41:39  all     0     0    3    0        1       0      0      0    96
21:41:40  all     0     0    3    0        6       0      0      0    91
21:41:41  all     0     0    2    0        4       0      0      0    94
21:41:42  all     1     0    3    0        1       0      0      0    95
21:41:43  all     0     0    1    0        3       0      0      0    96
21:41:44  all     1     0    0    0        0       0      0      0    99
21:41:45  all     1     0    0    0        0       0      0      0    99
21:41:46  all     0     0    0    0        0       0      0      0   100
21:41:47  all     1     0    0    0        0       0      0      0    99
21:41:48  all     0     0    0    0        0       0      0      0   100
