
o41  4.14.3  #1 SMP Sat Dec 2 23:29:58 EST 2017  x86_64  2017/12/03

-------------------------- analysis date: 2017/12/03 --------------------------

15:32:58  cpu  %usr %nice %sys %irq %softirq  %steal %guest  %wait %idle  _cpu_
15:32:59  all     0     0    0    0        0       0      0      0   100
15:33:00  all     0     0    0    0        0       0      0      0   100
15:33:01  all     0     0    0    0        0       0      0      0   100
15:33:02  all     1     0    0    0        0       0      0      0    99
15:33:03  all     0     0    0    0        0       0      0      0   100
15:33:04  all     1     0    5    0        0       0      0      0    94
15:33:05  all     0     0    2    0        0       0      0      0    98
15:33:06  all     0     0    1    0        0       0      0      0    99
15:33:07  all     0     0    1    0        0       0      0      0    99
15:33:08  all     0     0    1    0        0       0      0      0    99
15:33:09  all     0     0    0    0        1       0      0      0    99
15:33:10  all     0     0    0    0        0       0      0      0   100
15:33:11  all     1     0    2    0        1       0      0      0    96
15:33:12  all     0     0    0    0        0       0      0      0   100
15:33:13  all     0     0    0    0        0       0      0      0   100
15:33:14  all     0     0    0    0        0       0      0      0   100
15:33:15  all     0     0    0    0        0       0      0      0   100
15:33:16  all     0     0    1    0        0       0      0      0    99
15:33:17  all     0     0    1    0        0       0      0      0    99
15:33:18  all     0     0    0    0        1       0      0      0    99
15:33:19  all     0     0    2    0        0       0      0      0    98
15:33:20  all     0     0    1    0        0       0      0      0    99
15:33:21  all     0     0    0    0        1       0      0      0    99
15:33:22  all     0     0    1    0        0       0      0      0    99
15:33:23  all     0     0    2    0        0       0      0      0    98
15:33:24  all     0     0    0    0        1       0      0      0    99
15:33:25  all     0     0    1    0        0       0      0      0    99
15:33:26  all     0     0    1    0        0       0      0      0    99
15:33:27  all     0     0    1    0        0       0      0      0    99
15:33:28  all     0     0    1    0        0       0      0      0    99
15:33:29  all     0     0    1    0        0       0      0      0    99
15:33:30  all     0     0    1    0        0       0      0      0    99
15:33:31  all     0     0    1    0        0       0      0      0    99
15:33:32  all     0     0    1    0        0       0      0      0    99
15:33:33  all     0     0    0    0        1       0      0      0    99
15:33:34  all     0     0    1    0        0       0      0      0    99
15:33:35  all     0     0    0    0        0       0      0      0   100
15:33:36  all     0     0    1    0        0       0      0      0    99
15:33:37  all     0     0    0    0        0       0      0      0   100
15:33:38  all     0     0    1    0        1       0      0      0    98
15:33:39  all     0     0    1    0        0       0      0      0    99
15:33:40  all     0     0    1    0        0       0      0      0    99
15:33:41  all     0     0    1    0        0       0      0      0    99
15:33:42  all     0     0    1    0        0       0      0      0    99
15:33:43  all     0     0    1    0        1       0      0      0    98
15:33:44  all     0     0    1    0        0       0      0      0    99
15:33:45  all     0     0    2    0        0       0      0      0    98
15:33:46  all     1     0    0    0        0       0      0      0    99
15:33:47  all     1     0    1    0        0       0      0      0    98
15:33:48  all     0     0    2    0        1       0      0      0    97
15:33:49  all     0     0    1    0        0       0      0      0    99
15:33:50  all     0     0    1    0        0       0      0      0    99
15:33:51  all     1     0    1    0        0       0      0      0    98
15:33:52  all     0     0    1    0        0       0      0      0    99
15:33:53  all     0     0    2    0        1       0      0      0    97
15:33:54  all     0     0    1    0        0       0      0      0    99
15:33:55  all     0     0    2    0        0       0      0      0    98
15:33:56  all     0     0    1    0        1       0      0      0    98
15:33:57  all     0     0    2    0        0       0      0      0    98
15:33:58  all     1     0    1    0        0       0      0      0    98
15:33:59  all     0     0    2    0        0       0      0      0    98
15:34:00  all     0     0    1    0        0       0      0      0    99
15:34:01  all     0     0    1    0        0       0      0      0    99
15:34:02  all     0     0    2    0        0       0      0      0    98
15:34:03  all     0     0    1    0        1       0      0      0    98
15:34:04  all     0     0    1    0        0       0      0      0    99
15:34:05  all     0     0    1    0        1       0      0      0    98
15:34:06  all     0     0    1    0        0       0      0      0    99
15:34:07  all     0     0    1    0        0       0      0      0    99
15:34:08  all     0     0    2    0        0       0      0      0    98
15:34:09  all     1     0    2    0        0       0      0      0    97
15:34:10  all     0     0    0    0        0       0      0      0   100
15:34:11  all     0     0    2    0        0       0      0      0    98
15:34:12  all     0     0    1    0        0       0      0      0    99
15:34:13  all     1     0    1    0        1       0      0      0    97
15:34:14  all     0     0    1    0        0       0      0      0    99
15:34:15  all     0     0    1    0        0       0      0      0    99
15:34:16  all     0     0    1    0        1       0      0      0    98
15:34:17  all     0     0    2    0        0       0      0      0    98
15:34:18  all     0     0    2    0        0       0      0      0    98
15:34:19  all     0     0    1    0        0       0      0      0    99
15:34:20  all     0     0    2    0        0       0      0      0    98
15:34:21  all     0     0    1    0        0       0      0      0    99
15:34:22  all     1     0    1    0        0       0      0      0    98
15:34:23  all     0     0    1    0        0       0      0      0    99
15:34:24  all     1     0    1    0        0       0      0      0    98
15:34:25  all     0     0    1    0        0       0      0      0    99
15:34:26  all     0     0    1    0        0       0      0      2    97
15:34:27  all     0     0    1    0        1       0      0      0    98
15:34:28  all     0     0    2    0        0       0      0      0    98
15:34:29  all     0     0    2    0        0       0      0      0    98
15:34:30  all     0     0    1    0        0       0      0      0    99
15:34:31  all     0     0    2    0        1       0      0      0    97
15:34:32  all     0     0    1    0        0       0      0      0    99
15:34:33  all     0     0    1    0        0       0      0      0    99
15:34:34  all     0     0    1    0        0       0      0      0    99
15:34:35  all     0     0    1    0        0       0      0      0    99
15:34:36  all     0     0    2    0        0       0      0      0    98
15:34:37  all     0     0    1    0        1       0      0      0    98
15:34:38  all     0     0    1    0        0       0      0      0    99
15:34:39  all     0     0    1    0        1       0      0      0    98
15:34:40  all     0     0    2    0        0       0      0      0    98
15:34:41  all     0     0    1    0        0       0      0      0    99
15:34:42  all     0     0    2    0        1       0      0      0    97
15:34:43  all     0     0    2    0        0       0      0      0    98
15:34:44  all     1     0    1    0        0       0      0      0    98
15:34:45  all     0     0    1    0        0       0      0      0    99
15:34:46  all     0     0    2    0        1       0      0      0    97
15:34:47  all     0     0    1    0        0       0      0      0    99
15:34:48  all     0     0    1    0        0       0      0      0    99
15:34:49  all     0     0    2    0        1       0      0      0    97
15:34:50  all     0     0    1    0        1       0      0      0    98
15:34:51  all     1     0    1    0        0       0      0      0    98
15:34:52  all     0     0    1    0        0       0      0      0    99
15:34:53  all     0     0    1    0        0       0      0      0    99
15:34:54  all     0     0    1    0        1       0      0      0    98
15:34:55  all     1     0    1    0        0       0      0      0    98
15:34:56  all     0     0    0    0        1       0      0      0    99
15:34:57  all     1     0    2    0        0       0      0      0    97
15:34:58  all     0     0    1    0        0       0      0      0    99
15:34:59  all     0     0    1    0        0       0      0      0    99
15:35:00  all     1     0    1    0        0       0      0      0    98
15:35:01  all     0     0    2    0        0       0      0      0    98
15:35:02  all     1     0    1    0        1       0      0      0    97
15:35:03  all     0     0    2    0        0       0      0      0    98
15:35:04  all     0     0    0    0        0       0      0      0   100
15:35:05  all     0     0    0    0        0       0      0      0   100
15:35:06  all     0     0    0    0        0       0      0      0   100
15:35:07  all     0     0    0    0        0       0      0      1    99
15:35:08  all     0     0    1    0        0       0      0      0    99
