
o41  4.10.0-40-generic  #44~16.04.1-Ubuntu SMP Thu Nov 9 15:37:44 UTC 2017  x86_64  2017/11/29

-------------------------- analysis date: 2017/11/29 --------------------------

15:40:44  cpu  %usr %nice %sys %irq %softirq  %steal %guest  %wait %idle  _cpu_
15:40:45  all    99     0    1    0        0       0    100      0     0
15:40:46  all   100     0    0    0        0       0     99      0     0
15:40:47  all   100     0    0    0        0       0    100      0     0
15:40:48  all   100     0    0    0        0       0    100      0     0
15:40:49  all   100     0    0    0        0       0    100      0     0
15:40:50  all   100     0    0    0        0       0    100      0     0
15:40:51  all    99     0    1    0        0       0     99      0     0
15:40:52  all   100     0    0    0        0       0    100      0     0
15:40:53  all    98     0    1    0        1       0     98      0     0
15:40:54  all    83     0   12    0        5       0     77      0     0
15:40:55  all    83     0   14    0        3       0     76      0     0
15:40:56  all    80     0   13    0        7       0     77      0     0
15:40:57  all    79     0   13    0        8       0     75      0     0
15:40:58  all    78     0   13    0        9       0     70      0     0
15:40:59  all    78     0   16    0        6       0     72      0     0
15:41:00  all    82     0   12    0        6       0     73      0     0
15:41:01  all    80     0   16    0        4       0     72      0     0
15:41:02  all    79     0   14    0        7       0     71      0     0
15:41:03  all    82     0   12    0        6       0     75      0     0
15:41:04  all    80     0   11    0        9       0     72      0     0
15:41:05  all    79     0   15    0        6       0     74      0     0
15:41:06  all    82     0   12    0        6       0     73      0     0
15:41:07  all    77     0   14    0        9       0     72      0     0
15:41:08  all    80     0   14    0        6       0     74      0     0
15:41:09  all    81     0   12    0        7       0     73      0     0
15:41:10  all    82     0   14    0        4       0     77      0     0
15:41:11  all    84     0   12    0        4       0     76      0     0
15:41:12  all    79     0   15    0        6       0     72      0     0
15:41:13  all    84     0   10    0        6       0     76      0     0
15:41:14  all    83     0   12    0        5       0     77      0     0
15:41:15  all    78     0   11    0       11       0     75      0     0
15:41:16  all    82     0   11    0        7       0     78      0     0
15:41:17  all    81     0   13    0        6       0     71      0     0
15:41:18  all    76     0    9    0       15       0     71      0     0
15:41:19  all    83     0   13    0        4       0     78      0     0
15:41:20  all    80     0   14    0        6       0     72      0     0
15:41:21  all    82     0   12    0        6       0     76      0     0
15:41:22  all    84     0    9    0        7       0     77      0     0
15:41:23  all    78     0   15    0        7       0     72      0     0
15:41:24  all    81     0   14    0        5       0     74      0     0
15:41:25  all    83     0   12    0        5       0     76      0     0
15:41:26  all    81     0   13    0        6       0     72      0     0
15:41:27  all    79     0   12    0        9       0     73      0     0
15:41:28  all    80     0   15    0        5       0     73      0     0
15:41:29  all    81     0   12    0        7       0     74      0     0
15:41:30  all    83     0   10    0        7       0     77      0     0
15:41:31  all    81     0   11    0        8       0     75      0     0
15:41:32  all    85     0   11    0        4       0     79      0     0
15:41:33  all    82     0   13    0        5       0     74      0     0
15:41:34  all    84     0    9    0        7       0     78      0     0
15:41:35  all    82     0   14    0        4       0     74      0     0
15:41:36  all    85     0    9    0        6       0     78      0     0
15:41:37  all    77     0   16    0        7       0     70      0     0
15:41:38  all    84     0   10    0        6       0     68      0     0
15:41:39  all    87     0    8    0        5       0     85      0     0
15:41:40  all    87     0    7    0        6       0     85      0     0
15:41:41  all    81     0   12    0        7       0     72      0     0
15:41:42  all    85     0   11    0        4       0     79      0     0
15:41:43  all    84     0   12    0        4       0     76      0     0
15:41:44  all    83     0   12    0        5       0     75      0     0
15:41:45  all    84     0   10    0        6       0     74      0     0
15:41:46  all    81     0   11    0        8       0     75      0     0
15:41:47  all    83     0   10    0        7       0     74      0     0
15:41:48  all    82     0   10    0        8       0     74      0     0
15:41:49  all    80     0   12    0        8       0     72      0     0
15:41:50  all    80     0   13    0        7       0     72      0     0
15:41:51  all    78     0   14    0        8       0     72      0     0
15:41:52  all    81     0    9    0       10       0     79      0     0
15:41:53  all    87     0    7    0        6       0     79      0     0
15:41:54  all    79     0   15    0        6       0     74      0     0
15:41:55  all    81     0   12    0        7       0     74      0     0
15:41:56  all    86     0    8    0        6       0     81      0     0
15:41:57  all    82     0   14    0        4       0     77      0     0
15:41:58  all    83     0   10    0        7       0     73      0     0
15:41:59  all    88     0    6    0        6       0     84      0     0
15:42:00  all    77     0   18    0        5       0     68      0     0
15:42:01  all    77     0   18    0        5       0     75      0     0
15:42:02  all    72     0   16    0       12       0     66      0     0
15:42:03  all    86     0   12    0        2       0     74      0     0
15:42:04  all    76     0   22    0        2       0     70      0     0
15:42:05  all    79     0   10    0       11       0     76      0     0
15:42:06  all    77     0   14    0        9       0     69      0     0
15:42:07  all    84     0    9    0        7       0     79      0     0
15:42:08  all    83     0   12    0        5       0     72      0     0
15:42:09  all    83     0    9    0        8       0     80      0     0
15:42:10  all    76     0   11    0       13       0     70      0     0
15:42:11  all    88     0    7    0        5       0     84      0     0
15:42:12  all    80     0   14    0        6       0     76      0     0
15:42:13  all    86     0   12    0        2       0     77      0     0
15:42:14  all    80     0   15    0        5       0     72      0     0
15:42:15  all    87     0    8    0        5       0     79      0     0
15:42:16  all    84     0   10    0        6       0     78      0     0
15:42:17  all    81     0   13    0        6       0     74      0     0
15:42:18  all    84     0   10    0        6       0     76      0     0
15:42:19  all    82     0   10    0        8       0     73      0     0
15:42:20  all    94     0    6    0        0       0     77      0     0
15:42:21  all    88     0    8    0        4       0     86      0     0
15:42:22  all    76     0   15    0        9       0     75      0     0
15:42:23  all    80     0   13    0        7       0     73      0     0
15:42:24  all    81     0   14    0        5       0     73      0     0
15:42:25  all    84     0   13    0        3       0     76      0     0
15:42:26  all    84     0   12    0        4       0     77      0     0
15:42:27  all    82     0   12    0        6       0     76      0     0
15:42:28  all    81     0   13    0        6       0     74      0     0
15:42:29  all    85     0   10    0        5       0     78      0     0
15:42:30  all    80     0   11    0        9       0     77      0     0
15:42:31  all    86     0    9    0        5       0     79      0     0
15:42:32  all    83     0   10    0        7       0     77      0     0
15:42:33  all    76     0   16    0        8       0     73      0     0
15:42:34  all    82     0   10    0        8       0     74      0     0
15:42:35  all    81     0   11    0        8       0     75      0     0
15:42:36  all    84     0    9    0        7       0     76      0     0
15:42:37  all    78     0   15    0        7       0     74      0     0
15:42:38  all    82     0   10    0        8       0     73      0     0
15:42:39  all    81     0   13    0        6       0     75      0     0
15:42:40  all    82     0   12    0        6       0     72      0     0
15:42:41  all    86     0    7    0        7       0     83      0     0
15:42:42  all    91     0    9    0        0       0     78      0     0
15:42:43  all    81     0   18    0        1       0     78      0     0
15:42:44  all    79     0   10    0       11       0     76      0     0
15:42:45  all    67     0   19    0       14       0     62      0     0
15:42:46  all    74     0   13    0       13       0     71      0     0
15:42:47  all    84     0   10    0        6       0     73      0     0
15:42:48  all    82     0   11    0        7       0     76      0     0
15:42:49  all    73     0    9    0       18       0     69      0     0
15:42:50  all    90     0    9    0        1       0     73      0     0
15:42:51  all    77     0   21    0        2       0     70      0     0
15:42:52  all    80     0   16    0        4       0     77      0     0
15:42:53  all    88     0    6    0        6       0     76      0     0
15:42:54  all   100     0    0    0        0       0    100      0     0
15:42:55  all   100     0    0    0        0       0    100      0     0
15:42:56  all   100     0    0    0        0       0    100      0     0
15:42:57  all   100     0    0    0        0       0    100      0     0
15:42:58  all   100     0    0    0        0       0    100      0     0
15:42:59  all   100     0    0    0        0       0    100      0     0
15:43:00  all   100     0    0    0        0       0    100      0     0
15:43:01  all   100     0    0    0        0       0    100      0     0
15:43:02  all   100     0    0    0        0       0    100      0     0
