
o41  4.10.0-40-generic  #44~16.04.1-Ubuntu SMP Thu Nov 9 15:37:44 UTC 2017  x86_64  2017/11/29

-------------------------- analysis date: 2017/11/29 --------------------------

15:03:32  cpu  %usr %nice %sys %irq %softirq  %steal %guest  %wait %idle  _cpu_
15:03:33  all   100     0    0    0        0       0    100      0     0
15:03:34  all   100     0    0    0        0       0    100      0     0
15:03:35  all   100     0    0    0        0       0    100      0     0
15:03:36  all    99     0    1    0        0       0     99      0     0
15:03:37  all   100     0    0    0        0       0     99      0     0
15:03:38  all    99     0    1    0        0       0    100      0     0
15:03:39  all   100     0    0    0        0       0    100      0     0
15:03:40  all   100     0    0    0        0       0    100      0     0
15:03:41  all    99     0    1    0        0       0     99      0     0
15:03:42  all    83     0   11    0        6       0     81      0     0
15:03:43  all    83     0   10    0        7       0     78      0     0
15:03:44  all    81     0   14    0        5       0     76      0     0
15:03:45  all    82     0   12    0        6       0     77      0     0
15:03:46  all    81     0   10    0        9       0     74      0     0
15:03:47  all    83     0   10    0        7       0     75      0     0
15:03:48  all    76     0   15    0        9       0     70      0     0
15:03:49  all    82     0   12    0        6       0     75      0     0
15:03:50  all    82     0   11    0        7       0     74      0     0
15:03:51  all    80     0   15    0        5       0     73      0     0
15:03:52  all    80     0   17    0        3       0     74      0     0
15:03:53  all    82     0   12    0        6       0     77      0     0
15:03:54  all    78     0   17    0        5       0     73      0     0
15:03:55  all    83     0   14    0        3       0     78      0     0
15:03:56  all    84     0   11    0        5       0     79      0     0
15:03:57  all    77     0   18    0        5       0     72      0     0
15:03:58  all    81     0   15    0        4       0     76      0     0
15:03:59  all    83     0   12    0        5       0     75      0     0
15:04:00  all    81     0   15    0        4       0     75      0     0
15:04:01  all    82     0   14    0        4       0     76      0     0
15:04:02  all    85     0   10    0        5       0     77      0     0
15:04:03  all    80     0   14    0        6       0     74      0     0
15:04:04  all    83     0   12    0        5       0     75      0     0
15:04:05  all    82     0   12    0        6       0     77      0     0
15:04:06  all    82     0   12    0        6       0     76      0     0
15:04:07  all    83     0   12    0        5       0     78      0     0
15:04:08  all    79     0   14    0        7       0     73      0     0
15:04:09  all    84     0   10    0        6       0     77      0     0
15:04:10  all    83     0    9    0        8       0     78      0     0
15:04:11  all    85     0    9    0        6       0     75      0     0
15:04:12  all    80     0   14    0        6       0     75      0     0
15:04:13  all    83     0    9    0        8       0     77      0     0
15:04:14  all    80     0   13    0        7       0     74      0     0
15:04:15  all    79     0   13    0        8       0     73      0     0
15:04:16  all    81     0   14    0        5       0     75      0     0
15:04:17  all    80     0   15    0        5       0     74      0     0
15:04:18  all    83     0   12    0        5       0     77      0     0
15:04:19  all    84     0   10    0        6       0     78      0     0
15:04:20  all    80     0   13    0        7       0     73      0     0
15:04:21  all    83     0   10    0        7       0     75      0     0
15:04:22  all    80     0   14    0        6       0     73      0     0
15:04:23  all    80     0   15    0        5       0     74      0     0
15:04:24  all    82     0   11    0        7       0     75      0     0
15:04:25  all    83     0   12    0        5       0     76      0     0
15:04:26  all    79     0   14    0        7       0     72      0     0
15:04:27  all    87     0    9    0        4       0     82      0     0
15:04:28  all    78     0   15    0        7       0     74      0     0
15:04:29  all    82     0   12    0        6       0     76      0     0
15:04:30  all    81     0   10    0        9       0     72      0     0
15:04:31  all    85     0   13    0        2       0     78      0     0
15:04:32  all    83     0   11    0        6       0     74      0     0
15:04:33  all    82     0   12    0        6       0     74      0     0
15:04:34  all    83     0   11    0        6       0     77      0     0
15:04:35  all    78     0   14    0        8       0     72      0     0
15:04:36  all    80     0   14    0        6       0     74      0     0
15:04:37  all    83     0   12    0        5       0     74      0     0
15:04:38  all    81     0   12    0        7       0     76      0     0
15:04:39  all    80     0   14    0        6       0     72      0     0
15:04:40  all    85     0    9    0        6       0     80      0     0
15:04:41  all    84     0   11    0        5       0     80      0     0
15:04:42  all    83     0   12    0        5       0     75      0     0
15:04:43  all    89     0    6    0        5       0     81      0     0
15:04:44  all    83     0   14    0        3       0     76      0     0
15:04:45  all    83     0   11    0        6       0     76      0     0
15:04:46  all    82     0   12    0        6       0     76      0     0
15:04:47  all    84     0   12    0        4       0     76      0     0
15:04:48  all    86     0   11    0        3       0     80      0     0
15:04:49  all    80     0   15    0        5       0     73      0     0
15:04:50  all    81     0   11    0        8       0     75      0     0
15:04:51  all    80     0   12    0        8       0     74      0     0
15:04:52  all    80     0   11    0        9       0     75      0     0
15:04:53  all    84     0    9    0        7       0     78      0     0
15:04:54  all    84     0   12    0        4       0     77      0     0
15:04:55  all    83     0   13    0        4       0     75      0     0
15:04:56  all    79     0   13    0        8       0     72      0     0
15:04:57  all    82     0   13    0        5       0     75      0     0
15:04:58  all    84     0   10    0        6       0     74      0     0
15:04:59  all    80     0   13    0        7       0     74      0     0
15:05:00  all    83     0   12    0        5       0     78      0     0
15:05:01  all    82     0   12    0        6       0     75      0     0
15:05:02  all    81     0   12    0        7       0     74      0     0
15:05:03  all    84     0   10    0        6       0     77      0     0
15:05:04  all    84     0   10    0        6       0     77      0     0
15:05:05  all    82     0   12    0        6       0     77      0     0
15:05:06  all    83     0   11    0        6       0     77      0     0
15:05:07  all    82     0   12    0        6       0     75      0     0
15:05:08  all    82     0   14    0        4       0     77      0     0
15:05:09  all    84     0   12    0        4       0     76      0     0
15:05:10  all    84     0   10    0        6       0     79      0     0
15:05:11  all    81     0   14    0        5       0     76      0     0
15:05:12  all    82     0   11    0        7       0     78      0     0
15:05:13  all    77     0   16    0        7       0     71      0     0
15:05:14  all    82     0   12    0        6       0     76      0     0
15:05:15  all    84     0   11    0        5       0     76      0     0
15:05:16  all    81     0   11    0        8       0     76      0     0
15:05:17  all    81     0   13    0        6       0     77      0     0
15:05:18  all    82     0   14    0        4       0     76      0     0
15:05:19  all    82     0   13    0        5       0     75      0     0
15:05:20  all    81     0   13    0        6       0     77      0     0
15:05:21  all    84     0   10    0        6       0     78      0     0
15:05:22  all    84     0   12    0        4       0     78      0     0
15:05:23  all    83     0   12    0        5       0     77      0     0
15:05:24  all    83     0   11    0        6       0     76      0     0
15:05:25  all    84     0    7    0        9       0     77      0     0
15:05:26  all    81     0   13    0        6       0     73      0     0
15:05:27  all    84     0   10    0        6       0     78      0     0
15:05:28  all    83     0   11    0        6       0     77      0     0
15:05:29  all    82     0   13    0        5       0     74      0     0
15:05:30  all    85     0   10    0        5       0     78      0     0
15:05:31  all    79     0   14    0        7       0     74      0     0
15:05:32  all    81     0   12    0        7       0     74      0     0
15:05:33  all    83     0   12    0        5       0     77      0     0
15:05:34  all    84     0   11    0        5       0     77      0     0
15:05:35  all    78     0   13    0        9       0     70      0     0
15:05:36  all    79     0   14    0        7       0     75      0     0
15:05:37  all    84     0   12    0        4       0     73      0     0
15:05:38  all    82     0   10    0        8       0     77      0     0
15:05:39  all    82     0   12    0        6       0     73      0     0
15:05:40  all    83     0   12    0        5       0     78      0     0
15:05:41  all    79     0   14    0        7       0     71      0     0
15:05:42  all    96     0    4    0        0       0     95      0     0
15:05:43  all   100     0    0    0        0       0    100      0     0
15:05:44  all   100     0    0    0        0       0    100      0     0
15:05:45  all   100     0    0    0        0       0    100      0     0
15:05:46  all   100     0    0    0        0       0    100      0     0
15:05:47  all   100     0    0    0        0       0    100      0     0
15:05:48  all   100     0    0    0        0       0    100      0     0
15:05:49  all   100     0    0    0        0       0    100      0     0
15:05:50  all    99     0    1    0        0       0     99      0     0
15:05:51  all   100     0    0    0        0       0    100      0     0
