
o41  4.10.0-40-generic  #44~16.04.1-Ubuntu SMP Thu Nov 9 15:37:44 UTC 2017  x86_64  2017/11/29

-------------------------- analysis date: 2017/11/29 --------------------------

16:07:15  cpu  %usr %nice %sys %irq %softirq  %steal %guest  %wait %idle  _cpu_
16:07:16  all     0     0    0    0        0       0      0      0   100
16:07:17  all     1     0    0    0        0       0      0      0    99
16:07:18  all     0     0    0    0        0       0      0      0   100
16:07:19  all     1     0    1    0        0       0      0      0    98
16:07:20  all     0     0    0    0        0       0      0      0   100
16:07:21  all     0     0    0    0        0       0      1      0   100
16:07:22  all     0     0    0    0        0       0      0      0   100
16:07:23  all     8     0    6    0        2       0      6      0    84
16:07:24  all     9     0   18    0        3       0      9      0    70
16:07:25  all     9     0   12    0        5       0     10      0    74
16:07:26  all    11     0   16    0        3       0     10      0    70
16:07:27  all    11     0   13    0        4       0     11      1    70
16:07:28  all    11     0   17    0        3       0     12      0    69
16:07:29  all    12     0    8    0        4       0     12      0    76
16:07:30  all    16     0   10    0        2       0     15      0    72
16:07:31  all    10     0   11    0        6       0     10      0    73
16:07:32  all    11     0   14    0        4       0     11      0    70
16:07:33  all    10     0   13    0        2       0     11      0    75
16:07:34  all     9     0   12    0        3       0      9      0    76
16:07:35  all    13     0   15    0        3       0     11      0    69
16:07:36  all    11     0   11    0        4       0     11      0    73
16:07:37  all    11     0   12    0        5       0     11      0    71
16:07:38  all    11     0   11    0        2       0     10      0    75
16:07:39  all    11     0   15    0        3       0     12      0    70
16:07:40  all    13     0   15    0        3       0     13      0    69
16:07:41  all    14     0   13    0        4       0     13      0    69
16:07:42  all    12     0   15    0        5       0     12      0    68
16:07:43  all    12     0   15    0        3       0     12      0    70
16:07:44  all    14     0   11    0        3       0     14      0    72
16:07:45  all    14     0    9    0        5       0     15      0    73
16:07:46  all    12     0   17    0        3       0     11      0    68
16:07:47  all    11     0   13    0        2       0     12      0    73
16:07:48  all     9     0   17    0        1       0      9      0    73
16:07:49  all    13     0   13    0        3       0     13      0    71
16:07:50  all    12     0   11    0        6       0     12      0    71
16:07:51  all    12     0   14    0        2       0     12      0    71
16:07:52  all     9     0   13    0        3       0      9      0    75
16:07:53  all     8     0   13    0        6       0      8      0    74
16:07:54  all    14     0   15    0        2       0     14      0    69
16:07:55  all    11     0   14    0        3       0     11      0    71
16:07:56  all    12     0   10    0        3       0     12      0    74
16:07:57  all     8     0   13    0        5       0      7      0    75
16:07:58  all    13     0   12    0        3       0     13      0    71
16:07:59  all     8     0   13    0        5       0      9      0    75
16:08:00  all    11     0   10    0        3       0     11      0    75
16:08:01  all     8     0   14    0        3       0      7      0    75
16:08:02  all    14     0   13    0        4       0     14      0    69
16:08:03  all    12     0   16    0        5       0     12      0    67
16:08:04  all    13     0   14    0        5       0     13      0    68
16:08:05  all    12     0   17    0        3       0     12      0    68
16:08:06  all    14     0   15    0        2       0     13      0    69
16:08:07  all    13     0   16    0        3       0     13      1    67
16:08:08  all    10     0   16    0        4       0     11      0    70
16:08:09  all    14     0   12    0        3       0     13      0    70
16:08:10  all    11     0   12    0        4       0     12      0    72
16:08:11  all     7     0   17    0        4       0      7      0    72
16:08:12  all    11     0   15    0        6       0     11      1    67
16:08:13  all    14     0   14    0        5       0     12      0    68
16:08:14  all    10     0   12    0        3       0     11      0    74
16:08:15  all    12     0   16    0        3       0     12      0    69
16:08:16  all    11     0   14    0        3       0     11      0    71
16:08:17  all    13     0   15    0        2       0     13      0    70
16:08:18  all    14     0   14    0        3       0     14      0    69
16:08:19  all    11     0   11    0        4       0     11      0    73
16:08:20  all    13     0   12    0        2       0     13      0    72
16:08:21  all    10     0   14    0        4       0     10      0    71
16:08:22  all    12     0   13    0        4       0     12      0    71
16:08:23  all    14     0   10    0        5       0     13      0    70
16:08:24  all     8     0   15    0        1       0      9      0    76
16:08:25  all    14     0   13    0        2       0     14      0    71
16:08:26  all    13     0   16    0        3       0     13      0    68
16:08:27  all    11     0   18    0        3       0     11      0    68
16:08:28  all    14     0   11    0        3       0     14      0    71
16:08:29  all    10     0   15    0        3       0     10      0    72
16:08:30  all    15     0   13    0        3       0     14      0    69
16:08:31  all    10     0   16    0        3       0     11      0    70
16:08:32  all    11     0   13    0        2       0     11      0    73
16:08:33  all     9     0   15    0        3       0      9      0    73
16:08:34  all    10     0   15    0        2       0     10      0    73
16:08:35  all    11     0   12    0        3       0     11      0    73
16:08:36  all    11     0   10    0        3       0     11      1    74
16:08:37  all    13     0   15    0        2       0     13      0    70
16:08:38  all    13     0   15    0        4       0     13      0    68
16:08:39  all    11     0   14    0        3       0     10      0    71
16:08:40  all    10     0   14    0        4       0     11      0    71
16:08:41  all    15     0   12    0        3       0     15      0    70
16:08:42  all    12     0   12    0        4       0     12      0    71
16:08:43  all    14     0   15    0        2       0     14      0    69
16:08:44  all    10     0   14    0        4       0      9      0    71
16:08:45  all     7     0   15    0        6       0      8      0    73
16:08:46  all    13     0   11    0        3       0     12      0    72
16:08:47  all    11     0   15    0        3       0     12      0    71
16:08:48  all    10     0   10    0        5       0     10      0    74
16:08:49  all    12     0   15    0        3       0     12      0    70
16:08:50  all    14     0   15    0        4       0     14      0    66
16:08:51  all    13     0   12    0        6       0     12      0    69
16:08:52  all    12     0   14    0        4       0     13      0    70
16:08:53  all     9     0   15    0        3       0      9      0    73
16:08:54  all    14     0   12    0        4       0     14      0    70
16:08:55  all    15     0   11    0        2       0     14      0    71
16:08:56  all    14     0   14    0        4       0     15      0    68
16:08:57  all    11     0   14    0        1       0     11      0    74
16:08:58  all     9     0   15    0        3       0      9      0    73
16:08:59  all    12     0   15    0        3       0     12      0    70
16:09:00  all    12     0   14    0        3       0     12      0    71
16:09:01  all    13     0   13    0        4       0     13      0    70
16:09:02  all    11     0   13    0        2       0     11      0    73
16:09:03  all    11     0   12    0        7       0     11      0    71
16:09:04  all    11     0   14    0        2       0     11      0    72
16:09:05  all    11     0   16    0        1       0     11      0    72
16:09:06  all    12     0   16    0        2       0     11      0    70
16:09:07  all    13     0   12    0        3       0     14      0    71
16:09:08  all    11     0   14    0        4       0     11      0    71
16:09:09  all    13     0   11    0        5       0     13      0    71
16:09:10  all    11     0   12    0        3       0     11      0    73
16:09:11  all     8     0   14    0        5       0      8      1    72
16:09:12  all    13     0   15    0        3       0     13      0    69
16:09:13  all    10     0   10    0        6       0     10      0    74
16:09:14  all     9     0   12    0        5       0      9      0    74
16:09:15  all    13     0   15    0        3       0     12      0    69
16:09:16  all    11     0   12    0        4       0     12      0    72
16:09:17  all    12     0   12    0        2       0     12      0    73
16:09:18  all    13     0   13    0        1       0     13      0    74
16:09:19  all    14     0    9    0        3       0     14      0    74
16:09:20  all    13     0   14    0        5       0     13      0    68
16:09:21  all    13     0   16    0        4       0     13      0    67
16:09:22  all    12     0   13    0        3       0     12      0    71
16:09:23  all     7     0    9    0        2       0      7      0    82
16:09:24  all     0     0    1    0        0       0      0      0    99
16:09:25  all     0     0    0    0        0       0      0      0   100
16:09:26  all     0     0    0    0        0       0      0      0   100
16:09:27  all     0     0    0    0        0       0      0      0   100
16:09:28  all     0     0    0    0        0       0      0      0   100
16:09:29  all     0     0    1    0        0       0      0      0    99
16:09:30  all     2     0    2    0        0       0      2      0    96
