
o41  4.10.0-42-generic  #46~16.04.1-Ubuntu SMP Mon Dec 4 15:57:59 UTC 2017  x86_64  2017/12/26

-------------------------- analysis date: 2017/12/26 --------------------------

20:04:18  cpu  %usr %nice %sys %irq %softirq  %steal %guest  %wait %idle  _cpu_
20:04:19  all     0     0    0    0        0       0      0      0   100
20:04:20  all     0     0    0    0        0       0      0      1    99
20:04:21  all     0     0    0    0        0       0      0      0   100
20:04:22  all     0     0    0    0        0       0      0      0   100
20:04:23  all     0     0    0    0        0       0      0      1    99
20:04:24  all     0     0    0    0        0       0      0      0   100
20:04:25  all     0     0    0    0        0       0      0      0   100
20:04:26  all    14     0   11    0        3       0     15      0    72
20:04:27  all    16     0   16    0        2       0     15      0    66
20:04:28  all    12     0   14    0        3       0     13      0    71
20:04:29  all    14     0   16    0        3       0     13      0    67
20:04:30  all    12     0   15    0        2       0     13      0    71
20:04:31  all    14     0   13    0        2       0     14      0    71
20:04:32  all    14     0   10    0        2       0     13      0    74
20:04:33  all    12     0   13    0        1       0     12      0    74
20:04:34  all    11     0    8    0        1       0     11      0    80
20:04:35  all    17     0   17    0        4       0     17      0    62
20:04:36  all    11     0   16    0        1       0     11      0    72
20:04:37  all    13     0   12    0        3       0     13      0    72
20:04:38  all    11     0   10    0        3       0     11      0    75
20:04:39  all    12     0   11    0        1       0     12      1    75
20:04:40  all    15     0   15    0        2       0     15      0    69
20:04:41  all    11     0   16    0        5       0     11      0    67
20:04:42  all    13     0   15    0        4       0     13      0    67
20:04:43  all    11     0   11    0        3       0     11      0    74
20:04:44  all     9     0    9    0        3       0      9      0    78
20:04:45  all    13     0   12    0        5       0     12      1    69
20:04:46  all     9     0   15    0        6       0     10      0    71
20:04:47  all    13     0   15    0        4       0     13      0    67
20:04:48  all    12     0   17    0        3       0     12      0    67
20:04:49  all    12     0   11    0        3       0     12      0    74
20:04:50  all    10     0   14    0        2       0     10      0    73
20:04:51  all    13     0   16    0        4       0     13      0    67
20:04:52  all    14     0   12    0        2       0     13      0    72
20:04:53  all    12     0   15    0        2       0     12      0    70
20:04:54  all    14     0   15    0        2       0     14      0    68
20:04:55  all    13     0   12    0        3       0     13      0    72
20:04:56  all    13     0   10    0        3       0     13      0    73
20:04:57  all    15     0   12    0        2       0     15      0    71
20:04:58  all    10     0   11    0        3       0     10      0    75
20:04:59  all    10     0   15    0        2       0     10      0    72
20:05:00  all    13     0   13    0        3       0     13      0    71
20:05:01  all    15     0   10    0        1       0     15      0    74
20:05:02  all     8     0   13    0        2       0      8      0    76
20:05:03  all    11     0   11    0        1       0     11      0    76
20:05:04  all    11     0   10    0        3       0     11      0    75
20:05:05  all    12     0   11    0        2       0     12      0    74
20:05:06  all    16     0   13    0        1       0     16      0    71
20:05:07  all    16     0   14    0        3       0     15      0    67
20:05:08  all    10     0    7    0        1       0     11      0    82
20:05:09  all    15     0   16    0        3       0     14      0    65
20:05:10  all    14     0   13    0        3       0     14      0    70
20:05:11  all     8     0   16    0        1       0      9      0    76
20:05:12  all     9     0   14    0        4       0      9      0    73
20:05:13  all     9     0   12    0        3       0      9      0    76
20:05:14  all    16     0   11    0        3       0     14      0    70
20:05:15  all    13     0   18    0        3       0     14      0    66
20:05:16  all    13     0   14    0        1       0     12      0    71
20:05:17  all    10     0   11    0        0       0     11      0    79
20:05:18  all     9     0   16    0        6       0      8      1    69
20:05:19  all    12     0   12    0        1       0     13      0    75
20:05:20  all    13     0   13    0        2       0     13      0    71
20:05:21  all    14     0   14    0        3       0     12      0    68
20:05:22  all    14     0   11    0        2       0     14      0    73
20:05:23  all     9     0   11    0        0       0      9      0    80
20:05:24  all     9     0    9    0        3       0      9      0    79
20:05:25  all    16     0   13    0        2       0     16      0    69
20:05:26  all    13     0   11    0        1       0     13      0    75
20:05:27  all    12     0    9    0        1       0     12      0    78
20:05:28  all    16     0   20    0        6       0     16      0    58
20:05:29  all    17     0   13    0        5       0     17      0    65
20:05:30  all    14     0   16    0        6       0     14      0    63
20:05:31  all    14     0   17    0        5       0     14      0    64
20:05:32  all     9     0   10    0        2       0      9      0    79
20:05:33  all     9     0   10    0        1       0      8      0    80
20:05:34  all    14     0    6    0        0       0     15      0    81
20:05:35  all    11     0   10    0        1       0     10      0    78
20:05:36  all    11     0   13    0        0       0     11      0    76
20:05:37  all    11     0    8    0        1       0     13      0    79
20:05:38  all     9     0   13    0        1       0      8      0    77
20:05:39  all    11     0   13    0        2       0     12      0    73
20:05:40  all    11     0   12    0        5       0     10      0    72
20:05:41  all    17     0    7    0        1       0     17      0    75
20:05:42  all    15     0   14    0        1       0     15      0    70
20:05:43  all    13     0   14    0        1       0     12      0    71
20:05:44  all    12     0   16    0        1       0     12      0    71
20:05:45  all    13     0   11    0        0       0     13      0    76
20:05:46  all    12     0   13    0        5       0     13      0    71
20:05:47  all    17     0   12    0        2       0     17      0    68
20:05:48  all    14     0    9    0        3       0     13      0    73
20:05:49  all    13     0   13    0        4       0     14      1    69
20:05:50  all    12     0   15    0        3       0     11      0    70
20:05:51  all    16     0   14    0        3       0     16      0    66
20:05:52  all    13     0   11    0        1       0     13      0    74
20:05:53  all    16     0   18    0        4       0     16      0    61
20:05:54  all    14     0   13    0        2       0     15      0    71
20:05:55  all    17     0   14    0        5       0     16      0    65
20:05:56  all    14     0   17    0        4       0     14      0    64
20:05:57  all    16     0   14    0        1       0     16      0    69
20:05:58  all    12     0   14    0        1       0     12      0    72
20:05:59  all    12     0   14    0        2       0     11      0    71
20:06:00  all    17     0   12    0        2       0     18      0    69
20:06:01  all    11     0   11    0        3       0     11      0    75
20:06:02  all    11     0   13    0        3       0     10      0    72
20:06:03  all    13     0   16    0        3       0     13      0    68
20:06:04  all     9     0   11    0        1       0      9      0    79
20:06:05  all    11     0   12    0        1       0     11      0    76
20:06:06  all    13     0   11    0        2       0     13      0    74
20:06:07  all    11     0   15    0        6       0     11      0    68
20:06:08  all    14     0   16    0        2       0     13      0    68
20:06:09  all    11     0   16    0        3       0     11      0    70
20:06:10  all    12     0    8    0        1       0     11      0    79
20:06:11  all    12     0   13    0        1       0     12      0    74
20:06:12  all    13     0   14    0        2       0     13      0    70
20:06:13  all    12     0   16    0        4       0     11      0    68
20:06:14  all    11     0    9    0        2       0     12      0    78
20:06:15  all    17     0   10    0        4       0     16      0    69
20:06:16  all    17     0   15    0        3       0     17      0    64
20:06:17  all    12     0   17    0        1       0     12      0    70
20:06:18  all    13     0   11    0        1       0     12      0    76
20:06:19  all    11     0   18    0        1       0     11      0    70
20:06:20  all    18     0   16    0        2       0     17      0    64
20:06:21  all    18     0   17    0        2       0     17      0    64
20:06:22  all    15     0   16    0        8       0     15      0    61
20:06:23  all    13     0   18    0        2       0     14      0    67
20:06:24  all    10     0   16    0        4       0      9      1    69
20:06:25  all    16     0   13    0        4       0     16      0    67
20:06:26  all     2     0    1    0        0       0      2      0    97
20:06:27  all     1     0    0    0        0       0      0      0    99
20:06:28  all     0     0    1    0        0       0      0      0    99
20:06:29  all     0     0    0    0        0       0      0      0   100
20:06:30  all     0     0    1    0        0       0      0      0    99
20:06:31  all     1     0    0    0        0       0      0      0    99
20:06:32  all     0     0    0    0        0       0      0      0   100
20:06:33  all     0     0    1    0        0       0      0      0    99
20:06:34  all     0     0    0    0        0       0      0      0   100
