
ubuntu  4.10.0-42-generic  #46~16.04.1-Ubuntu SMP Mon Dec 4 15:57:59 UTC 2017  x86_64  2018/01/28

-------------------------- analysis date: 2018/01/28 --------------------------

22:35:34  cpu  %usr %nice %sys %irq %softirq  %steal %guest  %wait %idle  _cpu_
22:35:35  all     1     0    0    0        0       0      0      0   199
            0     1     0    0    0        0       0      0      0    99
            1     0     0    0    0        0       0      0      0   100
22:35:36  all     0     0    0    0        0       0      0      0   200
            0     0     0    0    0        0       0      0      0   100
            1     0     0    0    0        0       0      0      0   100
22:35:37  all     0     0    0    0        0       0      0      1   199
            0     0     0    1    0        0       0      0      0    99
            1     0     0    0    0        0       0      0      0   100
22:35:38  all     0     0    0    0        0       0      0      0   200
            0     0     0    0    0        0       0      0      0   100
            1     0     0    0    0        0       0      0      0   100
22:35:39  all     1     0    0    0        0       0      0      0   199
            0     0     0    0    0        0       0      0      0   100
            1     0     0    0    0        0       0      0      0   100
22:35:40  all     0     0    3    0        2       0      0      0   195
            0     1     0    3    0        2       0      0      0    94
            1     0     0    0    0        0       0      0      0   100
22:35:41  all     1     0    4    0        1       0      0      0   194
            0     1     0    3    0        1       0      0      0    95
            1     0     0    0    0        0       0      0      0   100
22:35:42  all     0     0    2    0        1       0      0      0   197
            0     0     0    2    0        1       0      0      0    97
            1     0     0    0    0        0       0      0      0   100
22:35:43  all     1     0    1    0        1       0      0      0   197
            0     0     0    2    0        1       0      0      0    97
            1     0     0    0    0        0       0      0      0   100
22:35:44  all     0     0    3    0        0       0      0      0   197
            0     1     0    2    0        0       0      0      0    97
            1     0     0    0    0        0       0      0      0   100
22:35:45  all     0     0    1    0        2       0      0      0   197
            0     0     0    1    0        2       0      0      1    96
            1     0     0    0    0        0       0      0      0   100
22:35:46  all     0     0    2    0        2       0      0      0   196
            0     0     0    2    0        2       0      0      0    96
            1     0     0    0    0        0       0      0      0   100
22:35:47  all     0     0    2    0        2       0      0      0   196
            0     0     0    3    0        2       0      0      0    95
            1     0     0    0    0        0       0      0      0   100
22:35:48  all     0     0    4    0        1       0      0      0   195
            0     0     0    3    0        1       0      0      0    96
            1     0     0    0    0        0       0      0      0   100
22:35:49  all     0     0    1    0        2       0      0      0   197
            0     0     0    2    0        2       0      0      0    96
            1     0     0    0    0        0       0      0      0   100
22:35:50  all     0     0    3    0        0       0      0      0   197
            0     0     0    2    0        0       0      0      0    98
            1     0     0    0    0        0       0      0      0   100
22:35:51  all     1     0    1    0        2       0      0      0   196
            0     1     0    2    0        1       0      0      0    96
            1     0     0    0    0        0       0      0      0   100
22:35:52  all     1     0    3    0        0       0      0      0   196
            0     0     0    3    0        1       0      0      0    96
            1     0     0    0    0        0       0      0      0   100
22:35:53  all     0     0    2    0        1       0      0      0   197
            0     0     0    2    0        1       0      0      0    97
            1     0     0    0    0        0       0      0      0   100
22:35:54  all     0     0    2    0        1       0      0      0   197
            0     1     0    2    0        1       0      0      0    96
            1     0     0    0    0        0       0      0      0   100
22:35:55  all     0     0    4    0        0       0      0      0   196
            0     0     0    4    0        0       0      0      0    96
            1     0     0    0    0        0       0      0      0   100
22:35:56  all     0     0    2    0        1       0      0      0   197
            0     0     0    2    0        1       0      0      0    97
            1     0     0    0    0        0       0      0      0   100
22:35:57  all     0     0    3    0        1       0      0      0   196
            0     0     0    3    0        1       0      0      0    96
            1     0     0    0    0        0       0      0      0   100
22:35:58  all     0     0    3    0        1       0      0      0   196
            0     0     0    3    0        1       0      0      0    96
            1     0     0    0    0        0       0      0      0   100
22:35:59  all     0     0    2    0        1       0      0      0   197
            0     0     0    2    0        1       0      0      0    97
            1     0     0    0    0        0       0      0      0   100
22:36:00  all     0     0    3    0        1       0      0      0   196
            0     0     0    3    0        1       0      0      0    96
            1     0     0    0    0        0       0      0      0   100
22:36:01  all     1     0    3    0        1       0      0      1   194
            0     1     0    3    0        0       0      0      1    95
            1     0     0    0    0        0       0      0      0   100
22:36:02  all     0     0    3    0        0       0      0      0   197
            0     0     0    2    0        1       0      0      0    97
            1     0     0    0    0        0       0      0      0   100
22:36:03  all     1     0    2    0        3       0      0      0   194
            0     1     0    2    0        3       0      0      0    94
            1     0     0    0    0        0       0      0      0   100
22:36:04  all     0     0    1    0        0       0      0      0   199
            0     0     0    2    0        0       0      0      0    98
            1     0     0    0    0        0       0      0      0   100
22:36:05  all     1     0    4    0        0       0      0      0   195
            0     1     0    3    0        0       0      0      0    96
            1     0     0    0    0        0       0      0      0   100
22:36:06  all     0     0    1    0        1       0      0      0   198
            0     0     0    2    0        1       0      0      0    97
            1     0     0    0    0        0       0      0      0   100
22:36:07  all     0     0    3    0        1       0      0      0   196
            0     0     0    3    0        1       0      0      0    96
            1     0     0    0    0        0       0      0      0   100
22:36:08  all     0     0    2    0        2       0      0      0   196
            0     0     0    1    0        2       0      0      0    97
            1     0     0    0    0        0       0      0      0   100
22:36:09  all     1     0    2    0        0       0      0      0   197
            0     0     0    3    0        0       0      0      0    97
            1     0     0    0    0        0       0      0      0   100
22:36:10  all     0     0    1    0        1       0      0      0   198
            0     0     0    1    0        1       0      0      0    98
            1     0     0    0    0        0       0      0      0   100
22:36:11  all     0     0    2    0        2       0      0      0   196
            0     0     0    1    0        1       0      0      0    98
            1     0     0    0    0        0       0      0      0   100
22:36:12  all     0     0    2    0        0       0      0      0   198
            0     1     0    3    0        1       0      0      0    95
            1     0     0    0    0        0       0      0      0   100
22:36:13  all     0     0    2    0        1       0      0      0   197
            0     0     0    2    0        1       0      0      0    97
            1     0     0    0    0        0       0      0      0   100
22:36:14  all     0     0    3    0        1       0      0      0   196
            0     0     0    2    0        1       0      0      0    97
            1     0     0    0    0        0       0      0      0   100
22:36:15  all     0     0    0    0        1       0      0      0   199
            0     0     0    1    0        1       0      0      0    98
            1     0     0    0    0        0       0      0      0   100
22:36:16  all     0     0    4    0        0       0      0      0   196
            0     0     0    3    0        0       0      0      0    97
            1     0     0    0    0        0       0      0      0   100
22:36:17  all     1     0    2    0        1       0      0      0   196
            0     1     0    3    0        0       0      0      0    96
            1     0     0    0    0        0       0      0      0   100
22:36:18  all     0     0    0    0        0       0      0      0   200
            0     0     0    0    0        1       0      0      0    99
            1     0     0    0    0        0       0      0      0   100
22:36:19  all     0     0    2    0        2       0      0      1   195
            0     0     0    2    0        1       0      0      0    97
            1     0     0    0    0        0       0      0      0   100
22:36:20  all     0     0    3    0        0       0      0      0   197
            0     0     0    2    0        1       0      0      0    97
            1     0     0    0    0        0       0      0      0   100
22:36:21  all     0     0    3    0        2       0      0      0   195
            0     0     0    3    0        2       0      0      0    95
            1     0     0    0    0        0       0      0      0   100
22:36:22  all     0     0    1    0        1       0      0      0   198
            0     0     0    2    0        1       0      0      0    97
            1     0     0    0    0        0       0      0      0   100
22:36:23  all     0     0    2    0        1       0      0      0   197
            0     0     0    2    0        1       0      0      0    97
            1     0     0    0    0        0       0      0      0   100
22:36:24  all     0     0    3    0        2       0      0      0   195
            0     0     0    3    0        2       0      0      0    95
            1     0     0    0    0        0       0      0      0   100
22:36:25  all     0     0    2    0        1       0      0      0   197
            0     0     0    2    0        1       0      0      0    97
            1     0     0    0    0        0       0      0      0   100
22:36:26  all     0     0    2    0        1       0      0      0   197
            0     0     0    1    0        1       0      0      0    98
            1     0     0    0    0        0       0      0      0   100
22:36:27  all     0     0    1    0        1       0      0      0   198
            0     0     0    1    0        1       0      0      1    97
            1     0     0    0    0        0       0      0      0   100
22:36:28  all     0     0    1    0        1       0      0      0   198
            0     0     0    2    0        1       0      0      0    97
            1     0     0    0    0        0       0      0      0   100
22:36:29  all     0     0    3    0        1       0      0      0   196
            0     0     0    2    0        1       0      0      0    97
            1     0     0    0    0        0       0      0      0   100
22:36:30  all     1     0    2    0        1       0      0      0   196
            0     0     0    3    0        0       0      0      0    97
            1     0     0    0    0        0       0      0      0   100
22:36:31  all     0     0    1    0        1       0      0      0   198
            0     0     0    1    0        2       0      0      0    97
            1     0     0    0    0        0       0      0      0   100
22:36:32  all     0     0    2    0        1       0      0      0   197
            0     0     0    2    0        0       0      0      0    98
            1     0     0    0    0        0       0      0      0   100
22:36:33  all     0     0    5    0        0       0      0      0   195
            0     0     0    4    0        0       0      0      0    96
            1     0     0    0    0        0       0      0      0   100
22:36:34  all     0     0    1    0        1       0      0      0   198
            0     0     0    2    0        2       0      0      0    96
            1     0     0    0    0        0       0      0      0   100
22:36:35  all     0     0    2    0        1       0      0      0   197
            0     0     0    1    0        1       0      0      0    98
            1     0     0    0    0        0       0      0      0   100
22:36:36  all     0     0    1    0        1       0      0      0   198
            0     0     0    1    0        1       0      0      0    98
            1     0     0    0    0        0       0      0      0   100
22:36:37  all     0     0    2    0        1       0      0      0   197
            0     0     0    3    0        1       0      0      0    96
            1     0     0    0    0        0       0      0      0   100
22:36:38  all     0     0    3    0        2       0      0      0   195
            0     0     0    2    0        1       0      0      0    97
            1     0     0    0    0        0       0      0      0   100
22:36:39  all     0     0    1    0        0       0      0      0   199
            0     0     0    1    0        1       0      0      0    98
            1     0     0    0    0        0       0      0      0   100
22:36:40  all     0     0    3    0        0       0      0      0   197
            0     0     0    4    0        0       0      0      0    96
            1     0     0    0    0        0       0      0      0   100
22:36:41  all     0     0    3    0        1       0      0      0   196
            0     1     0    2    0        1       0      0      0    96
            1     0     0    0    0        0       0      0      0   100
22:36:42  all     0     0    2    0        2       0      0      0   196
            0     0     0    3    0        2       0      0      0    95
            1     0     0    0    0        0       0      0      0   100
22:36:43  all     0     0    3    0        0       0      0      1   196
            0     0     0    3    0        0       0      0      1    96
            1     0     0    0    0        0       0      0      0   100
22:36:44  all     0     0    3    0        1       0      0      0   196
            0     0     0    3    0        1       0      0      0    96
            1     0     0    0    0        0       0      0      0   100
22:36:45  all     0     0    2    0        1       0      0      0   197
            0     0     0    2    0        1       0      0      0    97
            1     0     0    0    0        0       0      0      0   100
22:36:46  all     0     0    3    0        1       0      0      0   196
            0     0     0    3    0        0       0      0      0    97
            1     0     0    0    0        0       0      0      0   100
22:36:47  all     0     0    2    0        1       0      0      0   197
            0     0     0    2    0        2       0      0      0    96
            1     0     0    0    0        0       0      0      0   100
22:36:48  all     0     0    3    0        1       0      0      0   196
            0     0     0    2    0        1       0      0      0    97
            1     0     0    0    0        0       0      0      0   100
22:36:49  all     0     0    2    0        1       0      0      0   197
            0     0     0    3    0        1       0      0      0    96
            1     0     0    0    0        0       0      0      0   100
22:36:50  all     0     0    3    0        1       0      0      0   196
            0     0     0    3    0        1       0      0      0    96
            1     0     0    0    0        0       0      0      0   100
22:36:51  all     0     0    2    0        2       0      0      0   196
            0     0     0    1    0        1       0      0      0    98
            1     0     0    0    0        0       0      0      0   100
22:36:52  all     0     0    2    0        1       0      0      0   197
            0     0     0    2    0        2       0      0      0    96
            1     0     0    0    0        0       0      0      0   100
22:36:53  all     0     0    2    0        1       0      0      0   197
            0     0     0    3    0        1       0      0      0    96
            1     0     0    0    0        0       0      0      0   100
22:36:54  all     0     0    4    0        1       0      0      0   195
            0     0     0    3    0        1       0      0      0    96
            1     0     0    0    0        0       0      0      0   100
22:36:55  all     0     0    1    0        1       0      0      0   198
            0     0     0    2    0        0       0      0      0    98
            1     0     0    0    0        0       0      0      0   100
22:36:56  all     0     0    2    0        0       0      0      0   198
            0     0     0    1    0        0       0      0      0    99
            1     0     0    0    0        0       0      0      0   100
22:36:57  all     0     0    1    0        0       0      0      0   199
            0     0     0    2    0        1       0      0      0    97
            1     0     0    0    0        0       0      0      0   100
22:36:58  all     0     0    4    0        0       0      0      0   196
            0     0     0    3    0        0       0      0      0    97
            1     0     0    0    0        0       0      0      0   100
22:36:59  all     1     0    1    0        0       0      0      1   197
            0     1     0    2    0        0       0      0      0    97
            1     0     0    0    0        0       0      0      0   100
22:37:00  all     0     0    3    0        1       0      0      0   196
            0     0     0    3    0        1       0      0      0    96
            1     0     0    0    0        0       0      0      0   100
22:37:01  all     0     0    2    0        2       0      0      0   196
            0     0     0    2    0        2       0      0      0    96
            1     0     0    0    0        0       0      0      0   100
22:37:02  all     1     0    2    0        1       0      0      0   196
            0     0     0    2    0        0       0      0      0    98
            1     0     0    0    0        0       0      0      0   100
22:37:03  all     0     0    3    0        1       0      0      0   196
            0     0     0    2    0        2       0      0      0    96
            1     0     0    0    0        0       0      0      0   100
22:37:04  all     0     0    2    0        1       0      0      0   197
            0     0     0    2    0        1       0      0      0    97
            1     0     0    0    0        0       0      0      0   100
22:37:05  all     0     0    2    0        1       0      0      0   197
            0     0     0    3    0        1       0      0      0    96
            1     0     0    0    0        0       0      0      0   100
22:37:06  all     0     0    2    0        0       0      0      0   198
            0     1     0    2    0        0       0      0      0    97
            1     0     0    0    0        0       0      0      0   100
22:37:07  all     0     0    3    0        0       0      0      0   197
            0     0     0    3    0        0       0      0      0    97
            1     0     0    0    0        0       0      0      0   100
22:37:08  all     0     0    2    0        0       0      0      0   198
            0     0     0    2    0        0       0      0      0    98
            1     0     0    0    0        0       0      0      0   100
22:37:09  all     0     0    3    0        1       0      0      0   196
            0     0     0    3    0        1       0      0      0    96
            1     0     0    0    0        0       0      0      0   100
22:37:10  all     0     0    3    0        0       0      0      0   197
            0     0     0    2    0        0       0      0      1    97
            1     0     0    0    0        0       0      0      0   100
22:37:11  all     0     0    2    0        1       0      0      0   197
            0     0     0    3    0        1       0      0      0    96
            1     0     0    0    0        0       0      0      0   100
22:37:12  all     0     0    1    0        1       0      0      0   198
            0     0     0    1    0        1       0      0      0    98
            1     0     0    0    0        0       0      0      0   100
22:37:13  all     0     0    2    0        2       0      0      0   196
            0     0     0    2    0        2       0      0      0    96
            1     0     0    0    0        0       0      0      0   100
22:37:14  all     0     0    1    0        1       0      0      0   198
            0     0     0    1    0        1       0      0      0    98
            1     0     0    0    0        0       0      0      0   100
22:37:15  all     0     0    2    0        1       0      0      0   197
            0     0     0    2    0        1       0      0      0    97
            1     0     0    0    0        0       0      0      0   100
22:37:16  all     0     0    2    0        1       0      0      0   197
            0     0     0    2    0        1       0      0      0    97
            1     0     0    0    0        0       0      0      0   100
22:37:17  all     0     0    2    0        2       0      0      0   196
            0     0     0    2    0        2       0      0      0    96
            1     0     0    0    0        0       0      0      0   100
22:37:18  all     0     0    1    0        1       0      0      0   198
            0     0     0    0    0        1       0      0      0    99
            1     0     0    0    0        0       0      0      0   100
22:37:19  all     0     0    2    0        0       0      0      0   198
            0     0     0    3    0        0       0      0      0    97
            1     0     0    0    0        0       0      0      0   100
22:37:20  all     0     0    2    0        2       0      0      0   196
            0     0     0    2    0        1       0      0      0    97
            1     0     0    0    0        0       0      0      0   100
22:37:21  all     0     0    2    0        0       0      0      0   198
            0     0     0    2    0        0       0      0      0    98
            1     0     0    0    0        0       0      0      0   100
22:37:22  all     0     0    1    0        1       0      0      0   198
            0     0     0    1    0        2       0      0      0    97
            1     0     0    0    0        0       0      0      0   100
22:37:23  all     0     0    2    0        1       0      0      0   197
            0     0     0    1    0        1       0      0      0    98
            1     0     0    0    0        0       0      0      0   100
22:37:24  all     0     0    1    0        1       0      0      0   198
            0     0     0    2    0        1       0      0      0    97
            1     0     0    0    0        0       0      0      0   100
22:37:25  all     0     0    3    0        1       0      0      0   196
            0     0     0    3    0        1       0      0      0    96
            1     0     0    0    0        0       0      0      0   100
22:37:26  all     0     0    2    0        2       0      0      1   195
            0     0     0    1    0        1       0      0      1    97
            1     0     0    0    0        0       0      0      0   100
22:37:27  all     0     0    2    0        0       0      0      0   198
            0     0     0    2    0        1       0      0      0    97
            1     0     0    0    0        0       0      0      0   100
22:37:28  all     1     0    2    0        1       0      0      0   196
            0     1     0    2    0        1       0      0      0    96
            1     0     0    0    0        0       0      0      0   100
22:37:29  all     0     0    2    0        2       0      0      0   196
            0     0     0    3    0        2       0      0      0    95
            1     0     0    0    0        0       0      0      0   100
22:37:30  all     0     0    2    0        1       0      0      0   197
            0     0     0    2    0        1       0      0      0    97
            1     0     0    0    0        0       0      0      0   100
22:37:31  all     1     0    3    0        0       0      0      0   196
            0     0     0    3    0        0       0      0      0    97
            1     0     0    0    0        0       0      0      0   100
22:37:32  all     0     0    3    0        2       0      0      0   195
            0     0     0    3    0        2       0      0      0    95
            1     0     0    0    0        0       0      0      0   100
22:37:33  all     0     0    2    0        1       0      0      0   197
            0     0     0    2    0        1       0      0      0    97
            1     0     0    0    0        0       0      0      0   100
22:37:34  all     0     0    2    0        1       0      0      0   197
            0     1     0    2    0        1       0      0      0    96
            1     0     0    0    0        0       0      0      0   100
22:37:35  all     0     0    2    0        2       0      0      0   196
            0     0     0    1    0        1       0      0      0    98
            1     0     0    0    0        0       0      0      0   100
22:37:36  all     0     0    1    0        0       0      0      0   199
            0     0     0    2    0        1       0      0      0    97
            1     0     0    0    0        0       0      0      0   100
22:37:37  all     0     0    3    0        0       0      0      0   197
            0     0     0    3    0        0       0      0      0    97
            1     0     0    0    0        0       0      0      0   100
22:37:38  all     0     0    2    0        1       0      0      0   197
            0     0     0    2    0        1       0      0      0    97
            1     0     0    0    0        0       0      0      0   100
22:37:39  all     0     0    1    0        1       0      0      0   198
            0     0     0    0    0        1       0      0      0    99
            1     0     0    0    0        0       0      0      0   100
22:37:40  all     0     0    0    0        0       0      0      0   200
            0     0     0    1    0        0       0      0      0    99
            1     0     0    0    0        0       0      0      0   100
22:37:41  all     0     0    0    0        0       0      0      0   200
            0     0     0    0    0        0       0      0      0   100
            1     0     0    0    0        0       0      0      0   100
22:37:42  all     0     0    0    0        0       0      0      1   199
            0     0     0    0    0        0       0      0      0   100
            1     0     0    0    0        0       0      0      0   100
22:37:43  all     0     0    0    0        0       0      0      0   200
            0     0     0    0    0        0       0      0      0   100
            1     0     0    0    0        0       0      0      0   100
22:37:44  all     0     0    0    0        0       0      0      0   200
            0     0     0    0    0        0       0      0      0   100
            1     0     0    0    0        0       0      0      0   100
