
ubuntu  4.10.0-42-generic  #46~16.04.1-Ubuntu SMP Mon Dec 4 15:57:59 UTC 2017  x86_64  2018/01/28

-------------------------- analysis date: 2018/01/28 --------------------------

22:50:56  cpu  %usr %nice %sys %irq %softirq  %steal %guest  %wait %idle  _cpu_
22:50:57  all     0     0    1    0        0       0      0      0   199
            0     0     0    0    0        0       0      0      0   100
            1     0     0    0    0        0       0      0      0   100
22:50:58  all     4     0    3    0        0       0      4      0   193
            0     0     0    0    0        0       0      0      0   100
            1     4     0    4    0        0       0      4      0    93
22:50:59  all     8     0    1    0        0       0      7      0   191
            0     0     0    0    0        0       0      0      0   100
            1     7     0    1    0        0       0      7      0    92
22:51:00  all     0     0    1    0        0       0      1      1   198
            0     0     0    0    0        0       0      0      0   100
            1     0     0    0    0        0       0      0      0   100
22:51:01  all     0     0    0    0        0       0      0      0   200
            0     0     0    0    0        0       0      0      0   100
            1     0     0    1    0        0       0      0      0    99
22:51:02  all     0     0    0    0        0       0      0      1   199
            0     0     0    0    0        0       0      0      2    98
            1     0     0    0    0        0       0      0      0   100
22:51:03  all     0     0    0    0        0       0      0      0   200
            0     0     0    0    0        0       0      0      0   100
            1     0     0    0    0        0       0      0      0   100
22:51:04  all     0     0    0    0        0       0      0      0   200
            0     0     0    0    0        0       0      0      0   100
            1     0     0    0    0        0       0      0      0   100
22:51:05  all     1     0    1    0        0       0      0      0   198
            0     0     0    0    0        0       0      0      0   100
            1     1     0    1    0        0       0      0      0    98
22:51:06  all     4     0    1    0        0       0      4      0   195
            0     0     0    0    0        0       0      0      0   100
            1     4     0    0    0        0       0      4      0    96
22:51:07  all    10     0    5    0        0       0     10      0   185
            0     0     0    0    0        0       0      0      0   100
            1    10     0    5    0        0       0     10      0    85
22:51:08  all     7     0    4    0        0       0      7      0   189
            0     1     0    0    0        0       0      0      0    99
            1     6     0    5    0        0       0      7      0    89
22:51:09  all     8     0    4    0        0       0      8      0   188
            0     0     0    0    0        0       0      0      0   100
            1     8     0    4    0        0       0      8      0    88
22:51:10  all    12     0    3    0        0       0     11      0   185
            0     1     0    0    0        0       0      0      0    99
            1    12     0    3    0        0       0     11      0    85
22:51:11  all     8     0    2    0        0       0      9      0   190
            0     0     0    0    0        0       0      0      0   100
            1     8     0    2    0        0       0      9      0    89
22:51:12  all    10     0    8    0        0       0      8      0   182
            0     0     0    0    0        0       0      0      0   100
            1     9     0    7    0        0       0      9      0    84
22:51:13  all     7     0    4    0        0       0      8      2   187
            0     0     0    1    0        0       0      0      2    97
            1     8     0    4    0        0       0      7      0    88
22:51:14  all    11     0    4    0        0       0     11      0   185
            0     0     0    0    0        0       0      0      0   100
            1    10     0    4    0        0       0     11      0    86
22:51:15  all    12     0    7    0        0       0     11      0   181
            0     1     0    0    0        0       0      0      0    99
            1    11     0    7    0        0       0     11      0    82
22:51:16  all     9     0    2    0        0       0      9      0   189
            0     0     0    0    0        0       0      0      0   100
            1     9     0    2    0        0       0      9      0    89
22:51:17  all     7     0    4    0        0       0      7      0   189
            0     0     0    1    0        0       0      0      0    99
            1     8     0    3    0        0       0      8      0    88
22:51:18  all     9     0    6    0        0       0      8      0   185
            0     0     0    0    0        0       0      0      0   100
            1     8     0    5    0        0       0      8      0    87
22:51:19  all    11     0    6    0        0       0     11      0   183
            0     1     0    0    0        0       0      0      0    99
            1    11     0    7    0        0       0     10      0    82
22:51:20  all     8     0    6    0        0       0      8      0   186
            0     0     0    0    0        0       0      0      0   100
            1     7     0    5    0        0       0      8      0    88
22:51:21  all    12     0    3    0        0       0     11      0   185
            0     0     0    0    0        0       0      0      0   100
            1    12     0    4    0        0       0     12      0    84
22:51:22  all    10     0    4    0        0       0     10      0   186
            0     1     0    0    0        0       0      0      0    99
            1    10     0    4    0        0       0      9      0    86
22:51:23  all     9     0    4    0        0       0      9      0   187
            0     0     0    0    0        0       0      0      0   100
            1     8     0    3    0        0       0      9      0    89
22:51:24  all     9     0    4    0        0       0      9      1   186
            0     0     0    1    0        0       0      0      0    99
            1    10     0    4    0        0       0     10      0    86
22:51:25  all    12     0    3    0        0       0     12      0   185
            0     0     0    0    0        0       0      0      0   100
            1    12     0    3    0        0       0     11      0    85
22:51:26  all     9     0    6    0        0       0      9      0   185
            0     0     0    1    0        0       0      0      0    99
            1     8     0    4    0        0       0      9      0    88
22:51:27  all    10     0    3    0        0       0     10      0   187
            0     0     0    0    0        0       0      0      0   100
            1    10     0    4    0        0       0     10      0    86
22:51:28  all     9     0    4    0        0       0      9      0   187
            0     0     0    0    0        0       0      0      0   100
            1     9     0    3    0        0       0      9      0    88
22:51:29  all     7     0    5    0        0       0      7      0   188
            0     0     0    0    0        0       0      0      0   100
            1     7     0    6    0        0       0      7      0    87
22:51:30  all     8     0    6    0        0       0      8      0   186
            0     0     0    0    0        0       0      0      0   100
            1     8     0    5    0        0       0      8      0    87
22:51:31  all     5     0    3    0        0       0      5      0   192
            0     0     0    0    0        0       0      0      0   100
            1     5     0    4    0        0       0      5      0    90
22:51:32  all    10     0    5    0        0       0     10      0   185
            0     0     0    0    0        0       0      0      1    99
            1    11     0    5    0        0       0     10      0    84
22:51:33  all    10     0    3    0        0       0      9      0   187
            0     0     0    0    0        0       0      0      0   100
            1     9     0    3    0        0       0      9      0    88
22:51:34  all    12     0    6    0        0       0     13      0   182
            0     0     0    0    0        0       0      0      0   100
            1    13     0    5    0        0       0     13      0    82
22:51:35  all    10     0    2    0        0       0     10      0   188
            0     0     0    0    0        0       0      0      0   100
            1    10     0    2    0        0       0     10      0    88
22:51:36  all     9     0    2    0        0       0      9      0   189
            0     0     0    0    0        0       0      0      0   100
            1     8     0    2    0        0       0      9      0    89
22:51:37  all     9     0    2    0        0       0      9      0   189
            0     0     0    0    0        0       0      0      0   100
            1     9     0    3    0        0       0      9      0    88
22:51:38  all    10     0    3    0        0       0      9      0   187
            0     0     0    0    0        0       0      0      0   100
            1    10     0    2    0        0       0      9      0    88
22:51:39  all    10     0    3    0        0       0     10      0   187
            0     0     0    0    0        0       0      0      0   100
            1    10     0    4    0        0       0     10      0    86
22:51:40  all    10     0    3    0        0       0     10      0   187
            0     0     0    0    0        0       0      0      0   100
            1    10     0    2    0        0       0     10      0    88
22:51:41  all     7     0    3    0        0       0      8      0   190
            0     0     0    0    0        0       0      0      0   100
            1     7     0    3    0        0       0      9      0    89
22:51:42  all     8     0    4    0        0       0      7      0   188
            0     0     0    0    0        0       0      0      0   100
            1     8     0    4    0        0       0      8      0    88
22:51:43  all     8     0    3    0        0       0      8      0   189
            0     0     0    0    0        0       0      0      0   100
            1     8     0    3    0        0       0      8      0    89
22:51:44  all    10     0    3    0        0       0     10      0   187
            0     0     0    0    0        0       0      0      0   100
            1    10     0    3    0        0       0     10      0    87
22:51:45  all     9     0    3    0        0       0     10      0   188
            0     0     0    0    0        0       0      0      0   100
            1    10     0    4    0        0       0      9      0    86
22:51:46  all     7     0    3    0        0       0      7      0   190
            0     0     0    0    0        0       0      0      0   100
            1     6     0    3    0        0       0      7      0    90
22:51:47  all    11     0    5    0        0       0     11      0   184
            0     0     0    0    0        0       0      0      0   100
            1    12     0    4    0        0       0     11      0    84
22:51:48  all    11     0    4    0        0       0     11      0   185
            0     0     0    0    0        0       0      0      0   100
            1    10     0    4    0        0       0     11      0    86
22:51:49  all     9     0    3    0        0       0      8      1   187
            0     0     0    0    0        0       0      0      1    99
            1     9     0    4    0        0       0      8      0    87
22:51:50  all     9     0    4    0        0       0     10      0   187
            0     0     0    0    0        0       0      0      0   100
            1     9     0    4    0        0       0     10      0    87
22:51:51  all    11     0    3    0        0       0     11      0   186
            0     0     0    0    0        0       0      0      0   100
            1    11     0    2    0        0       0     11      0    87
22:51:52  all     8     0    3    0        0       0      7      0   189
            0     0     0    0    0        0       0      0      0   100
            1     8     0    4    0        0       0      7      0    88
22:51:53  all     9     0    5    0        0       0      9      0   186
            0     0     0    0    0        0       0      0      0   100
            1     9     0    4    0        0       0     10      0    87
22:51:54  all     6     0    4    0        0       0      7      0   190
            0     0     0    0    0        0       0      0      0   100
            1     6     0    4    0        0       0      6      0    89
22:51:55  all     9     0    4    0        0       0      9      0   187
            0     0     0    0    0        0       0      0      0   100
            1     9     0    5    0        0       0      9      0    86
22:51:56  all     9     0    3    0        0       0      9      0   188
            0     0     0    0    0        0       0      0      0   100
            1     9     0    3    0        0       0      9      0    88
22:51:57  all     8     0    4    0        0       0      8      0   188
            0     0     0    0    0        0       0      0      0   100
            1     8     0    4    0        0       0      8      0    88
22:51:58  all    12     0    2    0        0       0     12      0   186
            0     0     0    0    0        0       0      0      0   100
            1    12     0    1    0        0       0     12      0    87
22:51:59  all    10     0    3    0        0       0      9      0   187
            0     0     0    0    0        0       0      0      0   100
            1    10     0    3    0        0       0     10      0    87
22:52:00  all    11     0    3    0        0       0     11      0   186
            0     0     0    0    0        0       0      0      0   100
            1    11     0    4    0        0       0     10      0    85
22:52:01  all    10     0    2    0        0       0     10      0   188
            0     0     0    0    0        0       0      0      0   100
            1    10     0    2    0        0       0     10      0    88
22:52:02  all    10     0    4    0        0       0     11      0   186
            0     0     0    0    0        0       0      0      0   100
            1    10     0    4    0        0       0     11      0    86
22:52:03  all    12     0    3    0        0       0     12      0   185
            0     0     0    0    0        0       0      0      0   100
            1    13     0    2    0        0       0     12      0    85
22:52:04  all     7     0    3    0        0       0      7      0   190
            0     0     0    0    0        0       0      0      0   100
            1     6     0    4    0        0       0      7      0    89
22:52:05  all     9     0    2    0        0       0      9      1   188
            0     0     0    0    0        0       0      0      0   100
            1     9     0    2    0        0       0      9      0    89
22:52:06  all    11     0    3    0        0       0     10      0   186
            0     0     0    0    0        0       0      0      0   100
            1    11     0    3    0        0       0     11      0    86
22:52:07  all     8     0    4    0        0       0      8      0   188
            0     0     0    0    0        0       0      0      0   100
            1     8     0    3    0        0       0      8      0    89
22:52:08  all     7     0    3    0        0       0      8      0   190
            0     0     0    0    0        0       0      0      0   100
            1     8     0    4    0        0       0      7      0    88
22:52:09  all    11     0    4    0        0       0     11      0   185
            0     0     0    0    0        0       0      0      0   100
            1    10     0    4    0        0       0     11      0    86
22:52:10  all    12     0    1    0        0       0     12      0   187
            0     0     0    0    0        0       0      0      0   100
            1    12     0    1    0        0       0     12      0    87
22:52:11  all    10     0    4    0        0       0     10      0   186
            0     0     0    0    0        0       0      0      1    99
            1    10     0    3    0        0       0     10      0    87
22:52:12  all     8     0    4    0        0       0      7      0   188
            0     0     0    0    0        0       0      0      0   100
            1     8     0    4    0        0       0      8      0    88
22:52:13  all     9     0    3    0        0       0      9      0   188
            0     0     0    0    0        0       0      0      0   100
            1     9     0    4    0        0       0      8      0    87
22:52:14  all     9     0    2    0        0       0      9      0   189
            0     0     0    0    0        0       0      0      0   100
            1     9     0    2    0        0       0     10      0    89
22:52:15  all    11     0    2    0        0       0     12      0   187
            0     0     0    0    0        0       0      0      0   100
            1    12     0    2    0        0       0     11      0    86
22:52:16  all    10     0    2    0        0       0      9      0   188
            0     0     0    0    0        0       0      0      0   100
            1     9     0    2    0        0       0      9      0    89
22:52:17  all    16     0    3    0        0       0     17      0   181
            0     0     0    0    0        0       0      0      0   100
            1    16     0    3    0        0       0     16      0    81
22:52:18  all    10     0    3    0        0       0     10      0   187
            0     0     0    0    0        0       0      0      0   100
            1     9     0    3    0        0       0     10      0    88
22:52:19  all    10     0    4    0        0       0      9      0   186
            0     0     0    0    0        0       0      0      0   100
            1    10     0    3    0        0       0      9      0    87
22:52:20  all     6     0    4    0        0       0      6      0   190
            0     0     0    0    0        0       0      0      0   100
            1     6     0    4    0        0       0      6      0    89
22:52:21  all     9     0    2    0        0       0      9      0   189
            0     0     0    0    0        0       0      0      0   100
            1     9     0    3    0        0       0     10      0    88
22:52:22  all     7     0    4    0        0       0      7      0   189
            0     0     0    0    0        0       0      0      0   100
            1     7     0    4    0        0       0      6      0    88
22:52:23  all    10     0    4    0        0       0     10      0   186
            0     1     0    0    0        0       0      0      0    99
            1    10     0    3    0        0       0     10      0    87
22:52:24  all    10     0    5    0        0       0     10      0   185
            0     0     0    0    0        0       0      0      0   100
            1     9     0    5    0        0       0     10      0    86
22:52:25  all     9     0    5    0        0       0      9      0   186
            0     0     0    0    0        0       0      0      0   100
            1     9     0    5    0        0       0      9      0    86
22:52:26  all    13     0    0    0        0       0     12      0   187
            0     0     0    0    0        0       0      0      0   100
            1    13     0    1    0        0       0     12      0    86
22:52:27  all     7     0    6    0        0       0      7      1   186
            0     1     0    0    0        0       0      0      1    98
            1     7     0    5    0        0       0      7      0    88
22:52:28  all    13     0    4    0        0       0     13      0   183
            0     0     0    1    0        0       0      0      0    99
            1    13     0    3    0        0       0     13      0    84
22:52:29  all    11     0    5    0        0       0     11      0   184
            0     0     0    0    0        0       0      0      0   100
            1    10     0    6    0        0       0     11      0    84
22:52:30  all     9     0    2    0        0       0      9      0   189
            0     0     0    0    0        0       0      0      0   100
            1     9     0    1    0        0       0      9      0    89
22:52:31  all     8     0    4    0        0       0      7      0   188
            0     0     0    1    0        0       0      0      0    99
            1     8     0    4    0        0       0      7      0    88
22:52:32  all     7     0    3    0        0       0      8      0   190
            0     0     0    0    0        0       0      0      0   100
            1     7     0    3    0        0       0      8      0    89
22:52:33  all     9     0    4    0        0       0      9      0   187
            0     0     0    0    0        0       0      0      0   100
            1    10     0    3    0        0       0      9      0    87
22:52:34  all    11     0    3    0        0       0     10      0   186
            0     1     0    0    0        0       0      0      0    99
            1    10     0    3    0        0       0     10      0    87
22:52:35  all     9     0    3    0        0       0     10      0   188
            0     0     0    1    0        0       0      0      0    99
            1     9     0    2    0        0       0     10      0    89
22:52:36  all    10     0    4    0        0       0      9      0   186
            0     0     0    0    0        0       0      0      0   100
            1     9     0    4    0        0       0      9      0    87
22:52:37  all    13     0    2    0        0       0     12      0   185
            0     0     0    0    0        0       0      0      0   100
            1    13     0    3    0        0       0     12      0    84
22:52:38  all    10     0    4    0        0       0     11      0   186
            0     0     0    0    0        0       0      0      0   100
            1    10     0    3    0        0       0     11      0    87
22:52:39  all    10     0    4    0        0       0      9      0   186
            0     0     0    1    0        0       0      0      0    99
            1    10     0    4    0        0       0      9      0    86
22:52:40  all     8     0    5    0        0       0      8      0   187
            0     1     0    0    0        0       0      0      0    99
            1     7     0    5    0        0       0      8      0    88
22:52:41  all     8     0    5    0        0       0      8      1   186
            0     0     0    0    0        0       0      0      0   100
            1     9     0    4    0        0       0      8      0    87
22:52:42  all    10     0    1    0        0       0     10      0   189
            0     0     0    0    0        0       0      0      0   100
            1     9     0    1    0        0       0     11      0    89
22:52:43  all    10     0    6    0        0       0      9      0   184
            0     0     0    0    0        0       0      0      0   100
            1    10     0    6    0        0       0     10      0    84
22:52:44  all    10     0    3    0        0       0     11      0   187
            0     0     0    0    0        0       0      0      0   100
            1    10     0    3    0        0       0     10      0    87
22:52:45  all     9     0    3    0        0       0      9      0   188
            0     0     0    0    0        0       0      0      0   100
            1     9     0    3    0        0       0      9      0    88
22:52:46  all    12     0    4    0        0       0     11      0   184
            0     0     0    0    0        0       0      0      0   100
            1    12     0    4    0        0       0     11      0    84
22:52:47  all     8     0    4    0        0       0      9      0   188
            0     0     0    0    0        0       0      0      0   100
            1     8     0    4    0        0       0      9      0    88
22:52:48  all     8     0    1    0        0       0      7      0   191
            0     0     0    0    0        0       0      0      0   100
            1     8     0    2    0        0       0      7      0    89
22:52:49  all    10     0    3    0        0       0     11      0   187
            0     0     0    0    0        0       0      0      1    99
            1    11     0    2    0        0       0     11      0    87
22:52:50  all     9     0    4    0        0       0      8      0   187
            0     0     0    0    0        0       0      0      0   100
            1     8     0    4    0        0       0      9      0    88
22:52:51  all    11     0    5    0        0       0     12      0   184
            0     0     0    0    0        0       0      0      0   100
            1    11     0    6    0        0       0     11      0    83
22:52:52  all    12     0    3    0        0       0     12      0   185
            0     0     0    0    0        0       0      0      0   100
            1    12     0    2    0        0       0     12      0    86
22:52:53  all    10     0    3    0        0       0      9      0   187
            0     0     0    0    0        0       0      0      0   100
            1    10     0    4    0        0       0      9      0    86
22:52:54  all     9     0    4    0        0       0     10      0   187
            0     0     0    0    0        0       0      0      0   100
            1     9     0    3    0        0       0     10      0    88
22:52:55  all    12     0    4    0        0       0     12      0   184
            0     0     0    0    0        0       0      0      0   100
            1    12     0    4    0        0       0     12      0    84
22:52:56  all    11     0    5    0        0       0     10      0   184
            0     0     0    0    0        0       0      0      0   100
            1    11     0    5    0        0       0     10      0    84
22:52:57  all     9     0    7    0        0       0      9      0   184
            0     0     0    0    0        0       0      0      0   100
            1     9     0    7    0        0       0     10      0    84
22:52:58  all    10     0    2    0        0       0     11      0   188
            0     0     0    0    0        0       0      0      0   100
            1    10     0    3    0        0       0     10      0    87
22:52:59  all     7     0    4    0        0       0      6      0   189
            0     0     0    0    0        0       0      0      0   100
            1     7     0    4    0        0       0      6      0    89
22:53:00  all     9     0    4    0        0       0     10      0   187
            0     0     0    0    0        0       0      0      0   100
            1     9     0    3    0        0       0     10      0    88
22:53:01  all     7     0    2    0        0       0      6      0   191
            0     0     0    0    0        0       0      0      0   100
            1     7     0    3    0        0       0      6      0    89
22:53:02  all     9     0    4    0        0       0      8      4   183
            0     1     0    0    0        0       0      0      4    95
            1     8     0    3    0        0       0      8      0    89
22:53:03  all    10     0    4    0        0       0     11      0   186
            0     0     0    0    0        0       0      0      0   100
            1    10     0    4    0        0       0     11      0    86
22:53:04  all     9     0    5    0        0       0      8      0   186
            0     0     0    0    0        0       0      0      0   100
            1     9     0    5    0        0       0      9      0    86
22:53:05  all    10     0    3    0        0       0     11      0   187
            0     0     0    0    0        0       0      0      0   100
            1    10     0    3    0        0       0     10      0    87
22:53:06  all     6     0    2    0        0       0      5      0   192
            0     0     0    0    0        0       0      0      0   100
            1     6     0    2    0        0       0      6      0    92
22:53:07  all     0     0    0    0        0       0      0      0   200
            0     0     0    0    0        0       0      0      0   100
            1     0     0    0    0        0       0      0      0   100
22:53:08  all     0     0    0    0        0       0      0      3   197
            0     0     0    0    0        0       0      0      3    97
            1     0     0    0    0        0       0      0      0   100
22:53:09  all     0     0    0    0        0       0      0      0   200
            0     0     0    0    0        0       0      0      0   100
            1     0     0    0    0        0       0      0      0   100
22:53:10  all     0     0    0    0        0       0      0      0   200
            0     0     0    0    0        0       0      0      0   100
            1     0     0    0    0        0       0      0      0   100
22:53:11  all     0     0    0    0        0       0      0      0   200
            0     0     0    0    0        0       0      0      0   100
            1     0     0    0    0        0       0      0      0   100
22:53:12  all     0     0    0    0        0       0      0      0   200
            0     0     0    0    0        0       0      0      0   100
            1     0     0    0    0        0       0      0      0   100
22:53:13  all     0     0    0    0        0       0      0      0   200
            0     0     0    0    0        0       0      0      0   100
            1     0     0    0    0        0       0      0      0   100
22:53:14  all     0     0    0    0        0       0      0      0   200
            0     0     0    0    0        0       0      0      0   100
            1     0     0    0    0        0       0      0      0   100
22:53:15  all     0     0    0    0        0       0      0      0   200
            0     0     0    0    0        0       0      0      0   100
            1     0     0    0    0        0       0      0      0   100
