
ubuntu  4.10.0-42-generic  #46~16.04.1-Ubuntu SMP Mon Dec 4 15:57:59 UTC 2017  x86_64  2018/01/23

-------------------------- analysis date: 2018/01/23 --------------------------

22:20:53  cpu  %usr %nice %sys %irq %softirq  %steal %guest  %wait %idle  _cpu_
22:20:54  all     0     0    0    0        0       0      0      0   100
22:20:55  all     0     0    0    0        0       0      0      0   100
22:20:56  all     0     0    0    0        0       0      0      0   100
22:20:57  all     0     0    0    0        0       0      0      0   100
22:20:58  all     0     0    1    0        0       0      0      0    99
22:20:59  all     1     0   31    0        4       0      0      0    64
22:21:00  all     0     0   29    0        3       0      0      0    67
22:21:01  all     1     0   30    0        3       0      0      0    65
22:21:02  all     0     0   25    0        4       0      0      0    71
22:21:03  all     0     0   31    0        3       0      0      0    66
22:21:04  all     0     0   23    0        2       0      0      0    74
22:21:05  all     0     0   30    0        2       0      0      0    68
22:21:06  all     0     0   30    0        5       0      0      0    65
22:21:07  all     1     0   26    0        3       0      0      0    70
22:21:08  all     1     0   30    0        4       0      0      0    65
22:21:09  all     0     0   24    0        9       0      0      0    67
22:21:10  all     1     0   24    0        4       0      0      0    71
22:21:11  all     1     0   31    0        2       0      0      0    66
22:21:12  all     0     0   26    0        5       0      0      0    70
22:21:13  all     1     0   25    0        6       0      0      0    68
22:21:14  all     0     0   25    0        5       0      0      0    71
22:21:15  all     0     0   25    0        2       0      0      0    73
22:21:16  all     0     0   25    0        4       0      0      0    71
22:21:17  all     1     0   29    0        1       0      0      0    69
22:21:18  all     0     0   26    0        7       0      0      0    67
22:21:19  all     1     0   27    0        4       0      0      0    67
22:21:20  all     0     0   27    0        5       0      0      0    68
22:21:21  all     1     0   28    0        5       0      0      0    65
22:21:22  all     0     0   23    0        4       0      0      0    73
22:21:23  all     0     0   28    0        5       0      0      0    67
22:21:24  all     0     0   28    0        2       0      0      0    70
22:21:25  all     0     0   29    0        5       0      0      0    65
22:21:26  all     0     0   27    0        4       0      0      1    67
22:21:27  all     0     0   24    0        5       0      0      0    71
22:21:28  all     0     0   26    0        5       0      0      0    69
22:21:29  all     1     0   28    0        2       0      0      0    68
22:21:30  all     1     0   32    0        2       0      0      0    65
22:21:31  all     0     0   28    0        3       0      0      0    69
22:21:32  all     0     0   32    0        3       0      0      0    65
22:21:33  all     0     0   31    0        3       0      0      0    66
22:21:34  all     0     0   26    0        7       0      0      0    67
22:21:35  all     0     0   28    0        2       0      0      0    70
22:21:36  all     1     0   28    0        3       0      0      0    67
22:21:37  all     0     0   29    0        6       0      0      0    65
22:21:38  all     0     0   28    0        2       0      0      0    70
22:21:39  all     0     0   31    0        5       0      0      0    63
22:21:40  all     1     0   27    0        5       0      0      0    66
22:21:41  all     0     0   27    0        6       0      0      0    67
22:21:42  all     0     0   31    0        4       0      0      0    65
22:21:43  all     0     0   27    0        2       0      0      0    71
22:21:44  all     1     0   31    0        2       0      0      0    66
22:21:45  all     0     0   26    0        5       0      0      0    70
22:21:46  all     0     0   28    0        2       0      0      0    69
22:21:47  all     0     0   34    0        2       0      0      0    64
22:21:48  all     0     0   33    0        3       0      0      0    64
22:21:49  all     0     0   29    0        5       0      0      0    66
22:21:50  all     0     0   29    0        3       0      0      0    67
22:21:51  all     0     0   31    0        2       0      0      0    67
22:21:52  all     0     0   25    0        6       0      0      1    68
22:21:53  all     0     0   31    0        2       0      0      0    67
22:21:54  all     0     0   28    0        5       0      0      0    67
22:21:55  all     0     0   30    0        4       0      0      0    66
22:21:56  all     1     0   31    0        3       0      0      0    65
22:21:57  all     0     0   29    0        3       0      0      0    67
22:21:58  all     0     0   28    0        2       0      0      0    70
22:21:59  all     0     0   31    0        2       0      0      0    66
22:22:00  all     0     0   23    0        7       0      0      0    70
22:22:01  all     0     0   28    0        4       0      0      0    67
22:22:02  all     0     0   28    0        3       0      0      0    68
22:22:03  all     0     0   31    0        4       0      0      0    65
22:22:04  all     1     0   25    0        4       0      0      0    70
22:22:05  all     1     0   33    0        4       0      0      0    62
22:22:06  all     0     0   20    0        5       0      0      0    75
22:22:07  all     0     0   29    0        4       0      0      0    66
22:22:08  all     0     0   30    0        4       0      0      0    65
22:22:09  all     0     0   29    0        4       0      0      0    66
22:22:10  all     0     0   30    0        3       0      0      0    67
22:22:11  all     0     0   30    0        4       0      0      0    66
22:22:12  all     0     0   31    0        3       0      0      0    66
22:22:13  all     1     0   27    0        4       0      0      0    67
22:22:14  all     0     0   32    0        3       0      0      0    65
22:22:15  all     1     0   27    0        1       0      0      0    71
22:22:16  all     0     0   27    0        5       0      0      0    68
22:22:17  all     0     0   32    0        4       0      0      0    64
22:22:18  all     0     0   29    0        3       0      0      0    67
22:22:19  all     1     0   29    0        3       0      0      0    67
22:22:20  all     0     0   27    0        6       0      0      0    67
22:22:21  all     1     0   29    0        3       0      0      0    66
22:22:22  all     0     0   28    0        2       0      0      0    70
22:22:23  all     1     0   28    0        2       0      0      0    69
22:22:24  all     0     0   29    0        7       0      0      0    65
22:22:25  all     0     0   30    0        4       0      0      0    66
22:22:26  all     0     0   30    0        5       0      0      0    65
22:22:27  all     0     0   23    0        7       0      0      0    70
22:22:28  all     0     0   30    0        2       0      0      0    68
22:22:29  all     0     0   35    0        3       0      0      0    62
22:22:30  all     0     0   31    0        4       0      0      0    65
22:22:31  all     0     0   30    0        4       0      0      1    65
22:22:32  all     0     0   27    0        7       0      0      0    66
22:22:33  all     1     0   30    0        2       0      0      0    67
22:22:34  all     0     0   35    0        1       0      0      0    63
22:22:35  all     0     0   32    0        3       0      0      0    65
22:22:36  all     0     0   30    0        2       0      0      0    68
22:22:37  all     0     0   29    0        4       0      0      0    66
22:22:38  all     0     0   33    0        5       0      0      0    62
22:22:39  all     0     0   28    0        3       0      0      0    68
22:22:40  all     2     0   29    0        5       0      0      0    64
22:22:41  all     0     0   24    0        3       0      0      0    73
22:22:42  all     0     0   24    0        6       0      0      0    71
22:22:43  all     0     0   30    0        5       0      0      0    65
22:22:44  all     0     0   25    0        5       0      0      0    71
22:22:45  all     1     0   37    0        9       0      0      0    54
22:22:46  all     0     0   36    0        4       0      0      0    60
22:22:47  all     1     0   31    0        4       0      0      0    64
22:22:48  all     0     0   30    0        2       0      0      0    68
22:22:49  all     0     0   26    0        6       0      0      0    68
22:22:50  all     1     0   31    0        3       0      0      0    65
22:22:51  all     0     0   26    0        5       0      0      0    69
22:22:52  all     0     0   29    0        4       0      0      0    66
22:22:53  all     1     0   26    0        3       0      0      0    69
22:22:54  all     0     0   31    0        5       0      0      0    64
22:22:55  all     0     0   30    0        3       0      0      0    67
22:22:56  all     0     0   26    0        5       0      0      0    70
22:22:57  all     0     0   31    0        5       0      0      1    63
22:22:58  all     0     0   30    0        4       0      0      0    66
22:22:59  all     0     0    0    0        0       0      0      0   100
22:23:00  all     0     0    0    0        0       0      0      0   100
22:23:01  all     0     0    0    0        0       0      0      0   100
22:23:02  all     0     0    0    0        0       0      0      0   100
22:23:03  all     0     0    0    0        0       0      0      0   100
