
o41  4.10.0-42-generic  #46~16.04.1-Ubuntu SMP Mon Dec 4 15:57:59 UTC 2017  x86_64  2017/12/30

-------------------------- analysis date: 2017/12/30 --------------------------

14:23:34  cpu  %usr %nice %sys %irq %softirq  %steal %guest  %wait %idle  _cpu_
14:23:35  all     0     0    0    0        0       0      0      0   200
            0     0     0    0    0        0       0      0      0   100
            1     0     0    0    0        0       0      0      0   100
14:23:36  all     0     0    0    0        0       0      0      0   200
            0     0     0    0    0        0       0      0      0   100
            1     0     0    0    0        0       0      0      0   100
14:23:37  all     0     0    0    0        0       0      0      0   200
            0     0     0    0    0        0       0      0      0   100
            1     0     0    0    0        0       0      0      0   100
14:23:38  all     0     0    0    0        0       0      1      0   200
            0     0     0    0    0        0       0      0      0   100
            1     1     0    0    0        0       0      1      0    99
14:23:39  all     0     0    0    0        0       0      0      0   200
            0     0     0    0    0        0       0      0      0   100
            1     0     0    0    0        0       0      0      0   100
14:23:40  all     0     0    0    0        0       0      0      0   200
            0     0     0    0    0        0       0      0      0   100
            1     0     0    0    0        0       0      0      0   100
14:23:41  all     0     0    0    0        0       0      0      0   200
            0     0     0    0    0        0       0      0      0   100
            1     0     0    0    0        0       0      0      0   100
14:23:42  all     0     0    0    0        0       0      0      0   200
            0     0     0    0    0        0       0      0      0   100
            1     0     0    0    0        0       0      0      0   100
14:23:43  all     0     0    0    0        0       0      0      0   200
            0     0     0    0    0        0       0      0      0   100
            1     0     0    0    0        0       0      0      0   100
14:23:44  all     1     0    0    0        0       0      0      0   199
            0     0     0    0    0        0       0      0      0   100
            1     1     0    0    0        0       0      0      0    99
14:23:45  all     0     0    0    0        0       0      0      0   200
            0     0     0    0    0        0       0      0      0   100
            1     0     0    0    0        0       0      0      0   100
14:23:46  all     0     0    0    0        0       0      0      0   200
            0     0     0    0    0        0       0      0      0   100
            1     0     0    0    0        0       0      0      0   100
14:23:47  all     0     0    0    0        0       0      0      0   200
            0     0     0    0    0        0       0      0      0   100
            1     0     0    0    0        0       0      0      0   100
14:23:48  all     0     0    0    0        0       0      0      0   200
            0     0     0    0    0        0       0      0      0   100
            1     0     0    0    0        0       0      0      0   100
14:23:49  all     0     0    0    0        0       0      0      0   200
            0     0     0    0    0        0       0      0      0   100
            1     0     0    0    0        0       0      0      0   100
14:23:50  all     0     0    0    0        0       0      0      0   200
            0     0     0    0    0        0       0      0      0   100
            1     0     0    0    0        0       0      0      0   100
14:23:51  all     0     0    0    0        0       0      0      0   200
            0     0     0    0    0        0       0      0      0   100
            1     0     0    0    0        0       0      0      0   100
14:23:52  all     1     0    0    0        0       0      1      0   199
            0     0     0    0    0        0       0      0      0   100
            1     0     0    0    0        0       0      1      0   100
14:23:53  all     0     0    0    0        0       0      0      0   200
            0     0     0    0    0        0       0      0      0   100
            1     0     0    0    0        0       0      0      0   100
14:23:54  all     0     0    0    0        0       0      0      0   200
            0     1     0    0    0        0       0      0      0    99
            1     0     0    0    0        0       0      0      0   100
14:23:55  all     0     0    1    0        0       0      0      0   199
            0     0     0    1    0        0       0      0      0    99
            1     0     0    0    0        0       0      0      0   100
14:23:56  all     0     0    0    0        0       0      0      0   200
            0     0     0    0    0        0       0      0      0   100
            1     0     0    0    0        0       0      0      0   100
14:23:57  all     0     0    1    0        0       0      0      0   199
            0     0     0    1    0        0       0      0      0    99
            1     0     0    1    0        0       0      0      0    99
14:23:58  all     0     0    0    0        0       0      0      0   200
            0     0     0    0    0        0       0      0      0   100
            1     0     0    0    0        0       0      0      0   100
14:23:59  all     0     0    1    0        0       0      0      0   199
            0     0     0    0    0        0       0      0      0   100
            1     0     0    0    0        0       0      0      0   100
14:24:00  all     1     0    0    0        0       0      0      0   199
            0     0     0    0    0        0       0      0      0   100
            1     0     0    0    0        0       0      0      0   100
14:24:01  all     0     0    0    0        0       0      0      0   200
            0     1     0    0    0        0       0      0      0    99
            1     0     0    0    0        0       0      0      0   100
14:24:02  all     1     0    0    0        0       0      0      0   199
            0     0     0    0    0        0       0      0      0   100
            1     0     0    0    0        0       0      0      0   100
14:24:03  all     0     0    1    0        0       0      0      0   199
            0     0     0    1    0        0       0      0      0    99
            1     0     0    0    0        0       0      0      0   100
14:24:04  all     0     0    0    0        0       0      0      0   200
            0     0     0    0    0        0       0      0      0   100
            1     0     0    0    0        0       0      0      0   100
14:24:05  all     0     0    0    0        0       0      0      0   200
            0     0     0    0    0        0       0      0      0   100
            1     0     0    0    0        0       0      0      0   100
14:24:06  all     0     0    0    0        0       0      0      0   200
            0     1     0    0    0        0       0      0      0    99
            1     0     0    0    0        0       0      0      0   100
14:24:07  all     0     0    0    0        0       0      0      0   200
            0     0     0    1    0        0       0      0      0    99
            1     0     0    0    0        0       0      0      0   100
14:24:08  all     1     0    0    0        0       0      0      0   199
            0     0     0    0    0        0       0      0      0   100
            1     1     0    0    0        0       0      0      0    99
14:24:09  all     1     0    0    0        0       0      0      0   199
            0     1     0    0    0        0       0      0      0    99
            1     0     0    0    0        0       0      0      0   100
14:24:10  all     0     0    0    0        0       0      0      0   200
            0     0     0    0    0        0       0      0      0   100
            1     0     0    0    0        0       0      0      0   100
14:24:11  all     0     0    1    0        0       0      0      0   199
            0     0     0    0    0        0       0      0      0   100
            1     0     0    0    0        0       0      0      0   100
14:24:12  all     0     0    0    0        0       0      0      0   200
            0     0     0    0    0        0       0      0      0   100
            1     0     0    0    0        0       0      0      0   100
14:24:13  all     0     0    0    0        0       0      0      0   200
            0     0     0    0    0        0       0      0      0   100
            1     0     0    0    0        0       0      0      0   100
14:24:14  all     0     0    1    0        0       0      0      0   199
            0     0     0    1    0        0       0      0      0    99
            1     0     0    0    0        0       0      0      0   100
14:24:15  all     1     0    0    0        0       0      0      0   199
            0     1     0    0    0        0       0      0      0    99
            1     0     0    0    0        0       0      0      0   100
14:24:16  all     0     0    0    0        0       0      1      0   200
            0     0     0    0    0        0       0      0      0   100
            1     0     0    0    0        0       0      1      0   100
14:24:17  all     1     0    1    0        0       0      0      0   198
            0     0     0    1    0        0       0      0      0    99
            1     1     0    1    0        0       0      0      0    98
14:24:18  all     0     0    3    0        0       0      0      0   197
            0     0     0    0    0        0       0      0      0   100
            1     0     0    2    0        0       0      0      0    98
14:24:19  all     0     0    1    0        0       0      1      0   199
            0     0     0    1    0        0       0      0      0    99
            1     0     0    1    0        0       0      1      0    99
14:24:20  all     1     0    1    0        0       0      0      0   198
            0     0     0    0    0        0       0      0      0   100
            1     1     0    0    0        0       0      0      0    99
14:24:21  all     1     0    0    0        0       0      1      0   199
            0     0     0    0    0        0       0      0      0   100
            1     0     0    0    0        0       0      1      0   100
14:24:22  all     0     0    0    0        0       0      0      0   200
            0     1     0    0    0        0       0      0      0    99
            1     0     0    0    0        0       0      0      0   100
14:24:23  all     0     0    0    0        0       0      0      0   200
            0     0     0    1    0        0       0      0      0    99
            1     1     0    0    0        0       0      0      0    99
14:24:24  all     1     0    0    0        0       0      0      0   199
            0     0     0    0    0        0       0      0      0   100
            1     0     0    0    0        0       0      0      0   100
14:24:25  all     0     0    1    0        0       0      0      0   199
            0     0     0    0    0        0       0      0      0   100
            1     0     0    1    0        0       0      0      0    99
14:24:26  all     1     0    0    0        0       0      0      0   199
            0     1     0    0    0        0       0      0      0    99
            1     0     0    0    0        0       0      0      0   100
14:24:27  all     0     0    1    0        0       0      0      0   199
            0     0     0    0    0        0       0      0      0   100
            1     0     0    1    0        0       0      0      0    99
14:24:28  all     0     0    0    0        0       0      0      0   200
            0     0     0    0    0        0       0      0      0   100
            1     0     0    0    0        0       0      0      0   100
14:24:29  all     0     0    1    0        0       0      0      0   199
            0     0     0    0    0        0       0      0      0   100
            1     0     0    0    0        0       0      0      0   100
14:24:30  all     0     0    1    0        0       0      0      0   199
            0     0     0    1    0        0       0      0      0    99
            1     0     0    0    0        0       0      0      0   100
14:24:31  all     0     0    0    0        0       0      0      0   200
            0     1     0    0    0        0       0      0      0    99
            1     0     0    0    0        0       0      0      0   100
14:24:32  all     1     0    0    0        0       0      0      0   199
            0     0     0    0    0        0       0      0      0   100
            1     0     0    0    0        0       0      0      0   100
14:24:33  all     0     0    0    0        0       0      0      0   200
            0     0     0    0    0        0       0      0      0   100
            1     0     0    0    0        0       0      0      0   100
14:24:34  all     0     0    0    0        0       0      0      0   200
            0     0     0    0    0        0       0      0      0   100
            1     0     0    0    0        0       0      0      0   100
14:24:35  all     1     0    0    0        0       0      1      0   199
            0     0     0    1    0        0       0      0      0    99
            1     0     0    0    0        0       0      1      0   100
14:24:36  all     0     0    1    0        0       0      0      0   199
            0     0     0    0    0        0       0      0      0   100
            1     0     0    0    0        0       0      0      0   100
14:24:37  all     0     0    1    0        0       0      0      0   199
            0     0     0    1    0        0       0      0      0    99
            1     0     0    0    0        0       0      0      0   100
14:24:38  all     0     0    0    0        0       0      0      0   200
            0     1     0    0    0        0       0      0      0    99
            1     0     0    0    0        0       0      0      0   100
14:24:39  all     1     0    0    0        0       0      0      0   199
            0     0     0    0    0        0       0      0      0   100
            1     1     0    0    0        0       0      0      0    99
14:24:40  all     1     0    0    0        0       0      0      0   199
            0     1     0    0    0        0       0      0      0    99
            1     0     0    0    0        0       0      0      0   100
14:24:41  all     0     0    0    0        0       0      0      0   200
            0     0     0    0    0        0       0      0      0   100
            1     0     0    0    0        0       0      0      0   100
14:24:42  all     0     0    0    0        0       0      0      0   200
            0     0     0    0    0        0       0      0      0   100
            1     0     0    0    0        0       0      0      0   100
14:24:43  all     0     0    0    0        0       0      0      0   200
            0     0     0    0    0        0       0      0      0   100
            1     0     0    0    0        0       0      0      0   100
14:24:44  all     0     0    0    0        0       0      0      0   200
            0     0     0    0    0        0       0      0      0   100
            1     0     0    0    0        0       0      0      0   100
14:24:45  all     0     0    0    0        0       0      0      0   200
            0     0     0    0    0        0       0      0      0   100
            1     0     0    0    0        0       0      0      0   100
14:24:46  all     0     0    0    0        0       0      0      0   200
            0     0     0    0    0        0       0      0      0   100
            1     0     0    0    0        0       0      0      0   100
14:24:47  all     0     0    0    0        0       0      0      0   200
            0     0     0    0    0        0       0      0      0   100
            1     0     0    0    0        0       0      0      0   100
14:24:48  all     0     0    0    0        0       0      0      0   200
            0     0     0    0    0        0       0      0      0   100
            1     0     0    0    0        0       0      0      0   100
14:24:49  all     1     0    0    0        0       0      0      0   199
            0     1     0    0    0        0       0      0      0    99
            1     0     0    0    0        0       0      0      0   100
14:24:50  all     0     0    0    0        0       0      0      0   200
            0     0     0    0    0        0       0      0      0   100
            1     0     0    0    0        0       0      0      0   100
14:24:51  all     0     0    0    0        0       0      0      0   200
            0     0     0    0    0        0       0      0      0   100
            1     0     0    0    0        0       0      0      0   100
14:24:52  all     0     0    0    0        0       0      0      0   200
            0     0     0    0    0        0       0      0      0   100
            1     0     0    0    0        0       0      0      0   100
14:24:53  all     0     0    0    0        0       0      0      0   200
            0     0     0    0    0        0       0      0      0   100
            1     0     0    0    0        0       0      0      0   100
14:24:54  all     0     0    0    0        0       0      0      0   200
            0     0     0    0    0        0       0      0      0   100
            1     0     0    0    0        0       0      0      0   100
14:24:55  all     0     0    0    0        0       0      0      0   200
            0     0     0    0    0        0       0      0      0   100
            1     0     0    0    0        0       0      0      0   100
14:24:56  all     0     0    0    0        0       0      0      0   200
            0     0     0    0    0        0       0      0      0   100
            1     0     0    0    0        0       0      0      0   100
14:24:57  all     0     0    0    0        0       0      0      0   200
            0     0     0    0    0        0       0      0      0   100
            1     0     0    0    0        0       0      0      0   100
14:24:58  all     0     0    0    0        0       0      0      0   200
            0     0     0    0    0        0       0      0      0   100
            1     0     0    0    0        0       0      0      0   100
14:24:59  all     0     0    0    0        0       0      0      0   200
            0     0     0    0    0        0       0      0      0   100
            1     0     0    0    0        0       0      0      0   100
14:25:00  all     0     0    0    0        0       0      0      0   200
            0     0     0    0    0        0       0      0      0   100
            1     0     0    0    0        0       0      0      0   100
14:25:01  all     0     0    0    0        0       0      0      0   200
            0     0     0    0    0        0       0      0      0   100
            1     0     0    1    0        0       0      0      0    99
14:25:02  all     0     0    0    0        0       0      0      0   200
            0     0     0    0    0        0       0      0      0   100
            1     0     0    0    0        0       0      0      0   100
14:25:03  all     0     0    1    0        0       0      0      0   199
            0     0     0    0    0        0       0      0      0   100
            1     0     0    0    0        0       0      0      0   100
14:25:04  all     0     0    1    0        0       0      0      0   199
            0     0     0    0    0        0       0      0      0   100
            1     0     0    1    0        0       0      0      0    99
14:25:05  all     0     0    0    0        0       0      0      0   200
            0     0     0    0    0        0       0      0      0   100
            1     0     0    0    0        0       0      0      0   100
14:25:06  all     0     0    0    0        0       0      0      0   200
            0     0     0    0    0        0       0      0      0   100
            1     0     0    0    0        0       0      0      0   100
14:25:07  all     1     0    0    0        0       0      1      0   199
            0     0     0    0    0        0       0      0      0   100
            1     1     0    0    0        0       0      1      0    99
14:25:08  all     0     0    0    0        0       0      0      0   200
            0     0     0    0    0        0       0      0      0   100
            1     0     0    0    0        0       0      0      0   100
14:25:09  all     0     0    0    0        0       0      0      0   200
            0     0     0    1    0        0       0      0      0    99
            1     0     0    0    0        0       0      0      0   100
14:25:10  all     0     0    0    0        0       0      0      0   200
            0     0     0    0    0        0       0      0      0   100
            1     0     0    0    0        0       0      0      0   100
14:25:11  all     0     0    0    0        0       0      0      0   200
            0     0     0    0    0        0       0      0      0   100
            1     0     0    0    0        0       0      0      0   100
14:25:12  all     0     0    1    0        0       0      0      0   199
            0     0     0    0    0        0       0      0      0   100
            1     0     0    1    0        0       0      0      0    99
14:25:13  all     0     0    0    0        0       0      0      0   200
            0     0     0    0    0        0       0      0      0   100
            1     0     0    0    0        0       0      0      0   100
14:25:14  all     0     0    0    0        0       0      0      0   200
            0     0     0    0    0        0       0      0      0   100
            1     0     0    0    0        0       0      0      0   100
14:25:15  all     0     0    0    0        0       0      0      0   200
            0     0     0    0    0        0       0      0      0   100
            1     0     0    0    0        0       0      0      0   100
14:25:16  all     0     0    0    0        0       0      0      0   200
            0     0     0    0    0        0       0      0      0   100
            1     0     0    0    0        0       0      0      0   100
14:25:17  all     0     0    0    0        0       0      0      0   200
            0     0     0    0    0        0       0      0      0   100
            1     0     0    0    0        0       0      0      0   100
14:25:18  all     0     0    0    0        0       0      1      0   200
            0     0     0    0    0        0       0      0      0   100
            1     0     0    0    0        0       0      1      0   100
14:25:19  all     0     0    0    0        0       0      0      0   200
            0     0     0    0    0        0       0      0      0   100
            1     0     0    0    0        0       0      0      0   100
14:25:20  all     0     0    0    0        0       0      0      0   200
            0     0     0    0    0        0       0      0      0   100
            1     0     0    0    0        0       0      0      0   100
14:25:21  all     0     0    0    0        0       0      0      0   200
            0     0     0    0    0        0       0      0      0   100
            1     0     0    0    0        0       0      0      0   100
14:25:22  all     0     0    0    0        0       0      0      0   200
            0     0     0    0    0        0       0      0      0   100
            1     0     0    0    0        0       0      0      0   100
14:25:23  all     1     0    0    0        0       0      0      0   199
            0     0     0    0    0        0       0      0      0   100
            1     1     0    0    0        0       0      0      0    99
14:25:24  all     0     0    0    0        0       0      0      0   200
            0     0     0    0    0        0       0      0      0   100
            1     0     0    0    0        0       0      0      0   100
14:25:25  all     0     0    0    0        0       0      0      0   200
            0     0     0    0    0        0       0      0      0   100
            1     0     0    0    0        0       0      0      0   100
14:25:26  all     0     0    0    0        0       0      0      0   200
            0     0     0    0    0        0       0      0      0   100
            1     0     0    0    0        0       0      0      0   100
14:25:27  all     0     0    0    0        0       0      0      0   200
            0     0     0    0    0        0       0      0      0   100
            1     0     0    0    0        0       0      0      0   100
14:25:28  all     0     0    0    0        0       0      0      0   200
            0     0     0    0    0        0       0      0      0   100
            1     0     0    0    0        0       0      0      0   100
14:25:29  all     0     0    0    0        0       0      0      0   200
            0     0     0    0    0        0       0      0      0   100
            1     0     0    0    0        0       0      0      0   100
14:25:30  all     0     0    0    0        0       0      0      0   200
            0     0     0    0    0        0       0      0      0   100
            1     0     0    0    0        0       0      0      0   100
14:25:31  all     0     0    0    0        0       0      0      0   200
            0     0     0    0    0        0       0      0      0   100
            1     0     0    0    0        0       0      0      0   100
14:25:32  all     0     0    0    0        0       0      0      0   200
            0     0     0    0    0        0       0      0      0   100
            1     0     0    0    0        0       0      0      0   100
14:25:33  all     0     0    0    0        0       0      0      0   200
            0     0     0    0    0        0       0      0      0   100
            1     0     0    0    0        0       0      0      0   100
14:25:34  all     0     0    0    0        0       0      0      0   200
            0     0     0    0    0        0       0      0      0   100
            1     0     0    0    0        0       0      0      0   100
14:25:35  all     0     0    0    0        0       0      0      0   200
            0     0     0    0    0        0       0      0      0   100
            1     0     0    0    0        0       0      0      0   100
14:25:36  all     0     0    0    0        0       0      0      0   200
            0     0     0    0    0        0       0      0      0   100
            1     0     0    0    0        0       0      0      0   100
14:25:37  all     0     0    0    0        0       0      0      0   200
            0     0     0    0    0        0       0      0      0   100
            1     0     0    0    0        0       0      0      0   100
14:25:38  all     0     0    0    0        0       0      0      0   200
            0     0     0    0    0        0       0      0      0   100
            1     0     0    0    0        0       0      0      0   100
14:25:39  all     1     0    0    0        0       0      1      0   199
            0     0     0    0    0        0       0      0      0   100
            1     1     0    0    0        0       0      1      0    99
14:25:40  all     0     0    0    0        0       0      0      0   200
            0     0     0    0    0        0       0      0      0   100
            1     0     0    0    0        0       0      0      0   100
14:25:41  all     0     0    0    0        0       0      0      0   200
            0     0     0    0    0        0       0      0      0   100
            1     0     0    0    0        0       0      0      0   100
14:25:42  all     0     0    0    0        0       0      0      0   200
            0     0     0    0    0        0       0      0      0   100
            1     0     0    0    0        0       0      0      0   100
14:25:43  all     0     0    0    0        0       0      0      0   200
            0     0     0    0    0        0       0      0      0   100
            1     0     0    0    0        0       0      0      0   100
14:25:44  all     0     0    0    0        0       0      0      0   200
            0     0     0    0    0        0       0      0      0   100
            1     0     0    0    0        0       0      0      0   100
14:25:45  all     0     0    0    0        0       0      0      0   200
            0     0     0    0    0        0       0      0      0   100
            1     0     0    0    0        0       0      0      0   100
14:25:46  all     0     0    1    0        0       0      0      0   199
            0     0     0    0    0        0       0      0      0   100
            1     0     0    1    0        0       0      0      0    99
14:25:47  all     2     0    0    0        0       0      1      0   198
            0     1     0    0    0        0       0      0      0    99
            1     1     0    0    0        0       0      1      0    99
14:25:48  all     0     0    0    0        0       0      0      0   200
            0     0     0    0    0        0       0      0      0   100
            1     0     0    0    0        0       0      0      0   100
14:25:49  all     0     0    1    0        0       0      0      0   199
            0     0     0    0    0        0       0      0      0   100
            1     0     0    0    0        0       0      0      0   100
14:25:50  all     1     0    0    0        0       0      1      0   199
            0     0     0    0    0        0       0      0      0   100
            1     1     0    0    0        0       0      1      0    99
14:25:51  all     0     0    1    0        0       0      0      0   199
            0     0     0    1    0        0       0      0      0    99
            1     0     0    0    0        0       0      0      0   100
14:25:52  all     0     0    0    0        0       0      0      0   200
            0     0     0    0    0        0       0      0      0   100
            1     0     0    0    0        0       0      0      0   100
