
itri  4.4.0-87-generic  #110-Ubuntu SMP Tue Jul 18 12:55:35 UTC 2017  x86_64  2018/01/02

-------------------------- analysis date: 2018/01/02 --------------------------

21:54:21  cpu  %usr %nice %sys %irq %softirq  %steal %guest  %wait %idle  _cpu_
21:54:22  all     0     0    0    0        0       0      0      0   100
21:54:23  all     0     0    0    0        0       0      0      0   100
21:54:24  all     0     0    0    0        0       0      0      0   100
21:54:25  all     0     0    0    0        0       0      0      0   100
21:54:26  all     0     0    0    0        0       0      0      0   100
21:54:27  all     1     0    1    0        0       0      0      2    96
21:54:28  all     0     0    0    0        0       0      0      0   100
21:54:29  all     0     0    0    0        0       0      0      0   100
21:54:30  all     0     0    0    0        0       0      0      0   100
21:54:31  all     0     0    0    0        0       0      0      0   100
21:54:32  all     0     0    0    0        0       0      0      0   100
21:54:33  all     0     0    0    0        0       0      0      0   100
21:54:34  all     0     0    0    0        0       0      0      0   100
21:54:35  all     0     0    1    0        0       0      0      0    99
21:54:36  all     0     0    0    0        0       0      0      0   100
21:54:37  all     1     0    0    0        0       0      0      0    99
21:54:38  all     0     0    0    0        0       0      0      0   100
21:54:39  all     0     0    0    0        0       0      0      0   100
21:54:40  all     0     0    1    0        0       0      0      0    99
21:54:41  all     0     0    0    0        0       0      0      0   100
21:54:42  all     1     0    0    0        0       0      0      0    99
21:54:43  all     0     0    1    0        0       0      0      0    99
21:54:44  all     0     0    0    0        0       0      0      0   100
21:54:45  all     0     0    0    0        0       0      0      0   100
21:54:46  all     0     0    0    0        0       0      0      0   100
21:54:47  all     0     0    0    0        0       0      0      0   100
21:54:48  all     0     0    0    0        0       0      0      0   100
21:54:49  all     0     0    0    0        0       0      0      0   100
21:54:50  all     0     0    0    0        0       0      0      0   100
21:54:51  all     0     0    0    0        0       0      0      0   100
21:54:52  all     0     0    0    0        0       0      0      0   100
21:54:53  all     0     0    0    0        0       0      0      0   100
21:54:54  all     0     0    0    0        0       0      0      0   100
21:54:55  all     0     0    0    0        0       0      0      0   100
21:54:56  all     0     0    0    0        0       0      0      0   100
21:54:57  all     0     0    0    0        0       0      0      0   100
21:54:58  all     0     0    0    0        0       0      0      0   100
21:54:59  all     0     0    0    0        0       0      0      0   100
21:55:00  all     0     0    0    0        0       1      0      0    99
21:55:01  all     0     0    0    0        0       0      0      0   100
21:55:02  all     0     0    0    0        0       0      0      0   100
21:55:03  all     0     0    0    0        0       0      0      0   100
21:55:04  all     0     0    0    0        0       0      0      0   100
21:55:05  all     0     0    0    0        0       0      0      0   100
21:55:06  all     0     0    0    0        0       0      0      0   100
21:55:07  all     0     0    0    0        0       1      0      1    98
21:55:08  all     0     0    0    0        0       0      0      0   100
21:55:09  all     0     0    0    0        0       0      0      0   100
21:55:10  all     0     0    0    0        0       0      0      0   100
21:55:11  all     0     0    0    0        0       0      0      0   100
21:55:12  all     0     0    0    0        0       0      0      0   100
21:55:13  all     0     0    0    0        0       0      0      0   100
21:55:14  all     0     0    0    0        0       0      0      0   100
21:55:15  all     0     0    0    0        0       0      0      0   100
21:55:16  all     0     0    0    0        0       0      0      0   100
21:55:17  all     0     0    0    0        0       0      0      0   100
21:55:18  all     0     0    0    0        0       0      0      0   100
21:55:19  all     1     0    0    0        0       0      0      0    99
21:55:20  all     0     0    0    0        0       0      0      0   100
21:55:21  all     0     0    1    0        0       0      0      0    99
21:55:22  all     0     0    0    0        0       0      0      0   100
21:55:23  all     1     0    0    0        0       0      0      0    99
21:55:24  all     0     0    0    0        0       0      0      0   100
21:55:25  all     0     0    0    0        0       0      0      0   100
21:55:26  all     0     0    0    0        0       0      0      0   100
21:55:27  all     1     0    0    0        0       0      0      0    99
21:55:28  all     0     0    1    0        0       0      0      0    99
21:55:29  all     0     0    0    0        0       0      0      0   100
21:55:30  all     1     0    0    0        0       0      0      0    99
21:55:31  all     0     0    0    0        0       0      0      0   100
21:55:32  all     0     0    0    0        0       0      0      0   100
21:55:33  all     0     0    0    0        0       0      0      0   100
21:55:34  all     1     0    0    0        0       0      0      0    99
21:55:35  all     0     0    0    0        0       0      0      0   100
21:55:36  all     0     0    0    0        0       0      0      0   100
21:55:37  all     0     0    0    0        0       0      0      0   100
21:55:38  all     0     0    0    0        0       0      0      0   100
21:55:39  all     0     0    0    0        0       0      0      0   100
21:55:40  all     0     0    0    0        0       0      0      0   100
21:55:41  all     0     0    0    0        0       0      0      0   100
21:55:42  all     0     0    0    0        0       1      0      0    99
21:55:43  all     0     0    0    0        0       0      0      0   100
21:55:44  all     0     0    0    0        0       0      0      0   100
21:55:45  all     0     0    0    0        0       0      0      0   100
21:55:46  all     0     0    0    0        0       0      0      0   100
21:55:47  all     0     0    0    0        0       0      0      0   100
21:55:48  all     0     0    0    0        0       0      0      0   100
21:55:49  all     0     0    0    0        0       0      0      0   100
21:55:50  all     0     0    0    0        0       0      0      0   100
21:55:51  all     0     0    0    0        0       0      0      0   100
21:55:52  all     0     0    0    0        0       0      0      0   100
21:55:53  all     0     0    0    0        0       0      0      0   100
21:55:54  all     0     0    0    0        0       0      0      0   100
21:55:55  all     0     0    0    0        0       0      0      0   100
21:55:56  all     0     0    0    0        0       0      0      0   100
21:55:57  all     0     0    0    0        0       0      0      0   100
21:55:58  all     0     0    0    0        0       0      0      0   100
21:55:59  all     0     0    0    0        0       0      0      0   100
21:56:00  all     0     0    0    0        0       0      0      0   100
21:56:01  all     0     0    0    0        0       0      0      0   100
21:56:02  all     0     0    0    0        0       0      0      0   100
21:56:03  all     0     0    1    0        0       0      0      0    99
21:56:04  all     0     0    0    0        0       0      0      0   100
21:56:05  all     0     0    0    0        0       0      0      0   100
21:56:06  all     0     0    0    0        0       0      0      0   100
21:56:07  all     0     0    0    0        0       0      0      0   100
21:56:08  all     0     0    0    0        0       0      0      0   100
21:56:09  all     0     0    0    0        0       0      0      0   100
21:56:10  all     0     0    1    0        0       0      0      0    99
21:56:11  all     1     0    0    0        0       0      0      0    99
21:56:12  all     0     0    0    0        0       1      0      0    99
21:56:13  all     0     0    0    0        0       0      0      0   100
21:56:14  all     0     0    0    0        0       0      0      0   100
21:56:15  all     0     0    0    0        0       0      0      0   100
21:56:16  all     0     0    1    0        0       0      0      0    99
21:56:17  all     1     0    0    0        0       0      0      0    99
21:56:18  all     0     0    0    0        0       0      0      0   100
21:56:19  all     0     0    1    0        0       0      0      0    99
21:56:20  all     0     0    0    0        0       0      0      0   100
21:56:21  all     1     0    0    0        0       0      0      0    99
21:56:22  all     0     0    0    0        0       0      0      0   100
21:56:23  all     0     0    0    0        0       0      0      0   100
21:56:24  all     0     0    0    0        0       0      0      0   100
21:56:25  all     0     0    0    0        0       0      0      0   100
21:56:26  all     0     0    0    0        0       0      0      0   100
21:56:27  all     0     0    0    0        0       0      0      0   100
21:56:28  all     0     0    0    0        0       0      0      0   100
21:56:29  all     0     0    0    0        0       0      0      0   100
21:56:30  all     0     0    0    0        0       0      0      0   100
