
itri  4.4.0-87-generic  #110-Ubuntu SMP Tue Jul 18 12:55:35 UTC 2017  x86_64  2018/01/02

-------------------------- analysis date: 2018/01/02 --------------------------

20:38:50  cpu  %usr %nice %sys %irq %softirq  %steal %guest  %wait %idle  _cpu_
20:38:51  all     0     0    0    0        0       0      0      0   100
20:38:52  all     0     0    0    0        0       0      0      0   100
20:38:53  all     0     0    0    0        0       0      0      0   100
20:38:54  all     0     0    0    0        0       0      0      0   100
20:38:55  all     0     0    1    0        0       0      0      0    99
20:38:56  all     0     0    2    0        0       0      0      0    98
20:38:57  all     0     0    5    0        1       1      0      0    93
20:38:58  all     0     0    2    0        1       0      0      0    97
20:38:59  all     0     0    2    0        0       0      0      0    98
20:39:00  all     0     0    3    0        1       0      0      0    96
20:39:01  all     0     0    3    0        1       1      0      0    95
20:39:02  all     0     0    2    0        1       0      0      0    97
20:39:03  all     0     0    3    0        0       0      0      0    97
20:39:04  all     0     0    1    0        0       1      0      0    98
20:39:05  all     0     0    1    0        0       0      0      0    99
20:39:06  all     0     0    2    0        1       0      0      0    97
20:39:07  all     0     0    4    0        1       0      0      0    95
20:39:08  all     0     0    1    0        0       0      0      0    99
20:39:09  all     0     0    2    0        0       1      0      0    97
20:39:10  all     0     0    2    0        0       0      0      0    98
20:39:11  all     0     0    2    0        1       0      0      0    97
20:39:12  all     0     0    2    0        0       1      0      0    97
20:39:13  all     0     0    2    0        0       0      0      0    98
20:39:14  all     0     0    1    0        1       0      0      0    98
20:39:15  all     1     0    1    0        1       1      0      0    96
20:39:16  all     0     0    3    0        0       0      0      0    97
20:39:17  all     0     0    3    0        0       1      0      0    96
20:39:18  all     0     0    2    0        1       0      0      0    97
20:39:19  all     0     0    1    0        2       0      0      0    97
20:39:20  all     0     0    2    0        0       0      0      0    98
20:39:21  all     0     0    3    0        0       0      0      0    97
20:39:22  all     0     0    2    0        0       1      0      0    97
20:39:23  all     0     0    2    0        0       0      0      0    98
20:39:24  all     0     0    2    0        1       1      0      0    96
20:39:25  all     0     0    1    0        0       0      0      0    99
20:39:26  all     0     0    2    0        0       0      0      0    98
20:39:27  all     0     0    3    0        1       0      0      0    96
20:39:28  all     0     0    2    0        0       0      0      0    98
20:39:29  all     0     0    2    0        0       1      0      0    97
20:39:30  all     0     0    2    0        0       0      0      0    98
20:39:31  all     1     0    1    0        1       1      0      0    96
20:39:32  all     0     0    1    0        1       0      0      0    98
20:39:33  all     0     0    2    0        1       0      0      1    96
20:39:34  all     0     0    2    0        0       1      0      0    97
20:39:35  all     0     0    2    0        0       0      0      0    98
20:39:36  all     0     0    3    0        1       0      0      0    96
20:39:37  all     0     0    3    0        1       1      0      0    95
20:39:38  all     0     0    2    0        0       0      0      0    98
20:39:39  all     0     0    1    0        0       0      0      0    99
20:39:40  all     0     0    2    0        1       0      0      0    97
20:39:41  all     0     0    2    0        0       0      0      0    98
20:39:42  all     1     0    2    0        1       1      0      0    95
20:39:43  all     0     0    3    0        0       0      0      0    97
20:39:44  all     0     0    2    0        1       0      0      0    97
20:39:45  all     0     0    2    0        1       1      0      0    96
20:39:46  all     0     0    3    0        0       0      0      0    97
20:39:47  all     0     0    3    0        0       0      0      0    97
20:39:48  all     0     0    2    0        1       0      0      0    97
20:39:49  all     0     0    2    0        1       1      0      0    96
20:39:50  all     0     0    2    0        1       0      0      0    97
20:39:51  all     1     0    1    0        0       0      0      0    98
20:39:52  all     0     0    1    0        0       1      0      0    98
20:39:53  all     1     0    2    0        0       0      0      0    97
20:39:54  all     0     0    2    0        1       0      0      0    97
20:39:55  all     1     0    2    0        0       0      0      0    97
20:39:56  all     0     0    1    0        1       0      0      0    98
20:39:57  all     0     0    2    0        0       1      0      0    97
20:39:58  all     0     0    2    0        1       0      0      0    97
20:39:59  all     1     0    3    0        0       0      0      0    96
20:40:00  all     0     0    3    0        1       1      0      0    95
20:40:01  all     1     0    3    0        0       0      0      0    96
20:40:02  all     0     0    2    0        0       1      0      0    97
20:40:03  all     1     0    2    0        1       0      0      0    96
20:40:04  all     0     0    2    0        1       0      0      0    97
20:40:05  all     0     0    3    0        2       1      0      0    94
20:40:06  all     1     0    2    0        0       0      0      0    97
20:40:07  all     0     0    1    0        2       0      0      0    97
20:40:08  all     0     0    2    0        0       1      0      0    97
20:40:09  all     0     0    2    0        0       0      0      0    98
20:40:10  all     0     0    3    0        0       0      0      0    97
20:40:11  all     0     0    3    0        2       1      0      0    94
20:40:12  all     0     0    2    0        1       0      0      0    97
20:40:13  all     0     0    1    0        0       0      0      0    99
20:40:14  all     0     0    2    0        0       0      0      0    98
20:40:15  all     0     0    2    0        1       0      0      0    97
20:40:16  all     0     0    3    0        0       1      0      0    96
20:40:17  all     0     0    2    0        0       0      0      0    98
20:40:18  all     0     0    2    0        0       0      0      0    98
20:40:19  all     0     0    2    0        1       1      0      0    96
20:40:20  all     0     0    2    0        0       0      0      0    98
20:40:21  all     0     0    2    0        0       0      0      0    98
20:40:22  all     0     0    2    0        0       0      0      0    98
20:40:23  all     0     0    3    0        1       1      0      0    95
20:40:24  all     0     0    3    0        0       0      0      0    97
20:40:25  all     0     0    2    0        0       0      0      0    98
20:40:26  all     0     0    2    0        2       1      0      0    95
20:40:27  all     0     0    1    0        0       0      0      0    99
20:40:28  all     0     0    2    0        0       0      0      0    98
20:40:29  all     0     0    1    0        2       0      0      0    97
20:40:30  all     0     0    1    0        0       1      0      0    98
20:40:31  all     0     0    3    0        0       0      0      0    97
20:40:32  all     0     0    2    0        0       0      0      0    98
20:40:33  all     1     0    3    0        0       1      0      0    95
20:40:34  all     0     0    2    0        1       0      0      0    97
20:40:35  all     0     0    3    0        0       0      0      0    97
20:40:36  all     0     0    1    0        1       0      0      0    98
20:40:37  all     1     0    1    0        0       1      0      0    97
20:40:38  all     0     0    2    0        1       0      0      0    97
20:40:39  all     0     0    2    0        0       0      0      0    98
20:40:40  all     0     0    2    0        1       1      0      0    96
20:40:41  all     0     0    3    0        0       0      0      0    97
20:40:42  all     0     0    3    0        1       0      0      0    96
20:40:43  all     0     0    1    0        1       0      0      0    98
20:40:44  all     0     0    2    0        0       0      0      0    98
20:40:45  all     0     0    1    0        1       1      0      0    97
20:40:46  all     0     0    3    0        0       0      0      0    97
20:40:47  all     0     0    3    0        0       0      0      0    97
20:40:48  all     0     0    1    0        0       1      0      0    98
20:40:49  all     0     0    3    0        1       0      0      0    96
20:40:50  all     0     0    2    0        1       0      0      0    97
20:40:51  all     0     0    2    0        0       0      0      0    98
20:40:52  all     0     0    2    0        1       1      0      0    96
20:40:53  all     0     0    1    0        0       0      0      0    99
20:40:54  all     1     0    1    0        0       1      0      0    97
20:40:55  all     0     0    2    0        0       0      0      0    98
20:40:56  all     0     0    0    0        0       0      0      0   100
20:40:57  all     0     0    0    0        0       0      0      0   100
20:40:58  all     0     0    0    0        0       0      0      0   100
20:40:59  all     0     0    0    0        0       0      0      0   100
20:41:00  all     0     0    0    0        0       0      0      0   100
