
o41  4.10.0-40-generic  #44~16.04.1-Ubuntu SMP Thu Nov 9 15:37:44 UTC 2017  x86_64  2017/11/27

-------------------------- analysis date: 2017/11/27 --------------------------

13:42:26  cpu  %usr %nice %sys %irq %softirq  %steal %guest  %wait %idle  _cpu_
13:42:27  all   100     0    0    0        0       0    100      0     0
13:42:28  all   100     0    0    0        0       0    100      0     0
13:42:29  all   100     0    0    0        0       0    100      0     0
13:42:30  all   100     0    0    0        0       0    100      0     0
13:42:31  all   100     0    0    0        0       0    100      0     0
13:42:32  all    99     0    1    0        0       0     99      0     0
13:42:33  all   100     0    0    0        0       0    100      0     0
13:42:34  all    96     0    3    0        1       0     95      0     0
13:42:35  all    80     0   15    0        5       0     76      0     0
13:42:36  all    77     0   16    0        7       0     73      0     0
13:42:37  all    80     0   12    0        8       0     74      0     0
13:42:38  all    81     0   13    0        6       0     75      0     0
13:42:39  all    84     0   12    0        4       0     77      0     0
13:42:40  all    76     0   17    0        7       0     69      0     0
13:42:41  all    82     0   11    0        7       0     74      0     0
13:42:42  all    84     0    9    0        7       0     75      0     0
13:42:43  all    80     0   13    0        7       0     74      0     0
13:42:44  all    87     0    9    0        4       0     80      0     0
13:42:45  all    82     0    9    0        9       0     75      0     0
13:42:46  all    79     0   13    0        8       0     70      0     0
13:42:47  all    86     0    8    0        6       0     77      0     0
13:42:48  all    81     0   14    0        5       0     74      0     0
13:42:49  all    78     0   15    0        7       0     74      0     0
13:42:50  all    81     0   15    0        4       0     74      0     0
13:42:51  all    86     0   10    0        4       0     79      0     0
13:42:52  all    79     0   16    0        5       0     74      0     0
13:42:53  all    84     0   12    0        4       0     74      0     0
13:42:54  all    84     0   11    0        5       0     74      0     0
13:42:55  all    83     0   11    0        6       0     77      0     0
13:42:56  all    81     0   12    0        7       0     75      0     0
13:42:57  all    82     0   14    0        4       0     75      0     0
13:42:58  all    83     0   10    0        7       0     75      0     0
13:42:59  all    72     0   23    0        5       0     58      0     0
13:43:00  all    79     0   17    0        4       0     72      0     0
13:43:01  all    84     0   10    0        6       0     78      0     0
13:43:02  all    80     0   14    0        6       0     75      0     0
13:43:03  all    79     0   13    0        8       0     72      0     0
13:43:04  all    86     0   10    0        4       0     78      0     0
13:43:05  all    79     0   15    0        6       0     73      0     0
13:43:06  all    83     0   11    0        6       0     76      0     0
13:43:07  all    83     0   12    0        5       0     79      0     0
13:43:08  all    80     0   13    0        7       0     69      0     0
13:43:09  all    83     0   13    0        4       0     77      0     0
13:43:10  all    81     0   13    0        6       0     74      0     0
13:43:11  all    81     0   13    0        6       0     74      0     0
13:43:12  all    82     0   13    0        5       0     74      0     0
13:43:13  all    82     0   11    0        7       0     76      0     0
13:43:14  all    80     0   11    0        9       0     70      0     0
13:43:15  all    79     0   14    0        7       0     72      0     0
13:43:16  all    81     0   12    0        7       0     73      0     0
13:43:17  all    80     0   12    0        8       0     73      0     0
13:43:18  all    77     0   18    0        5       0     74      0     0
13:43:19  all    85     0   12    0        3       0     77      0     0
13:43:20  all    77     0   16    0        7       0     72      0     0
13:43:21  all    80     0   14    0        6       0     70      0     0
13:43:22  all    82     0   12    0        6       0     73      0     0
13:43:23  all    85     0   14    0        1       0     78      0     0
13:43:24  all    89     0    8    0        3       0     87      0     0
13:43:25  all    85     0    9    0        6       0     82      0     0
13:43:26  all    80     0   14    0        6       0     77      0     0
13:43:27  all    82     0   17    0        1       0     77      0     0
13:43:28  all    80     0   18    0        2       0     74      0     0
13:43:29  all    89     0    7    0        4       0     77      0     0
13:43:30  all    82     0   12    0        6       0     74      0     0
13:43:31  all    78     0   17    0        5       0     71      0     0
13:43:32  all    88     0    9    0        3       0     80      0     0
13:43:33  all    87     0   10    0        3       0     81      0     0
13:43:34  all    80     0   12    0        8       0     72      0     0
13:43:35  all    81     0   17    0        2       0     73      0     0
13:43:36  all    81     0   16    0        3       0     73      0     0
13:43:37  all    76     0   14    0       10       0     68      0     0
13:43:38  all    84     0   11    0        5       0     78      0     0
13:43:39  all    83     0   11    0        6       0     77      0     0
13:43:40  all    82     0   14    0        4       0     75      0     0
13:43:41  all    81     0   11    0        8       0     74      0     0
13:43:42  all    81     0   12    0        7       0     76      0     0
13:43:43  all    82     0   12    0        6       0     77      0     0
13:43:44  all    81     0   12    0        7       0     77      0     0
13:43:45  all    83     0   12    0        5       0     78      0     0
13:43:46  all    83     0   10    0        7       0     77      0     0
13:43:47  all    79     0   15    0        6       0     75      0     0
13:43:48  all    79     0   15    0        6       0     73      0     0
13:43:49  all    84     0   11    0        5       0     77      0     0
13:43:50  all    78     0   16    0        6       0     74      0     0
13:43:51  all    86     0   10    0        4       0     80      0     0
13:43:52  all    82     0   11    0        7       0     76      0     0
13:43:53  all    81     0   13    0        6       0     76      0     0
13:43:54  all    83     0   10    0        7       0     76      0     0
13:43:55  all    83     0   11    0        6       0     77      0     0
13:43:56  all    82     0   11    0        7       0     74      0     0
13:43:57  all    85     0   11    0        4       0     79      0     0
13:43:58  all    85     0    9    0        6       0     79      0     0
13:43:59  all    81     0   15    0        4       0     74      0     0
13:44:00  all    75     0   19    0        6       0     64      0     0
13:44:01  all    75     0   19    0        6       0     66      0     0
13:44:02  all    74     0   20    0        6       0     62      0     0
13:44:03  all    71     0   23    0        6       0     60      0     0
13:44:04  all    82     0   12    0        6       0     75      0     0
13:44:05  all    85     0   11    0        4       0     78      0     0
13:44:06  all    81     0   14    0        5       0     74      0     0
13:44:07  all    85     0    9    0        6       0     79      0     0
13:44:08  all    85     0   11    0        4       0     79      0     0
13:44:09  all    83     0   10    0        7       0     74      0     0
13:44:10  all    82     0   11    0        7       0     75      0     0
13:44:11  all    84     0   11    0        5       0     80      0     0
13:44:12  all    77     0   13    0       10       0     73      0     0
13:44:13  all    82     0   12    0        6       0     71      0     0
13:44:14  all    82     0   12    0        6       0     76      0     0
13:44:15  all    80     0   16    0        4       0     74      0     0
13:44:16  all    81     0   14    0        5       0     76      0     0
13:44:17  all    83     0   11    0        6       0     75      0     0
13:44:18  all    83     0   12    0        5       0     77      0     0
13:44:19  all    81     0   10    0        9       0     73      0     0
13:44:20  all    80     0   15    0        5       0     74      0     0
13:44:21  all    85     0   11    0        4       0     77      0     0
13:44:22  all    83     0   12    0        5       0     75      0     0
13:44:23  all    81     0   14    0        5       0     75      0     0
13:44:24  all    83     0   13    0        4       0     75      0     0
13:44:25  all    81     0   12    0        7       0     75      0     0
13:44:26  all    87     0    9    0        4       0     80      0     0
13:44:27  all    82     0   13    0        5       0     76      0     0
13:44:28  all    82     0   12    0        6       0     76      0     0
13:44:29  all    81     0   13    0        6       0     74      0     0
13:44:30  all    77     0   16    0        7       0     73      0     0
13:44:31  all    80     0   14    0        6       0     73      0     0
13:44:32  all    82     0   11    0        7       0     75      0     0
13:44:33  all    80     0   15    0        5       0     72      0     0
13:44:34  all    78     0   15    0        7       0     73      0     0
13:44:35  all   100     0    0    0        0       0    100      0     0
13:44:36  all   100     0    0    0        0       0    100      0     0
13:44:37  all   100     0    0    0        0       0    100      0     0
13:44:38  all   100     0    0    0        0       0    100      0     0
13:44:39  all   100     0    0    0        0       0    101      0     0
13:44:40  all   100     0    0    0        0       0     99      0     0
13:44:41  all   100     0    0    0        0       0    100      0     0
13:44:42  all   100     0    0    0        0       0    100      0     0
13:44:43  all   100     0    0    0        0       0    100      0     0
