
o41  4.14.3  #1 SMP Sat Dec 2 23:29:58 EST 2017  x86_64  2017/12/03

-------------------------- analysis date: 2017/12/03 --------------------------

16:09:04  cpu  %usr %nice %sys %irq %softirq  %steal %guest  %wait %idle  _cpu_
16:09:05  all     0     0    0    0        0       0      0      0   100
16:09:06  all     0     0    0    0        0       0      0      0   100
16:09:07  all     0     0    0    0        0       0      0      1    99
16:09:08  all     0     0    0    0        0       0      0      0   100
16:09:09  all     0     0    0    0        0       0      0      0   100
16:09:10  all     0     0    0    0        0       0      0      0   100
16:09:11  all     0     0    0    0        0       0      0      0   100
16:09:12  all     0     0    0    0        0       0      0      0   100
16:09:13  all     9     0   63    0        0       0      8      0    28
16:09:14  all     7     0   92    0        0       0      7      0     1
16:09:15  all     6     0   93    0        0       0      6      0     1
16:09:16  all     5     0   94    0        0       0      5      0     1
16:09:17  all     6     0   93    0        0       0      6      0     1
16:09:18  all     7     0   93    0        0       0      7      0     0
16:09:19  all     6     0   93    0        0       0      6      0     1
16:09:20  all     5     0   95    0        0       0      5      0     0
16:09:21  all     5     0   95    0        0       0      5      0     0
16:09:22  all     5     0   94    0        0       0      5      0     1
16:09:23  all     5     0   94    0        0       0      5      0     1
16:09:24  all     4     0   96    0        0       0      4      0     0
16:09:25  all     5     0   94    0        0       0      5      0     1
16:09:26  all     4     0   96    0        0       0      4      0     0
16:09:27  all     5     0   94    0        0       0      5      0     1
16:09:28  all     6     0   94    0        0       0      6      0     0
16:09:29  all     5     0   94    0        0       0      5      0     1
16:09:30  all     5     0   95    0        0       0      5      0     0
16:09:31  all     7     0   93    0        0       0      7      0     0
16:09:32  all     5     0   94    0        0       0      5      0     1
16:09:33  all     6     0   94    0        0       0      6      0     0
16:09:34  all     6     0   94    0        0       0      6      0     0
16:09:35  all     5     0   94    0        0       0      5      0     1
16:09:36  all     7     0   92    0        0       0      7      0     1
16:09:37  all     5     0   94    0        0       0      4      0     1
16:09:38  all     3     0   97    0        0       0      4      0     0
16:09:39  all     5     0   95    0        0       0      4      0     0
16:09:40  all     7     0   92    0        0       0      8      0     1
16:09:41  all     4     0   96    0        0       0      3      0     0
16:09:42  all     4     0   95    0        0       0      5      0     1
16:09:43  all     5     0   95    0        0       0      4      0     0
16:09:44  all     3     0   96    0        0       0      3      0     1
16:09:45  all     4     0   95    0        0       0      5      0     1
16:09:46  all     5     0   95    0        0       0      4      0     0
16:09:47  all     6     0   93    0        0       0      6      0     1
16:09:48  all     4     0   96    0        0       0      4      0     0
16:09:49  all     5     0   94    0        0       0      5      0     1
16:09:50  all     6     0   94    0        0       0      6      0     0
16:09:51  all     6     0   94    0        0       0      6      0     0
16:09:52  all     3     0   96    0        0       0      3      0     1
16:09:53  all     3     0   96    0        0       0      3      0     1
16:09:54  all     4     0   96    0        0       0      4      0     0
16:09:55  all     3     0   96    0        0       0      3      0     1
16:09:56  all     4     0   96    0        0       0      4      0     0
16:09:57  all     6     0   94    0        0       0      6      0     0
16:09:58  all     5     0   94    0        0       0      4      0     1
16:09:59  all     6     0   94    0        0       0      7      0     0
16:10:00  all     4     0   95    0        0       0      4      0     1
16:10:01  all     4     0   95    0        0       0      4      0     1
16:10:02  all     7     0   93    0        0       0      7      0     0
16:10:03  all     5     0   94    0        0       0      4      0     1
16:10:04  all     2     0   98    0        0       0      3      0     0
16:10:05  all     7     0   93    0        0       0      6      0     0
16:10:06  all     6     0   93    0        0       0      6      0     1
16:10:07  all     7     0   93    0        0       0      7      0     0
16:10:08  all     7     0   93    0        0       0      7      0     0
16:10:09  all     7     0   92    0        0       0      7      0     1
16:10:10  all     5     0   94    0        0       0      6      0     1
16:10:11  all     3     0   97    0        0       0      3      0     0
16:10:12  all     5     0   95    0        0       0      5      0     0
16:10:13  all     5     0   94    0        0       0      5      0     1
16:10:14  all     3     0   97    0        0       0      3      0     0
16:10:15  all     4     0   95    0        0       0      4      0     1
16:10:16  all     7     0   93    0        0       0      6      0     0
16:10:17  all     4     0   96    0        0       0      4      0     0
16:10:18  all     6     0   93    0        0       0      6      0     1
16:10:19  all     4     0   96    0        0       0      5      0     0
16:10:20  all     6     0   93    0        0       0      6      0     1
16:10:21  all     8     0   92    0        0       0      7      0     0
16:10:22  all     4     0   95    0        0       0      4      0     1
16:10:23  all     4     0   96    0        0       0      5      0     0
16:10:24  all     8     0   91    0        0       0      7      0     1
16:10:25  all     3     0   97    0        0       0      3      0     0
16:10:26  all     3     0   96    0        0       0      3      0     1
16:10:27  all     4     0   96    0        0       0      4      0     0
16:10:28  all     5     0   94    0        0       0      6      0     1
16:10:29  all     4     0   96    0        0       0      3      0     0
16:10:30  all     6     0   93    0        0       0      7      0     1
16:10:31  all     5     0   95    0        0       0      4      0     0
16:10:32  all     5     0   94    0        0       0      5      0     1
16:10:33  all     4     0   95    0        0       0      4      0     1
16:10:34  all     7     0   93    0        0       0      7      0     0
16:10:35  all     5     0   94    0        0       0      5      0     1
16:10:36  all     5     0   95    0        0       0      5      0     0
16:10:37  all     5     0   94    0        0       0      5      0     1
16:10:38  all     7     0   93    0        0       0      7      0     0
16:10:39  all     4     0   95    0        0       0      4      0     1
16:10:40  all     5     0   95    0        0       0      5      0     0
16:10:41  all     4     0   95    0        0       0      4      0     1
16:10:42  all     3     0   97    0        0       0      3      0     0
16:10:43  all     6     0   94    0        0       0      5      0     0
16:10:44  all     6     0   93    0        0       0      6      0     1
16:10:45  all     4     0   96    0        0       0      4      0     0
16:10:46  all     4     0   96    0        0       0      4      0     0
16:10:47  all     4     0   95    0        0       0      4      0     1
16:10:48  all     5     0   94    0        0       0      5      0     1
16:10:49  all     5     0   95    0        0       0      5      0     0
16:10:50  all     4     0   95    0        0       0      5      0     1
16:10:51  all     5     0   95    0        0       0      4      0     0
16:10:52  all     5     0   94    0        0       0      5      0     1
16:10:53  all     3     0   96    0        0       0      3      0     1
16:10:54  all     6     0   94    0        0       0      6      0     0
16:10:55  all     4     0   96    0        0       0      4      0     0
16:10:56  all     4     0   95    0        0       0      5      0     1
16:10:57  all     4     0   96    0        0       0      3      0     0
16:10:58  all     5     0   94    0        0       0      5      0     1
16:10:59  all     4     0   96    0        0       0      5      0     0
16:11:00  all     6     0   93    0        0       0      6      0     1
16:11:01  all     3     0   97    0        0       0      2      0     0
16:11:02  all     5     0   94    0        0       0      5      0     1
16:11:03  all     3     0   97    0        0       0      3      0     0
16:11:04  all     4     0   95    0        0       0      4      0     1
16:11:05  all     3     0   97    0        0       0      3      0     0
16:11:06  all     4     0   95    0        0       0      4      0     1
16:11:07  all     6     0   93    0        0       0      6      0     1
16:11:08  all     3     0   97    0        0       0      4      0     0
16:11:09  all     5     0   94    0        0       0      4      0     1
16:11:10  all     4     0   96    0        0       0      5      0     0
16:11:11  all     7     0   92    0        0       0      7      0     1
16:11:12  all     6     0   94    0        0       0      5      0     0
16:11:13  all     2     0   31    0        0       0      2      0    67
16:11:14  all     0     0    1    0        0       0      0      0    99
16:11:15  all     0     0    0    0        0       0      1      0   100
16:11:16  all     0     0    0    0        0       0      0      0   100
16:11:17  all     1     0    0    0        0       0      0      0    99
16:11:18  all     0     0    0    0        0       0      0      0   100
16:11:19  all     1     0    1    0        0       0      1      1    97
16:11:20  all     1     0    1    0        0       0      0      0    98
16:11:21  all     0     0    0    0        0       0      0      0   100
16:11:22  all     0     0    1    0        0       0      0      0    99
