
o41  4.14.3  #1 SMP Sat Dec 2 23:29:58 EST 2017  x86_64  2017/12/03

-------------------------- analysis date: 2017/12/03 --------------------------

16:21:44  cpu  %usr %nice %sys %irq %softirq  %steal %guest  %wait %idle  _cpu_
16:21:45  all   100     0    0    0        0       0    100      0     0
16:21:46  all   100     0    0    0        0       0    100      0     0
16:21:47  all    99     0    1    0        0       0     99      0     0
16:21:48  all   100     0    0    0        0       0    100      0     0
16:21:49  all   100     0    0    0        0       0    100      0     0
16:21:50  all    99     0    1    0        0       0     99      0     0
16:21:51  all   100     0    0    0        0       0    100      0     0
16:21:52  all   100     0    0    0        0       0    100      0     0
16:21:53  all    94     0    4    0        2       0     91      0     0
16:21:54  all    88     0    7    0        5       0     83      0     0
16:21:55  all    78     0   16    0        6       0     68      0     0
16:21:56  all    81     0   10    0        9       0     77      0     0
16:21:57  all    83     0   11    0        6       0     77      0     0
16:21:58  all    81     0   10    0        9       0     77      0     0
16:21:59  all    84     0    9    0        7       0     78      0     0
16:22:00  all    80     0   15    0        5       0     76      0     0
16:22:01  all    82     0   11    0        7       0     74      0     0
16:22:02  all    83     0   14    0        3       0     78      0     0
16:22:03  all    80     0   14    0        6       0     75      0     0
16:22:04  all    83     0   10    0        7       0     78      0     0
16:22:05  all    83     0   12    0        5       0     77      0     0
16:22:06  all    80     0   12    0        8       0     75      0     0
16:22:07  all    85     0   10    0        5       0     76      0     0
16:22:08  all    83     0    9    0        8       0     78      0     0
16:22:09  all    81     0   12    0        7       0     76      0     0
16:22:10  all    80     0   15    0        5       0     76      0     0
16:22:11  all    85     0   10    0        5       0     77      0     0
16:22:12  all    89     0    5    0        6       0     81      0     0
16:22:13  all    86     0   10    0        4       0     80      0     0
16:22:14  all    82     0   11    0        7       0     75      0     0
16:22:15  all    83     0   10    0        7       0     78      0     0
16:22:16  all    83     0   10    0        7       0     76      0     0
16:22:17  all    85     0    9    0        6       0     79      0     0
16:22:18  all    83     0   11    0        6       0     76      0     0
16:22:19  all    83     0   11    0        6       0     78      0     0
16:22:20  all    78     0   15    0        7       0     73      0     0
16:22:21  all    87     0    9    0        4       0     79      0     0
16:22:22  all    80     0   12    0        8       0     76      0     0
16:22:23  all    82     0   13    0        5       0     76      0     0
16:22:24  all    82     0   12    0        6       0     77      0     0
16:22:25  all    81     0   12    0        7       0     76      0     0
16:22:26  all    78     0   16    0        6       0     69      0     0
16:22:27  all    79     0   15    0        6       0     72      0     0
16:22:28  all    85     0   10    0        5       0     79      0     0
16:22:29  all    84     0    9    0        7       0     77      0     0
16:22:30  all    82     0    8    0       10       0     78      0     0
16:22:31  all    84     0   10    0        6       0     80      0     0
16:22:32  all    81     0   14    0        5       0     76      0     0
16:22:33  all    83     0   12    0        5       0     77      0     0
16:22:34  all    82     0   12    0        6       0     76      0     0
16:22:35  all    86     0    9    0        5       0     80      0     0
16:22:36  all    85     0   11    0        4       0     77      0     0
16:22:37  all    84     0   10    0        6       0     78      0     0
16:22:38  all    82     0   11    0        7       0     77      0     0
16:22:39  all    80     0   13    0        7       0     73      0     0
16:22:40  all    80     0   16    0        4       0     77      0     0
16:22:41  all    92     0    4    0        4       0     90      0     0
16:22:42  all    80     0   10    0       10       0     80      0     0
16:22:43  all    67     0   18    0       15       0     64      0     0
16:22:44  all    74     0   19    0        7       0     70      0     0
16:22:45  all    75     0   13    0       12       0     74      0     0
16:22:46  all    86     0    8    0        6       0     84      0     0
16:22:47  all    89     0   11    0        0       0     87      0     0
16:22:48  all    80     0   15    0        5       0     71      0     0
16:22:49  all    73     0   11    0       16       0     71      0     0
16:22:50  all    87     0   11    0        2       0     81      0     0
16:22:51  all    88     0    7    0        5       0     84      0     0
16:22:52  all    85     0   11    0        4       0     75      0     0
16:22:53  all    83     0   10    0        7       0     80      0     0
16:22:54  all    84     0   10    0        6       0     77      0     0
16:22:55  all    86     0    7    0        7       0     79      0     0
16:22:56  all    84     0   11    0        5       0     78      0     0
16:22:57  all    83     0   10    0        7       0     76      0     0
16:22:58  all    82     0   10    0        8       0     76      0     0
16:22:59  all    80     0   11    0        9       0     75      0     0
16:23:00  all    83     0   11    0        6       0     78      0     0
16:23:01  all    79     0   14    0        7       0     73      0     0
16:23:02  all    87     0    8    0        5       0     80      0     0
16:23:03  all    83     0    9    0        8       0     76      0     0
16:23:04  all    83     0   11    0        6       0     78      0     0
16:23:05  all    84     0   12    0        4       0     76      0     0
16:23:06  all    76     0   16    0        8       0     68      0     0
16:23:07  all    83     0   11    0        6       0     76      0     0
16:23:08  all    86     0   11    0        3       0     80      0     0
16:23:09  all    83     0   11    0        6       0     78      0     0
16:23:10  all    82     0   13    0        5       0     75      0     0
16:23:11  all    83     0    9    0        8       0     76      0     0
16:23:12  all    82     0   12    0        6       0     77      0     0
16:23:13  all    83     0    9    0        8       0     76      0     0
16:23:14  all    84     0    8    0        8       0     78      0     0
16:23:15  all    82     0   12    0        6       0     77      0     0
16:23:16  all    78     0   16    0        6       0     73      0     0
16:23:17  all    83     0   13    0        4       0     75      0     0
16:23:18  all    85     0   11    0        4       0     79      0     0
16:23:19  all    82     0   12    0        6       0     79      0     0
16:23:20  all    82     0   10    0        8       0     75      0     0
16:23:21  all    86     0   10    0        4       0     82      0     0
16:23:22  all    83     0   10    0        7       0     76      0     0
16:23:23  all    88     0    7    0        5       0     81      0     0
16:23:24  all    82     0   13    0        5       0     79      0     0
16:23:25  all    85     0   11    0        4       0     78      0     0
16:23:26  all    85     0   10    0        5       0     79      0     0
16:23:27  all    81     0   13    0        6       0     75      0     0
16:23:28  all    88     0    6    0        6       0     83      0     0
16:23:29  all    81     0   13    0        6       0     75      0     0
16:23:30  all    82     0   12    0        6       0     77      0     0
16:23:31  all    85     0   10    0        5       0     78      0     0
16:23:32  all    83     0   10    0        7       0     78      0     0
16:23:33  all    83     0   10    0        7       0     75      0     0
16:23:34  all    82     0   13    0        5       0     77      0     0
16:23:35  all    84     0   10    0        6       0     78      0     0
16:23:36  all    85     0   10    0        5       0     81      0     0
16:23:37  all    85     0   10    0        5       0     77      0     0
16:23:38  all    83     0   11    0        6       0     77      0     0
16:23:39  all    86     0    9    0        5       0     79      0     0
16:23:40  all    87     0    9    0        4       0     79      0     0
16:23:41  all    83     0   10    0        7       0     78      0     0
16:23:42  all    84     0   10    0        6       0     78      0     0
16:23:43  all    84     0   11    0        5       0     78      0     0
16:23:44  all    85     0   10    0        5       0     77      0     0
16:23:45  all    77     0   18    0        5       0     72      0     0
16:23:46  all    73     0   20    0        7       0     64      0     0
16:23:47  all    75     0   20    0        5       0     65      0     0
16:23:48  all    84     0   10    0        6       0     79      0     0
16:23:49  all    80     0   13    0        7       0     75      0     0
16:23:50  all    85     0    9    0        6       0     77      0     0
16:23:51  all    85     0   11    0        4       0     80      0     0
16:23:52  all    84     0   10    0        6       0     77      0     0
16:23:53  all    89     0    6    0        5       0     84      0     0
16:23:54  all   100     0    0    0        0       0    100      0     0
16:23:55  all   100     0    0    0        0       0    100      0     0
16:23:56  all   100     0    0    0        0       0    100      0     0
16:23:57  all    99     0    1    0        0       0     98      0     0
16:23:58  all   100     0    0    0        0       0    100      0     0
16:23:59  all   100     0    0    0        0       0    100      0     0
16:24:00  all   100     0    0    0        0       0    100      0     0
16:24:01  all   100     0    0    0        0       0    100      0     0
