
o41  4.10.0-42-generic  #46~16.04.1-Ubuntu SMP Mon Dec 4 15:57:59 UTC 2017  x86_64  2017/12/28

-------------------------- analysis date: 2017/12/28 --------------------------

14:58:26  cpu  %usr %nice %sys %irq %softirq  %steal %guest  %wait %idle  _cpu_
14:58:27  all   100     0    0    0        0       0    100      0     0
14:58:28  all   100     0    0    0        0       0    100      0     0
14:58:29  all   100     0    0    0        0       0    100      0     0
14:58:30  all   100     0    0    0        0       0    100      0     0
14:58:31  all   100     0    0    0        0       0    100      0     0
14:58:32  all   100     0    0    0        0       0    100      0     0
14:58:33  all   100     0    0    0        0       0    100      0     0
14:58:34  all    99     0    1    0        0       0     99      0     0
14:58:35  all    83     0   15    0        2       0     68      0     0
14:58:36  all    77     0   18    0        5       0     68      0     0
14:58:37  all    81     0   14    0        5       0     69      0     0
14:58:38  all    77     0   16    0        7       0     66      0     0
14:58:39  all    82     0   11    0        7       0     77      0     0
14:58:40  all    82     0   13    0        5       0     73      0     0
14:58:41  all    84     0   10    0        6       0     78      0     0
14:58:42  all    82     0   10    0        8       0     74      0     0
14:58:43  all    86     0    9    0        5       0     78      0     0
14:58:44  all    81     0   13    0        6       0     76      0     0
14:58:45  all    85     0   10    0        5       0     78      0     0
14:58:46  all    80     0   14    0        6       0     75      0     0
14:58:47  all    86     0   10    0        4       0     78      0     0
14:58:48  all    84     0   10    0        6       0     77      0     0
14:58:49  all    82     0   12    0        6       0     77      0     0
14:58:50  all    80     0   14    0        6       0     74      0     0
14:58:51  all    82     0   11    0        7       0     74      0     0
14:58:52  all    81     0   10    0        9       0     73      0     0
14:58:53  all    82     0   11    0        7       0     74      0     0
14:58:54  all    86     0    8    0        6       0     80      0     0
14:58:55  all    83     0   12    0        5       0     75      0     0
14:58:56  all    81     0   12    0        7       0     72      0     0
14:58:57  all    87     0    8    0        5       0     79      0     0
14:58:58  all    82     0   13    0        5       0     72      0     0
14:58:59  all    79     0   12    0        9       0     73      0     0
14:59:00  all    84     0   10    0        6       0     76      0     0
14:59:01  all    85     0   11    0        4       0     78      0     0
14:59:02  all    82     0   12    0        6       0     74      0     0
14:59:03  all    81     0   14    0        5       0     75      0     0
14:59:04  all    79     0   13    0        8       0     70      0     0
14:59:05  all    84     0   11    0        5       0     79      0     0
14:59:06  all    86     0   12    0        2       0     78      0     0
14:59:07  all    83     0    9    0        8       0     75      0     0
14:59:08  all    80     0   11    0        9       0     74      0     0
14:59:09  all    84     0   10    0        6       0     76      0     0
14:59:10  all    83     0   10    0        7       0     73      0     0
14:59:11  all    83     0   12    0        5       0     76      0     0
14:59:12  all    79     0   14    0        7       0     73      0     0
14:59:13  all    75     0   16    0        9       0     67      0     0
14:59:14  all    79     0   10    0       11       0     72      0     0
14:59:15  all    85     0   10    0        5       0     78      0     0
14:59:16  all    83     0   10    0        7       0     75      0     0
14:59:17  all    86     0   10    0        4       0     81      0     0
14:59:18  all    82     0   12    0        6       0     75      0     0
14:59:19  all    81     0   13    0        6       0     76      0     0
14:59:20  all    82     0   13    0        5       0     73      0     0
14:59:21  all    79     0   13    0        8       0     71      0     0
14:59:22  all    86     0   10    0        4       0     78      0     0
14:59:23  all    79     0   14    0        7       0     74      0     0
14:59:24  all    81     0   15    0        4       0     76      0     0
14:59:25  all    85     0   10    0        5       0     75      0     0
14:59:26  all    80     0   13    0        7       0     73      0     0
14:59:27  all    81     0   11    0        8       0     71      0     0
14:59:28  all    81     0   13    0        6       0     75      0     0
14:59:29  all    83     0   11    0        6       0     77      0     0
14:59:30  all    85     0   10    0        5       0     78      0     0
14:59:31  all    83     0   11    0        6       0     77      0     0
14:59:32  all    82     0    9    0        9       0     75      0     0
14:59:33  all    85     0    9    0        6       0     77      0     0
14:59:34  all    84     0   10    0        6       0     78      0     0
14:59:35  all    84     0    8    0        8       0     77      0     0
14:59:36  all    83     0   11    0        6       0     73      0     0
14:59:37  all    84     0    9    0        7       0     78      0     0
14:59:38  all    84     0   12    0        4       0     76      0     0
14:59:39  all    83     0   10    0        7       0     78      0     0
14:59:40  all    86     0    9    0        5       0     80      0     0
14:59:41  all    80     0   14    0        6       0     75      0     0
14:59:42  all    81     0   12    0        7       0     73      0     0
14:59:43  all    78     0   16    0        6       0     69      0     0
14:59:44  all    72     0   21    0        7       0     60      0     0
14:59:45  all    73     0   16    0       11       0     63      0     0
14:59:46  all    83     0   12    0        5       0     75      0     0
14:59:47  all    83     0   11    0        6       0     77      0     0
14:59:48  all    79     0   13    0        8       0     75      0     0
14:59:49  all    82     0   11    0        7       0     75      0     0
14:59:50  all    82     0   12    0        6       0     74      0     0
14:59:51  all    81     0   10    0        9       0     73      0     0
14:59:52  all    82     0   12    0        6       0     78      0     0
14:59:53  all    83     0   10    0        7       0     77      0     0
14:59:54  all    84     0    8    0        8       0     77      0     0
14:59:55  all    87     0   10    0        3       0     80      0     0
14:59:56  all    85     0    8    0        7       0     75      0     0
14:59:57  all    85     0    9    0        6       0     77      0     0
14:59:58  all    86     0    9    0        5       0     79      0     0
14:59:59  all    81     0   16    0        3       0     73      0     0
15:00:00  all    90     0    6    0        4       0     82      0     0
15:00:01  all    80     0   14    0        6       0     72      0     0
15:00:02  all    83     0   12    0        5       0     79      0     0
15:00:03  all    79     0   13    0        8       0     72      0     0
15:00:04  all    87     0    8    0        5       0     81      0     0
15:00:05  all    81     0   14    0        5       0     75      0     0
15:00:06  all    82     0   11    0        7       0     73      0     0
15:00:07  all    84     0    9    0        7       0     76      0     0
15:00:08  all    83     0    9    0        8       0     76      0     0
15:00:09  all    83     0    9    0        8       0     76      0     0
15:00:10  all    87     0   10    0        3       0     82      0     0
15:00:11  all    81     0   13    0        6       0     76      0     0
15:00:12  all    82     0   12    0        6       0     77      0     0
15:00:13  all    80     0   12    0        8       0     72      0     0
15:00:14  all    79     0   12    0        9       0     71      0     0
15:00:15  all    77     0   18    0        5       0     71      0     0
15:00:16  all    87     0    8    0        5       0     80      0     0
15:00:17  all    84     0   11    0        5       0     76      0     0
15:00:18  all    82     0   12    0        6       0     75      0     0
15:00:19  all    76     0   18    0        6       0     66      0     0
15:00:20  all    81     0   12    0        7       0     76      0     0
15:00:21  all    86     0    7    0        7       0     78      0     0
15:00:22  all    87     0   10    0        3       0     78      0     0
15:00:23  all    82     0   10    0        8       0     78      0     0
15:00:24  all    82     0   12    0        6       0     76      0     0
15:00:25  all    82     0   12    0        6       0     77      0     0
15:00:26  all    78     0   15    0        7       0     71      0     0
15:00:27  all    86     0    8    0        6       0     77      0     0
15:00:28  all    87     0    9    0        4       0     85      0     0
15:00:29  all    80     0   10    0       10       0     76      0     0
15:00:30  all    85     0   12    0        3       0     72      0     0
15:00:31  all    83     0    9    0        8       0     68      0     0
15:00:32  all    80     0   16    0        4       0     78      0     0
15:00:33  all    88     0    5    0        7       0     85      0     0
15:00:34  all    76     0   17    0        7       0     75      0     0
15:00:35  all    92     0    4    0        4       0     88      0     0
15:00:36  all    99     0    1    0        0       0     99      0     0
15:00:37  all   100     0    0    0        0       0     99      0     0
15:00:38  all   100     0    0    0        0       0    100      0     0
15:00:39  all   100     0    0    0        0       0     99      0     0
15:00:40  all   100     0    0    0        0       0    100      0     0
15:00:41  all   100     0    0    0        0       0    101      0     0
15:00:42  all   100     0    0    0        0       0     99      0     0
15:00:43  all    98     0    2    0        0       0     99      0     0
