
o41  4.10.0-40-generic  #44~16.04.1-Ubuntu SMP Thu Nov 9 15:37:44 UTC 2017  x86_64  2017/11/24

-------------------------- analysis date: 2017/11/24 --------------------------

20:23:29  cpu  %usr %nice %sys %irq %softirq  %steal %guest  %wait %idle  _cpu_
20:23:30  all     0     0    1    0        0       0      0      0    99
20:23:31  all     1     0    0    0        0       0      0      0    99
20:23:32  all     0     0    0    0        0       0      1      0   100
20:23:33  all     0     0    0    0        0       0      0      0   100
20:23:34  all     0     0    0    0        0       0      0      0   100
20:23:35  all     0     0    0    0        0       0      0      0   100
20:23:36  all     0     0    0    0        0       0      0      0   100
20:23:37  all     0     0    0    0        0       0      0      0   100
20:23:38  all     0     0    0    0        0       0      0      0   100
20:23:39  all     4     0   27    0        0       0      3      0    69
20:23:40  all     6     0   94    0        0       0      6      0     0
20:23:41  all     6     0   93    0        0       0      5      0     1
20:23:42  all     6     0   94    0        0       0      7      0     0
20:23:43  all     8     0   92    0        0       0      8      0     0
20:23:44  all     6     0   94    0        0       0      6      0     0
20:23:45  all     4     0   95    0        0       0      3      0     1
20:23:46  all     4     0   96    0        0       0      5      0     0
20:23:47  all     5     0   95    0        0       0      5      0     0
20:23:48  all     6     0   94    0        0       0      6      0     0
20:23:49  all     5     0   95    0        0       0      4      0     0
20:23:50  all     5     0   95    0        0       0      6      0     0
20:23:51  all     7     0   93    0        0       0      6      0     0
20:23:52  all     4     0   96    0        0       0      5      0     0
20:23:53  all     5     0   95    0        0       0      5      0     0
20:23:54  all     4     0   95    0        0       0      4      0     1
20:23:55  all     4     0   96    0        0       0      3      0     0
20:23:56  all     7     0   93    0        0       0      7      0     0
20:23:57  all     5     0   95    0        0       0      5      0     0
20:23:58  all     5     0   95    0        0       0      4      0     0
20:23:59  all     5     0   95    0        0       0      6      0     0
20:24:00  all     6     0   93    0        0       0      6      0     1
20:24:01  all     5     0   95    0        0       0      4      0     0
20:24:02  all     4     0   96    0        0       0      5      0     0
20:24:03  all     3     0   97    0        0       0      3      0     0
20:24:04  all     3     0   97    0        0       0      3      0     0
20:24:05  all     5     0   95    0        0       0      5      0     0
20:24:06  all     3     0   97    0        0       0      3      0     0
20:24:07  all     5     0   94    0        0       0      5      0     1
20:24:08  all     3     0   97    0        0       0      3      0     0
20:24:09  all     6     0   94    0        0       0      6      0     0
20:24:10  all     7     0   93    0        0       0      7      0     0
20:24:11  all     5     0   95    0        0       0      4      0     0
20:24:12  all     8     0   92    0        0       0      9      0     0
20:24:13  all     6     0   94    0        0       0      6      0     0
20:24:14  all     3     0   96    0        0       0      3      0     1
20:24:15  all     3     0   97    0        0       0      3      0     0
20:24:16  all     7     0   93    0        0       0      7      0     0
20:24:17  all     5     0   95    0        0       0      5      0     0
20:24:18  all     7     0   93    0        0       0      7      0     0
20:24:19  all     5     0   95    0        0       0      4      0     0
20:24:20  all     3     0   97    0        0       0      4      0     0
20:24:21  all     7     0   93    0        0       0      6      0     0
20:24:22  all     5     0   94    0        0       0      6      0     1
20:24:23  all     7     0   93    0        0       0      7      0     0
20:24:24  all     4     0   96    0        0       0      3      0     0
20:24:25  all     6     0   94    0        0       0      7      0     0
20:24:26  all     6     0   94    0        0       0      5      0     0
20:24:27  all     6     0   94    0        0       0      7      0     0
20:24:28  all     4     0   96    0        0       0      4      0     0
20:24:29  all     6     0   93    0        0       0      5      0     1
20:24:30  all     8     0   92    0        0       0      8      0     0
20:24:31  all     4     0   96    0        0       0      4      0     0
20:24:32  all     4     0   96    0        0       0      5      0     0
20:24:33  all     6     0   94    0        0       0      5      0     0
20:24:34  all     5     0   95    0        0       0      5      0     0
20:24:35  all     3     0   97    0        0       0      4      0     0
20:24:36  all     6     0   94    0        0       0      5      0     0
20:24:37  all     5     0   94    0        0       0      6      0     1
20:24:38  all     3     0   97    0        0       0      3      0     0
20:24:39  all     6     0   94    0        0       0      5      0     0
20:24:40  all     4     0   96    0        0       0      5      0     0
20:24:41  all     5     0   95    0        0       0      5      0     0
20:24:42  all     8     0   92    0        0       0      7      0     0
20:24:43  all     4     0   95    0        0       0      5      0     1
20:24:44  all     4     0   96    0        0       0      3      0     0
20:24:45  all     5     0   95    0        0       0      5      0     0
20:24:46  all     5     0   95    0        0       0      6      0     0
20:24:47  all     5     0   95    0        0       0      5      0     0
20:24:48  all     6     0   94    0        0       0      5      0     0
20:24:49  all     5     0   95    0        0       0      5      0     0
20:24:50  all     4     0   96    0        0       0      5      0     0
20:24:51  all     5     0   94    0        0       0      4      0     1
20:24:52  all     8     0   92    0        0       0      9      0     0
20:24:53  all     4     0   96    0        0       0      3      0     0
20:24:54  all     6     0   94    0        0       0      6      0     0
20:24:55  all     6     0   94    0        0       0      6      0     0
20:24:56  all     2     0   97    0        0       0      3      0     1
20:24:57  all     5     0   95    0        0       0      5      0     0
20:24:58  all     4     0   96    0        0       0      4      0     0
20:24:59  all     6     0   94    0        0       0      6      0     0
20:25:00  all     6     0   94    0        0       0      6      0     0
20:25:01  all     6     0   94    0        0       0      5      0     0
20:25:02  all     4     0   96    0        0       0      4      0     0
20:25:03  all     5     0   94    0        0       0      5      0     1
20:25:04  all     6     0   94    0        0       0      5      0     0
20:25:05  all     4     0   96    0        0       0      5      0     0
20:25:06  all     6     0   94    0        0       0      6      0     0
20:25:07  all     5     0   95    0        0       0      4      0     0
20:25:08  all     7     0   93    0        0       0      6      0     0
20:25:09  all     4     0   95    0        0       0      4      0     1
20:25:10  all     7     0   93    0        0       0      7      0     0
20:25:11  all     5     0   95    0        0       0      5      0     0
20:25:12  all     5     0   95    0        0       0      5      0     0
20:25:13  all     5     0   95    0        0       0      5      0     0
20:25:14  all     6     0   94    0        0       0      6      0     0
20:25:15  all     5     0   95    0        0       0      5      0     0
20:25:16  all     6     0   94    0        0       0      6      0     0
20:25:17  all     6     0   93    0        0       0      6      0     1
20:25:18  all     6     0   94    0        0       0      6      0     0
20:25:19  all     6     0   94    0        0       0      6      0     0
20:25:20  all     8     0   92    0        0       0      7      0     0
20:25:21  all     4     0   96    0        0       0      4      0     0
20:25:22  all     5     0   95    0        0       0      5      0     0
20:25:23  all     6     0   94    0        0       0      6      0     0
20:25:24  all     4     0   96    0        0       0      4      0     0
20:25:25  all     4     0   95    0        0       0      3      0     1
20:25:26  all     6     0   94    0        0       0      6      0     0
20:25:27  all     5     0   95    0        0       0      5      0     0
20:25:28  all     5     0   95    0        0       0      4      0     0
20:25:29  all     5     0   95    0        0       0      5      0     0
20:25:30  all     4     0   96    0        0       0      4      0     0
20:25:31  all     7     0   93    0        0       0      6      0     0
20:25:32  all     4     0   96    0        0       0      4      0     0
20:25:33  all     3     0   97    0        0       0      3      0     0
20:25:34  all     5     0   95    0        0       0      5      0     0
20:25:35  all     5     0   94    0        0       0      5      0     1
20:25:36  all     7     0   93    0        0       0      7      0     0
20:25:37  all     5     0   95    0        0       0      4      0     0
20:25:38  all     7     0   93    0        0       0      7      0     0
20:25:39  all     5     0   69    0        0       0      4      0    26
20:25:40  all     0     0    1    0        0       0      0      0    99
20:25:41  all     0     0    0    0        0       0      0      0   100
20:25:42  all     0     0    0    0        0       0      0      0   100
20:25:43  all     1     0    0    0        0       0      1      0    99
20:25:44  all     0     0    0    0        0       0      0      0   100
20:25:45  all     0     0    0    0        0       0      0      0   100
20:25:46  all     0     0    0    0        0       0      0      0   100
20:25:47  all     0     0    0    0        0       0      0      0   100
