
o41  4.10.0-42-generic  #46~16.04.1-Ubuntu SMP Mon Dec 4 15:57:59 UTC 2017  x86_64  2017/12/26

-------------------------- analysis date: 2017/12/26 --------------------------

17:10:48  cpu  %usr %nice %sys %irq %softirq  %steal %guest  %wait %idle  _cpu_
17:10:49  all     0     0    0    0        0       0      0      0   100
17:10:50  all     0     0    0    0        0       0      0      0   100
17:10:51  all     0     0    0    0        0       0      0      0   100
17:10:52  all     0     0    0    0        0       0      0      0   100
17:10:53  all     0     0    0    0        0       0      0      0   100
17:10:54  all     1     0    4    0        1       0      0      0    94
17:10:55  all     0     0    1    0        2       0      0      0    97
17:10:56  all     0     0    2    0        0       0      0      0    98
17:10:57  all     0     0    2    0        4       0      0      0    94
17:10:58  all     0     0    1    0        1       0      0      0    98
17:10:59  all     0     0    4    0        4       0      0      0    92
17:11:00  all     0     0    5    0        3       0      0      0    92
17:11:01  all     0     0    0    0        2       0      0      0    98
17:11:02  all     0     0    0    0        2       0      0      0    98
17:11:03  all     0     0    6    0        1       0      0      0    93
17:11:04  all     0     0    2    0        3       0      0      0    95
17:11:05  all     0     0    1    0        2       0      0      0    97
17:11:06  all     0     0    2    0        2       0      0      0    96
17:11:07  all     0     0    3    0        2       0      0      0    95
17:11:08  all     0     0    0    0        2       0      0      0    98
17:11:09  all     0     0    3    0        2       0      0      0    95
17:11:10  all     0     0    0    0        1       0      0      0    99
17:11:11  all     0     0    4    0        1       0      0      0    95
17:11:12  all     0     0    2    0        1       0      0      0    97
17:11:13  all     0     0    3    0        5       0      0      0    92
17:11:14  all     0     0    5    0        1       0      0      0    94
17:11:15  all     0     0    4    0        3       0      0      0    93
17:11:16  all     0     0    1    0        2       0      0      0    97
17:11:17  all     0     0    1    0        1       0      0      0    98
17:11:18  all     0     0    0    0        2       0      0      0    98
17:11:19  all     0     0    2    0        1       0      0      0    97
17:11:20  all     0     0    1    0        4       0      0      0    95
17:11:21  all     0     0    5    0        2       0      0      0    93
17:11:22  all     0     0    5    0        3       0      0      0    92
17:11:23  all     0     0    2    0        3       0      0      0    95
17:11:24  all     0     0    2    0        3       0      0      0    95
17:11:25  all     0     0    3    0        2       0      0      0    95
17:11:26  all     0     0    2    0        2       0      0      0    96
17:11:27  all     0     0    1    0        3       0      0      0    96
17:11:28  all     0     0    2    0        2       0      0      0    96
17:11:29  all     1     0    4    0        2       0      0      0    93
17:11:30  all     0     0    3    0        1       0      0      0    96
17:11:31  all     0     0    2    0        1       0      0      0    97
17:11:32  all     0     0    4    0        2       0      0      0    94
17:11:33  all     1     0    4    0        4       0      0      0    91
17:11:34  all     0     0    0    0        2       0      0      0    98
17:11:35  all     0     0    2    0        3       0      0      0    95
17:11:36  all     0     0    2    0        3       0      0      0    95
17:11:37  all     0     0    0    0        2       0      0      0    98
17:11:38  all     0     0    4    0        3       0      0      0    93
17:11:39  all     0     0    2    0        3       0      0      0    95
17:11:40  all     0     0    2    0        4       0      0      0    94
17:11:41  all     0     0    1    0        3       0      0      0    96
17:11:42  all     0     0    2    0        3       0      0      0    95
17:11:43  all     0     0    1    0        2       0      0      0    97
17:11:44  all     0     0    0    0        3       0      0      0    97
17:11:45  all     0     0    1    0        4       0      0      0    95
17:11:46  all     0     0    3    0        1       0      0      0    96
17:11:47  all     0     0    0    0        1       0      0      0    99
17:11:48  all     0     0    3    0        3       0      0      0    94
17:11:49  all     0     0    2    0        1       0      0      0    97
17:11:50  all     0     0    0    0        3       0      0      0    97
17:11:51  all     0     0    3    0        2       0      0      0    95
17:11:52  all     0     0    5    0        2       0      0      0    93
17:11:53  all     0     0    0    0        2       0      0      0    98
17:11:54  all     0     0    2    0        2       0      0      0    96
17:11:55  all     0     0    3    0        1       0      0      0    96
17:11:56  all     0     0    2    0        2       0      0      0    96
17:11:57  all     0     0    1    0        3       0      0      0    96
17:11:58  all     0     0    0    0        0       0      0      0   100
17:11:59  all     0     0    3    0        3       0      0      0    94
17:12:00  all     0     0    2    0        2       0      0      0    96
17:12:01  all     1     0    0    0        3       0      0      0    96
17:12:02  all     0     0    3    0        2       0      0      0    95
17:12:03  all     0     0    0    0        2       0      0      0    98
17:12:04  all     0     0    1    0        3       0      0      0    96
17:12:05  all     1     0    4    0        2       0      0      0    93
17:12:06  all     0     0    2    0        3       0      0      0    95
17:12:07  all     0     0    1    0        2       0      0      0    97
17:12:08  all     0     0    3    0        5       0      0      0    92
17:12:09  all     0     0    2    0        2       0      0      0    96
17:12:10  all     0     0    4    0        1       0      0      0    95
17:12:11  all     0     0    1    0        3       0      0      0    96
17:12:12  all     0     0    4    0        1       0      0      0    95
17:12:13  all     0     0    5    0        5       0      0      0    90
17:12:14  all     2     0    1    0        1       0      0      0    96
17:12:15  all     0     0    1    0        1       0      0      0    98
17:12:16  all     0     0    4    0        4       0      0      0    92
17:12:17  all     0     0    4    0        1       0      0      0    95
17:12:18  all     0     0    1    0        2       0      0      0    97
17:12:19  all     0     0    3    0        4       0      0      0    93
17:12:20  all     0     0    4    0        1       0      0      0    95
17:12:21  all     1     0    2    0        1       0      0      0    96
17:12:22  all     0     0    6    0        3       0      0      0    91
17:12:23  all     0     0    1    0        5       0      0      0    94
17:12:24  all     0     0    1    0        1       0      0      0    98
17:12:25  all     0     0    4    0        2       0      0      0    94
17:12:26  all     0     0    1    0        1       0      0      0    98
17:12:27  all     0     0    2    0        7       0      0      0    91
17:12:28  all     1     0    2    0        0       0      0      0    97
17:12:29  all     0     0    3    0        1       0      0      0    96
17:12:30  all     0     0    0    0        2       0      0      0    98
17:12:31  all     1     0    1    0        0       0      0      0    98
17:12:32  all     0     0    2    0        7       0      0      0    91
17:12:33  all     0     0    2    0        4       0      0      0    94
17:12:34  all     1     0    1    0        1       0      0      0    97
17:12:35  all     0     0    1    0        0       0      0      0    99
17:12:36  all     0     0    3    0        2       0      0      0    95
17:12:37  all     0     0    3    0        1       0      0      0    96
17:12:38  all     0     0    2    0        0       0      0      0    98
17:12:39  all     1     0    2    0        5       0      0      0    92
17:12:40  all     0     0    1    0        8       0      0      0    91
17:12:41  all     0     0    2    0        2       0      0      0    96
17:12:42  all     0     0    2    0        2       0      0      0    96
17:12:43  all     0     0    0    0        0       0      0      0   100
17:12:44  all     0     0    4    0        0       0      0      0    96
17:12:45  all     0     0    0    0        1       0      0      0    99
17:12:46  all     0     0    2    0        0       0      0      0    98
17:12:47  all     1     0    2    0        1       0      0      0    96
17:12:48  all     0     0    5    0        1       0      0      0    94
17:12:49  all     0     0    1    0        1       0      0      0    98
17:12:50  all     1     0    2    0        1       0      0      0    96
17:12:51  all     0     0    0    0        0       0      0      0   100
17:12:52  all     1     0    1    0        1       0      0      0    97
17:12:53  all     0     0    3    0        2       0      0      0    95
17:12:54  all     2     0    0    0        0       0      0      0    98
17:12:55  all     0     0    0    0        0       0      0      0   100
17:12:56  all     0     0    0    0        0       0      0      0   100
17:12:57  all     0     0    1    0        0       0      0      0    99
17:12:58  all     0     0    0    0        0       0      0      0   100
