
o41  4.10.0-40-generic  #44~16.04.1-Ubuntu SMP Thu Nov 9 15:37:44 UTC 2017  x86_64  2017/11/27

-------------------------- analysis date: 2017/11/27 --------------------------

13:31:45  cpu  %usr %nice %sys %irq %softirq  %steal %guest  %wait %idle  _cpu_
13:31:46  all     1     0    0    0        0       0      0      0    99
13:31:47  all     0     0    0    0        0       0      0      0   100
13:31:48  all     0     0    0    0        0       0      0      0   100
13:31:49  all     0     0    0    0        0       0      0      0   100
13:31:50  all     0     0    1    0        0       0      0      0    99
13:31:51  all     0     0    0    0        0       0      0      0   100
13:31:52  all     1     0    0    0        0       0      0      1    98
13:31:53  all     1     0    0    0        0       0      0      0    99
13:31:54  all     0     0    0    0        0       0      0      0   100
13:31:55  all     0     0    1    0        0       0      0      0    99
13:31:56  all     8     0   79    0        0       0      8      0    13
13:31:57  all     6     0   94    0        0       0      6      0     0
13:31:58  all     4     0   96    0        0       0      4      0     0
13:31:59  all     3     0   97    0        0       0      3      0     0
13:32:00  all     6     0   94    0        0       0      7      0     0
13:32:01  all     7     0   93    0        0       0      6      0     0
13:32:02  all     3     0   96    0        0       0      3      0     1
13:32:03  all     4     0   96    0        0       0      3      0     0
13:32:04  all     6     0   94    0        0       0      5      0     0
13:32:05  all     5     0   95    0        0       0      5      0     0
13:32:06  all     7     0   93    0        0       0      6      0     0
13:32:07  all     4     0   96    0        0       0      5      0     0
13:32:08  all     4     0   96    0        0       0      3      0     0
13:32:09  all     4     0   96    0        0       0      5      0     0
13:32:10  all     8     0   92    0        0       0      7      0     0
13:32:11  all     5     0   94    0        0       0      6      0     1
13:32:12  all     5     0   95    0        0       0      4      0     0
13:32:13  all     5     0   95    0        0       0      6      0     0
13:32:14  all     5     0   95    0        0       0      4      0     0
13:32:15  all     5     0   95    0        0       0      6      0     0
13:32:16  all     4     0   96    0        0       0      4      0     0
13:32:17  all     4     0   95    0        0       0      4      0     1
13:32:18  all     5     0   95    0        0       0      5      0     0
13:32:19  all     5     0   95    0        0       0      5      0     0
13:32:20  all     4     0   96    0        0       0      4      0     0
13:32:21  all     6     0   94    0        0       0      6      0     0
13:32:22  all     4     0   96    0        0       0      4      0     0
13:32:23  all     6     0   94    0        0       0      6      0     0
13:32:24  all     4     0   96    0        0       0      4      0     0
13:32:25  all     4     0   96    0        0       0      4      0     0
13:32:26  all     5     0   95    0        0       0      5      0     0
13:32:27  all     4     0   95    0        0       0      4      0     1
13:32:28  all     4     0   96    0        0       0      3      0     0
13:32:29  all     4     0   96    0        0       0      4      0     0
13:32:30  all     6     0   94    0        0       0      7      0     0
13:32:31  all     7     0   93    0        0       0      6      0     0
13:32:32  all     5     0   94    0        0       0      5      0     1
13:32:33  all     4     0   96    0        0       0      5      0     0
13:32:34  all     4     0   96    0        0       0      3      0     0
13:32:35  all     3     0   97    0        0       0      4      0     0
13:32:36  all     7     0   93    0        0       0      6      0     0
13:32:37  all     6     0   94    0        0       0      6      0     0
13:32:38  all     4     0   96    0        0       0      4      0     0
13:32:39  all     4     0   96    0        0       0      5      0     0
13:32:40  all     5     0   94    0        0       0      4      0     1
13:32:41  all     5     0   95    0        0       0      6      0     0
13:32:42  all     6     0   94    0        0       0      5      0     0
13:32:43  all     4     0   96    0        0       0      4      0     0
13:32:44  all     5     0   95    0        0       0      6      0     0
13:32:45  all     5     0   95    0        0       0      4      0     0
13:32:46  all     4     0   95    0        0       0      4      0     1
13:32:47  all     3     0   97    0        0       0      4      0     0
13:32:48  all     6     0   94    0        0       0      5      0     0
13:32:49  all     4     0   96    0        0       0      5      0     0
13:32:50  all     5     0   95    0        0       0      4      0     0
13:32:51  all     5     0   95    0        0       0      6      0     0
13:32:52  all     7     0   93    0        0       0      7      0     0
13:32:53  all     6     0   94    0        0       0      6      0     0
13:32:54  all     5     0   95    0        0       0      5      0     0
13:32:55  all     7     0   93    0        0       0      6      0     0
13:32:56  all     4     0   95    0        0       0      4      0     1
13:32:57  all     6     0   94    0        0       0      7      0     0
13:32:58  all     7     0   93    0        0       0      6      0     0
13:32:59  all     5     0   95    0        0       0      5      0     0
13:33:00  all     5     0   95    0        0       0      6      0     0
13:33:01  all     4     0   96    0        0       0      3      0     0
13:33:02  all     6     0   93    0        0       0      7      0     1
13:33:03  all     5     0   95    0        0       0      5      0     0
13:33:04  all     8     0   92    0        0       0      7      0     0
13:33:05  all     5     0   95    0        0       0      5      0     0
13:33:06  all     6     0   94    0        0       0      6      0     0
13:33:07  all     5     0   95    0        0       0      6      0     0
13:33:08  all     4     0   96    0        0       0      4      0     0
13:33:09  all     5     0   95    0        0       0      4      0     0
13:33:10  all     5     0   95    0        0       0      5      0     0
13:33:11  all     3     0   97    0        0       0      3      0     0
13:33:12  all     7     0   92    0        0       0      7      0     1
13:33:13  all     5     0   95    0        0       0      5      0     0
13:33:14  all     5     0   95    0        0       0      5      0     0
13:33:15  all     4     0   96    0        0       0      4      0     0
13:33:16  all     4     0   96    0        0       0      5      0     0
13:33:17  all     5     0   95    0        0       0      5      0     0
13:33:18  all     5     0   95    0        0       0      5      0     0
13:33:19  all     6     0   93    0        0       0      5      0     1
13:33:20  all     6     0   94    0        0       0      6      0     0
13:33:21  all     5     0   95    0        0       0      5      0     0
13:33:22  all     5     0   95    0        0       0      5      0     0
13:33:23  all     5     0   95    0        0       0      5      0     0
13:33:24  all     5     0   95    0        0       0      5      0     0
13:33:25  all     5     0   95    0        0       0      6      0     0
13:33:26  all     5     0   95    0        0       0      4      0     0
13:33:27  all     5     0   95    0        0       0      6      0     0
13:33:28  all     7     0   92    0        0       0      7      0     1
13:33:29  all     5     0   95    0        0       0      5      0     0
13:33:30  all     7     0   93    0        0       0      6      0     0
13:33:31  all     4     0   96    0        0       0      5      0     0
13:33:32  all     6     0   94    0        0       0      5      0     0
13:33:33  all     3     0   97    0        0       0      4      0     0
13:33:34  all     6     0   94    0        0       0      5      0     0
13:33:35  all     5     0   94    0        0       0      6      0     1
13:33:36  all     5     0   95    0        0       0      5      0     0
13:33:37  all     3     0   97    0        0       0      3      0     0
13:33:38  all     6     0   94    0        0       0      6      0     0
13:33:39  all     6     0   94    0        0       0      5      0     0
13:33:40  all     5     0   95    0        0       0      6      0     0
13:33:41  all     7     0   93    0        0       0      6      0     0
13:33:42  all     6     0   94    0        0       0      6      0     0
13:33:43  all     2     0   98    0        0       0      2      0     0
13:33:44  all     5     0   95    0        0       0      6      0     0
13:33:45  all     6     0   93    0        0       0      5      0     1
13:33:46  all     4     0   96    0        0       0      4      0     0
13:33:47  all     6     0   94    0        0       0      7      0     0
13:33:48  all     4     0   96    0        0       0      3      0     0
13:33:49  all     6     0   94    0        0       0      7      0     0
13:33:50  all     6     0   94    0        0       0      6      0     0
13:33:51  all     5     0   94    0        0       0      4      0     1
13:33:52  all     9     0   91    0        0       0      9      0     0
13:33:53  all     3     0   97    0        0       0      4      0     0
13:33:54  all     4     0   96    0        0       0      4      0     0
13:33:55  all     5     0   95    0        0       0      4      0     0
13:33:56  all     1     0   16    0        0       0      2      0    83
13:33:57  all     0     0    0    0        0       0      0      0   100
13:33:58  all     0     0    0    0        0       0      0      0   100
13:33:59  all     0     0    0    0        0       0      0      0   100
13:34:00  all     0     0    1    0        0       0      0      1    98
13:34:01  all     0     0    0    0        0       0      0      0   100
13:34:02  all     0     0    0    0        0       0      0      0   100
13:34:03  all     0     0    0    0        0       0      0      0   100
13:34:04  all     0     0    0    0        0       0      0      0   100
13:34:05  all     0     0    0    0        0       0      0      0   100
13:34:06  all     1     0    0    0        0       0      0      1    98
13:34:07  all     0     0    0    0        0       0      0      0   100
