
o41  4.10.0-42-generic  #46~16.04.1-Ubuntu SMP Mon Dec 4 15:57:59 UTC 2017  x86_64  2017/12/26

-------------------------- analysis date: 2017/12/26 --------------------------

19:50:11  cpu  %usr %nice %sys %irq %softirq  %steal %guest  %wait %idle  _cpu_
19:50:12  all   100     0    0    0        0       0    100      0     0
19:50:13  all   100     0    0    0        0       0    100      0     0
19:50:14  all   100     0    0    0        0       0    100      0     0
19:50:15  all   100     0    0    0        0       0    100      0     0
19:50:16  all   100     0    0    0        0       0    100      0     0
19:50:17  all   100     0    0    0        0       0    100      0     0
19:50:18  all   100     0    0    0        0       0    100      0     0
19:50:19  all   100     0    0    0        0       0    100      0     0
19:50:20  all   100     0    0    0        0       0    100      0     0
19:50:21  all    98     0    1    0        1       0     96      0     0
19:50:22  all    81     0   11    0        8       0     77      0     0
19:50:23  all    80     0   15    0        5       0     74      0     0
19:50:24  all    82     0   12    0        6       0     76      0     0
19:50:25  all    81     0   13    0        6       0     76      0     0
19:50:26  all    85     0    8    0        7       0     76      0     0
19:50:27  all    81     0   13    0        6       0     74      0     0
19:50:28  all    85     0   11    0        4       0     79      0     0
19:50:29  all    85     0   12    0        3       0     78      0     0
19:50:30  all    83     0   10    0        7       0     78      0     0
19:50:31  all    85     0    9    0        6       0     79      0     0
19:50:32  all    80     0   16    0        4       0     76      0     0
19:50:33  all    76     0   18    0        6       0     70      0     0
19:50:34  all    81     0    9    0       10       0     72      0     0
19:50:35  all    80     0    9    0       11       0     73      0     0
19:50:36  all    80     0   15    0        5       0     73      0     0
19:50:37  all    79     0   16    0        5       0     73      0     0
19:50:38  all    82     0   13    0        5       0     76      0     0
19:50:39  all    84     0   13    0        3       0     78      0     0
19:50:40  all    81     0   12    0        7       0     73      0     0
19:50:41  all    82     0   11    0        7       0     76      0     0
19:50:42  all    82     0   13    0        5       0     75      0     0
19:50:43  all    82     0   12    0        6       0     77      0     0
19:50:44  all    88     0   10    0        2       0     79      0     0
19:50:45  all    91     0    9    0        0       0     75      0     0
19:50:46  all    82     0    9    0        9       0     70      0     0
19:50:47  all    71     0    8    0       21       0     68      0     0
19:50:48  all    82     0   13    0        5       0     74      0     0
19:50:49  all    81     0   12    0        7       0     75      0     0
19:50:50  all    84     0   12    0        4       0     81      0     0
19:50:51  all    79     0   12    0        9       0     73      0     0
19:50:52  all    84     0   12    0        4       0     78      0     0
19:50:53  all    81     0   11    0        8       0     73      0     0
19:50:54  all    79     0   16    0        5       0     75      0     0
19:50:55  all    87     0    8    0        5       0     79      0     0
19:50:56  all    83     0   13    0        4       0     78      0     0
19:50:57  all    78     0   15    0        7       0     75      0     0
19:50:58  all    83     0   11    0        6       0     77      0     0
19:50:59  all    83     0   12    0        5       0     76      0     0
19:51:00  all    80     0   15    0        5       0     71      0     0
19:51:01  all    83     0   11    0        6       0     73      0     0
19:51:02  all    78     0   15    0        7       0     73      0     0
19:51:03  all    86     0    7    0        7       0     79      0     0
19:51:04  all    83     0   12    0        5       0     79      0     0
19:51:05  all    85     0    9    0        6       0     78      0     0
19:51:06  all    84     0   11    0        5       0     78      0     0
19:51:07  all    84     0    9    0        7       0     77      0     0
19:51:08  all    88     0    7    0        5       0     81      0     0
19:51:09  all    87     0   10    0        3       0     82      0     0
19:51:10  all    83     0   10    0        7       0     77      0     0
19:51:11  all    84     0   13    0        3       0     77      0     0
19:51:12  all    82     0   13    0        5       0     77      0     0
19:51:13  all    86     0    8    0        6       0     79      0     0
19:51:14  all    78     0   14    0        8       0     73      0     0
19:51:15  all    85     0   11    0        4       0     78      0     0
19:51:16  all    77     0   18    0        5       0     72      0     0
19:51:17  all    82     0   13    0        5       0     76      0     0
19:51:18  all    79     0   13    0        8       0     73      0     0
19:51:19  all    78     0   14    0        8       0     73      0     0
19:51:20  all    79     0   12    0        9       0     73      0     0
19:51:21  all    79     0   15    0        6       0     70      0     0
19:51:22  all    79     0   13    0        8       0     71      0     0
19:51:23  all    80     0   13    0        7       0     74      0     0
19:51:24  all    82     0   12    0        6       0     78      0     0
19:51:25  all    84     0   10    0        6       0     76      0     0
19:51:26  all    82     0   13    0        5       0     75      0     0
19:51:27  all    83     0   12    0        5       0     77      0     0
19:51:28  all    86     0   11    0        3       0     79      0     0
19:51:29  all    80     0   13    0        7       0     73      0     0
19:51:30  all    86     0    7    0        7       0     79      0     0
19:51:31  all    80     0   13    0        7       0     73      0     0
19:51:32  all    85     0   11    0        4       0     79      0     0
19:51:33  all    82     0   12    0        6       0     78      0     0
19:51:34  all    81     0   13    0        6       0     75      0     0
19:51:35  all    85     0   10    0        5       0     78      0     0
19:51:36  all    82     0   14    0        4       0     80      0     0
19:51:37  all    82     0   12    0        6       0     77      0     0
19:51:38  all    80     0   14    0        6       0     74      0     0
19:51:39  all    84     0   12    0        4       0     76      0     0
19:51:40  all    82     0   13    0        5       0     76      0     0
19:51:41  all    82     0   10    0        8       0     73      0     0
19:51:42  all    84     0    8    0        8       0     80      0     0
19:51:43  all    81     0   11    0        8       0     75      0     0
19:51:44  all    84     0    9    0        7       0     77      0     0
19:51:45  all    83     0   11    0        6       0     79      0     0
19:51:46  all    83     0   12    0        5       0     74      0     0
19:51:47  all    79     0   16    0        5       0     72      0     0
19:51:48  all    82     0   12    0        6       0     76      0     0
19:51:49  all    82     0   15    0        3       0     76      0     0
19:51:50  all    82     0   12    0        6       0     76      0     0
19:51:51  all    83     0   10    0        7       0     76      0     0
19:51:52  all    79     0   13    0        8       0     73      0     0
19:51:53  all    84     0   10    0        6       0     75      0     0
19:51:54  all    83     0   13    0        4       0     75      0     0
19:51:55  all    82     0   13    0        5       0     76      0     0
19:51:56  all    83     0   13    0        4       0     77      0     0
19:51:57  all    83     0   11    0        6       0     76      0     0
19:51:58  all    82     0   14    0        4       0     77      0     0
19:51:59  all    80     0   14    0        6       0     72      0     0
19:52:00  all    81     0   12    0        7       0     80      0     0
19:52:01  all    83     0   12    0        5       0     72      0     0
19:52:02  all    86     0    9    0        5       0     78      0     0
19:52:03  all    81     0   13    0        6       0     79      0     0
19:52:04  all    79     0   13    0        8       0     73      0     0
19:52:05  all    83     0   12    0        5       0     73      0     0
19:52:06  all    79     0   17    0        4       0     77      0     0
19:52:07  all    78     0   12    0       10       0     70      0     0
19:52:08  all    85     0   13    0        2       0     79      0     0
19:52:09  all    81     0   13    0        6       0     75      0     0
19:52:10  all    77     0   13    0       10       0     68      0     0
19:52:11  all    86     0    6    0        8       0     78      0     0
19:52:12  all    86     0    9    0        5       0     80      0     0
19:52:13  all    79     0   15    0        6       0     73      0     0
19:52:14  all    87     0   10    0        3       0     79      0     0
19:52:15  all    75     0   15    0       10       0     67      0     0
19:52:16  all    82     0   11    0        7       0     75      0     0
19:52:17  all    81     0   10    0        9       0     74      0     0
19:52:18  all    83     0   13    0        4       0     78      0     0
19:52:19  all    81     0   12    0        7       0     75      0     0
19:52:20  all    82     0   11    0        7       0     76      0     0
19:52:21  all    83     0   11    0        6       0     75      0     0
19:52:22  all   100     0    0    0        0       0    100      0     0
19:52:23  all   100     0    0    0        0       0    100      0     0
19:52:24  all   100     0    0    0        0       0    100      0     0
19:52:25  all   100     0    0    0        0       0    100      0     0
19:52:26  all   100     0    0    0        0       0    100      0     0
19:52:27  all   100     0    0    0        0       0    101      0     0
19:52:28  all   100     0    0    0        0       0    100      0     0
19:52:29  all   100     0    0    0        0       0    100      0     0
19:52:30  all   100     0    0    0        0       0    100      0     0
19:52:31  all   100     0    0    0        0       0    100      0     0
19:52:32  all   100     0    0    0        0       0    100      0     0
19:52:33  all   100     0    0    0        0       0    100      0     0
19:52:34  all   100     0    0    0        0       0    100      0     0
19:52:35  all   100     0    0    0        0       0    100      0     0
19:52:36  all    99     0    1    0        0       0     98      0     0
