
o41  4.10.0-40-generic  #44~16.04.1-Ubuntu SMP Thu Nov 9 15:37:44 UTC 2017  x86_64  2017/11/29

-------------------------- analysis date: 2017/11/29 --------------------------

15:45:16  cpu  %usr %nice %sys %irq %softirq  %steal %guest  %wait %idle  _cpu_
15:45:17  all   100     0    0    0        0       0    100      0     0
15:45:18  all   100     0    0    0        0       0    100      0     0
15:45:19  all   100     0    0    0        0       0    100      0     0
15:45:20  all   100     0    0    0        0       0    100      0     0
15:45:21  all   100     0    0    0        0       0    100      0     0
15:45:22  all   100     0    0    0        0       0    100      0     0
15:45:23  all   100     0    0    0        0       0    100      0     0
15:45:24  all   100     0    0    0        0       0    100      0     0
15:45:25  all   100     0    0    0        0       0    100      0     0
15:45:26  all    96     0    4    0        0       0     95      0     0
15:45:27  all    88     0    6    0        6       0     88      0     0
15:45:28  all    90     0    7    0        3       0     90      0     0
15:45:29  all    90     0    5    0        5       0     90      0     0
15:45:30  all    88     0    8    0        4       0     88      0     0
15:45:31  all    90     0    4    0        6       0     90      0     0
15:45:32  all    90     0    6    0        4       0     90      0     0
15:45:33  all    87     0    7    0        6       0     86      0     0
15:45:34  all    89     0    7    0        4       0     90      0     0
15:45:35  all    90     0    8    0        2       0     90      0     0
15:45:36  all    90     0    6    0        4       0     89      0     0
15:45:37  all    88     0    6    0        6       0     89      0     0
15:45:38  all    91     0    5    0        4       0     91      0     0
15:45:39  all    93     0    5    0        2       0     93      0     0
15:45:40  all    86     0    7    0        7       0     86      0     0
15:45:41  all    89     0    6    0        5       0     88      0     0
15:45:42  all    90     0    3    0        7       0     91      0     0
15:45:43  all    90     0    6    0        4       0     90      0     0
15:45:44  all    92     0    4    0        4       0     92      0     0
15:45:45  all    91     0    4    0        5       0     90      0     0
15:45:46  all    88     0    7    0        5       0     89      0     0
15:45:47  all    90     0    6    0        4       0     90      0     0
15:45:48  all    90     0    7    0        3       0     90      0     0
15:45:49  all    92     0    3    0        5       0     92      0     0
15:45:50  all    93     0    4    0        3       0     92      0     0
15:45:51  all    87     0    7    0        6       0     88      0     0
15:45:52  all    87     0    8    0        5       0     87      0     0
15:45:53  all    88     0    4    0        8       0     87      0     0
15:45:54  all    91     0    5    0        4       0     91      0     0
15:45:55  all    83     0   11    0        6       0     83      0     0
15:45:56  all    88     0    8    0        4       0     88      0     0
15:45:57  all    87     0    9    0        4       0     87      0     0
15:45:58  all    93     0    3    0        4       0     93      0     0
15:45:59  all    89     0    6    0        5       0     89      0     0
15:46:00  all    86     0    8    0        6       0     86      0     0
15:46:01  all    90     0    6    0        4       0     90      0     0
15:46:02  all    89     0    8    0        3       0     90      0     0
15:46:03  all    90     0    5    0        5       0     90      0     0
15:46:04  all    87     0    8    0        5       0     86      0     0
15:46:05  all    88     0    7    0        5       0     88      0     0
15:46:06  all    87     0    5    0        8       0     88      0     0
15:46:07  all    89     0    5    0        6       0     89      0     0
15:46:08  all    89     0    4    0        7       0     88      0     0
15:46:09  all    91     0    7    0        2       0     91      0     0
15:46:10  all    87     0    7    0        6       0     87      0     0
15:46:11  all    84     0    8    0        8       0     84      0     0
15:46:12  all    89     0    8    0        3       0     90      0     0
15:46:13  all    89     0    6    0        5       0     88      0     0
15:46:14  all    88     0    8    0        4       0     88      0     0
15:46:15  all    89     0    6    0        5       0     89      0     0
15:46:16  all    87     0    7    0        6       0     88      0     0
15:46:17  all    89     0    5    0        6       0     88      0     0
15:46:18  all    88     0    6    0        6       0     88      0     0
15:46:19  all    86     0    8    0        6       0     87      0     0
15:46:20  all    85     0   11    0        4       0     84      0     0
15:46:21  all    89     0    6    0        5       0     89      0     0
15:46:22  all    86     0    7    0        7       0     86      0     0
15:46:23  all    93     0    5    0        2       0     94      0     0
15:46:24  all    89     0    7    0        4       0     88      0     0
15:46:25  all    88     0    6    0        6       0     89      0     0
15:46:26  all    91     0    5    0        4       0     90      0     0
15:46:27  all    91     0    5    0        4       0     92      0     0
15:46:28  all    92     0    6    0        2       0     91      0     0
15:46:29  all    87     0    6    0        7       0     87      0     0
15:46:30  all    94     0    2    0        4       0     95      0     0
15:46:31  all    90     0    5    0        5       0     90      0     0
15:46:32  all    90     0    6    0        4       0     90      0     0
15:46:33  all    91     0    6    0        3       0     91      0     0
15:46:34  all    91     0    6    0        3       0     91      0     0
15:46:35  all    86     0    6    0        8       0     85      0     0
15:46:36  all    88     0    8    0        4       0     88      0     0
15:46:37  all    86     0    8    0        6       0     86      0     0
15:46:38  all    91     0    6    0        3       0     91      0     0
15:46:39  all    87     0    7    0        6       0     88      0     0
15:46:40  all    89     0    7    0        4       0     88      0     0
15:46:41  all    89     0    7    0        4       0     89      0     0
15:46:42  all    89     0    6    0        5       0     90      0     0
15:46:43  all    90     0    6    0        4       0     89      0     0
15:46:44  all    91     0    5    0        4       0     91      0     0
15:46:45  all    90     0    6    0        4       0     90      0     0
15:46:46  all    87     0    4    0        9       0     87      0     0
15:46:47  all    90     0    5    0        5       0     90      0     0
15:46:48  all    92     0    6    0        2       0     92      0     0
15:46:49  all    88     0    8    0        4       0     88      0     0
15:46:50  all    86     0    7    0        7       0     86      0     0
15:46:51  all    93     0    5    0        2       0     93      0     0
15:46:52  all    89     0    7    0        4       0     89      0     0
15:46:53  all    92     0    5    0        3       0     92      0     0
15:46:54  all    90     0    5    0        5       0     90      0     0
15:46:55  all    91     0    5    0        4       0     91      0     0
15:46:56  all    88     0    8    0        4       0     88      0     0
15:46:57  all    91     0    4    0        5       0     91      0     0
15:46:58  all    86     0    6    0        8       0     86      0     0
15:46:59  all    85     0    8    0        7       0     85      0     0
15:47:00  all    91     0    6    0        3       0     91      0     0
15:47:01  all    91     0    4    0        5       0     91      0     0
15:47:02  all    89     0    5    0        6       0     89      0     0
15:47:03  all    90     0    5    0        5       0     90      0     0
15:47:04  all    89     0    6    0        5       0     89      0     0
15:47:05  all    89     0    6    0        5       0     89      0     0
15:47:06  all    88     0    7    0        5       0     88      0     0
15:47:07  all    91     0    5    0        4       0     91      0     0
15:47:08  all    87     0   10    0        3       0     87      0     0
15:47:09  all    84     0    9    0        7       0     84      0     0
15:47:10  all    86     0    8    0        6       0     86      0     0
15:47:11  all    84     0   10    0        6       0     84      0     0
15:47:12  all    83     0    8    0        9       0     83      0     0
15:47:13  all    85     0   10    0        5       0     85      0     0
15:47:14  all    88     0    9    0        3       0     88      0     0
15:47:15  all    85     0    9    0        6       0     85      0     0
15:47:16  all    92     0    5    0        3       0     92      0     0
15:47:17  all    93     0    5    0        2       0     93      0     0
15:47:18  all    89     0    6    0        5       0     89      0     0
15:47:19  all    91     0    4    0        5       0     91      0     0
15:47:20  all    89     0    6    0        5       0     89      0     0
15:47:21  all    88     0    7    0        5       0     88      0     0
15:47:22  all    88     0    7    0        5       0     88      0     0
15:47:23  all    89     0    5    0        6       0     89      0     0
15:47:24  all    90     0    6    0        4       0     90      0     0
15:47:25  all    88     0    7    0        5       0     88      0     0
15:47:26  all    91     0    5    0        4       0     91      0     0
15:47:27  all   100     0    0    0        0       0    100      0     0
15:47:28  all   100     0    0    0        0       0    100      0     0
15:47:29  all   100     0    0    0        0       0    100      0     0
15:47:30  all   100     0    0    0        0       0    100      0     0
15:47:31  all   100     0    0    0        0       0    100      0     0
15:47:32  all   100     0    0    0        0       0    100      0     0
15:47:33  all   100     0    0    0        0       0    100      0     0
15:47:34  all   100     0    0    0        0       0    100      0     0
15:47:35  all    98     0    2    0        0       0     98      0     0
15:47:36  all   100     0    0    0        0       0    100      0     0
