
o41  4.10.0-40-generic  #44~16.04.1-Ubuntu SMP Thu Nov 9 15:37:44 UTC 2017  x86_64  2017/11/23

-------------------------- analysis date: 2017/11/23 --------------------------

16:53:29  cpu  %usr %nice %sys %irq %softirq  %steal %guest  %wait %idle  _cpu_
16:53:30  all    50     0    0    0        0       0     50      0     0
16:53:31  all    50     0    0    0        0       0     50      0     0
16:53:32  all    50     0    0    0        0       0     50      0     0
16:53:33  all    50     0    0    0        0       0     50      0     0
16:53:34  all    50     0    0    0        0       0     50      0     0
16:53:35  all    50     0    0    0        0       0     50      0     0
16:53:36  all    50     0    0    0        0       0     50      0     0
16:53:37  all    50     0    0    0        0       0     50      0     0
16:53:38  all    50     0    1    0        0       0     50      0     0
16:53:39  all    50     0    0    0        0       0     50      0     0
16:53:40  all    49     0    1    0        0       0     49      0     0
16:53:41  all    49     0    2    0        0       0     49      0     0
16:53:42  all    50     0    1    0        0       0     50      0     0
16:53:43  all    49     0    1    0        0       0     49      0     0
16:53:44  all    49     0    2    0        0       0     49      0     0
16:53:45  all    50     0    1    0        0       0     50      0     0
16:53:46  all    49     0    2    0        0       0     49      0     0
16:53:47  all    50     0    0    0        0       0     50      0     0
16:53:48  all    50     0    1    0        0       0     50      0     0
16:53:49  all    50     0    1    0        0       0     50      0     0
16:53:50  all    50     0    1    0        0       0     50      0     0
16:53:51  all    50     0    1    0        0       0     49      0     0
16:53:52  all    50     0    1    0        0       0     50      0     0
16:53:53  all    49     0    2    0        0       0     49      0     0
16:53:54  all    50     0    0    0        0       0     50      0     0
16:53:55  all    50     0    1    0        0       0     50      0     0
16:53:56  all    50     0    1    0        0       0     50      0     0
16:53:57  all    49     0    1    0        0       0     49      0     0
16:53:58  all    50     0    1    0        0       0     50      0     0
16:53:59  all    49     0    1    0        0       0     49      0     0
16:54:00  all    50     0    1    0        0       0     50      0     0
16:54:01  all    50     0    1    0        0       0     50      0     0
16:54:02  all    50     0    1    0        0       0     50      0     0
16:54:03  all    49     0    1    0        0       0     49      0     0
16:54:04  all    49     0    1    0        0       0     50      0     0
16:54:05  all    49     0    2    0        0       0     49      0     0
16:54:06  all    50     0    1    0        0       0     50      0     0
16:54:07  all    50     0    1    0        0       0     50      0     0
16:54:08  all    49     0    1    0        0       0     50      0     0
16:54:09  all    50     0    1    0        0       0     49      0     0
16:54:10  all    50     0    1    0        0       0     50      0     0
16:54:11  all    49     0    1    0        0       0     49      0     0
16:54:12  all    50     0    1    0        0       0     50      0     0
16:54:13  all    50     0    1    0        0       0     50      0     0
16:54:14  all    50     0    1    0        0       0     50      0     0
16:54:15  all    50     0    0    0        0       0     50      0     0
16:54:16  all    49     0    1    0        0       0     49      0     0
16:54:17  all    49     0    1    0        0       0     49      0     0
16:54:18  all    49     0    1    0        0       0     49      0     0
16:54:19  all    50     0    1    0        0       0     49      0     0
16:54:20  all    50     0    1    0        0       0     50      0     0
16:54:21  all    49     0    1    0        0       0     49      0     0
16:54:22  all    50     0    1    0        0       0     50      0     0
16:54:23  all    50     0    1    0        0       0     50      0     0
16:54:24  all    49     0    1    0        0       0     50      0     0
16:54:25  all    50     0    1    0        0       0     49      0     0
16:54:26  all    49     0    1    0        0       0     50      0     0
16:54:27  all    50     0    0    0        0       0     50      0     0
16:54:28  all    50     0    0    0        0       0     50      0     0
16:54:29  all    50     0    1    0        0       0     50      0     0
16:54:30  all    48     0    3    0        0       0     49      0     0
16:54:31  all    50     0    0    0        0       0     50      0     0
16:54:32  all    49     0    1    0        0       0     50      0     0
16:54:33  all    50     0    1    0        0       0     49      0     0
16:54:34  all    50     0    1    0        0       0     50      0     0
16:54:35  all    49     0    1    0        0       0     49      0     0
16:54:36  all    50     0    1    0        0       0     50      0     0
16:54:37  all    49     0    2    0        0       0     49      0     0
16:54:38  all    49     0    1    0        0       0     49      0     0
16:54:39  all    50     0    1    0        0       0     50      0     0
16:54:40  all    50     0    1    0        0       0     50      0     0
16:54:41  all    50     0    0    0        0       0     50      0     0
16:54:42  all    49     0    2    0        0       0     49      0     0
16:54:43  all    49     0    2    0        0       0     49      0     0
16:54:44  all    49     0    1    0        0       0     49      0     0
16:54:45  all    49     0    1    0        0       0     49      0     0
16:54:46  all    49     0    1    0        0       0     49      0     0
16:54:47  all    49     0    1    0        0       0     49      0     0
16:54:48  all    49     0    2    0        0       0     49      0     0
16:54:49  all    49     0    2    0        0       0     49      0     0
16:54:50  all    49     0    1    0        0       0     50      0     0
16:54:51  all    50     0    1    0        0       0     49      0     0
16:54:52  all    49     0    1    0        0       0     49      0     0
16:54:53  all    49     0    1    0        0       0     50      0     0
16:54:54  all    50     0    0    0        0       0     50      0     0
16:54:55  all    50     0    1    0        0       0     50      0     0
16:54:56  all    49     0    1    0        0       0     49      0     0
16:54:57  all    50     0    0    0        0       0     50      0     0
16:54:58  all    50     0    1    0        0       0     49      0     0
16:54:59  all    49     0    1    0        0       0     50      0     0
16:55:00  all    50     0    0    0        0       0     50      0     0
16:55:01  all    49     0    2    0        0       0     49      0     0
16:55:02  all    50     0    1    0        0       0     49      0     0
16:55:03  all    49     0    2    0        0       0     49      0     0
16:55:04  all    50     0    1    0        0       0     50      0     0
16:55:05  all    49     0    2    0        0       0     49      0     0
16:55:06  all    49     0    1    0        0       0     49      0     0
16:55:07  all    49     0    2    0        0       0     49      0     0
16:55:08  all    50     0    1    0        0       0     49      0     0
16:55:09  all    50     0    1    0        0       0     50      0     0
16:55:10  all    50     0    0    0        0       0     50      0     0
16:55:11  all    49     0    2    0        0       0     49      0     0
16:55:12  all    50     0    1    0        0       0     49      0     0
16:55:13  all    50     0    1    0        0       0     50      0     0
16:55:14  all    50     0    0    0        0       0     50      0     0
16:55:15  all    50     0    1    0        0       0     49      0     0
16:55:16  all    49     0    1    0        0       0     49      0     0
16:55:17  all    50     0    1    0        0       0     49      0     0
16:55:18  all    49     0    1    0        0       0     49      0     0
16:55:19  all    49     0    2    0        0       0     49      0     0
16:55:20  all    50     0    1    0        0       0     49      0     0
16:55:21  all    49     0    1    0        0       0     49      0     0
16:55:22  all    50     0    1    0        0       0     50      0     0
16:55:23  all    49     0    1    0        0       0     49      0     0
16:55:24  all    49     0    1    0        0       0     50      0     0
16:55:25  all    49     0    2    0        0       0     49      0     0
16:55:26  all    49     0    1    0        0       0     49      0     0
16:55:27  all    49     0    2    0        0       0     49      0     0
16:55:28  all    49     0    1    0        0       0     49      0     0
16:55:29  all    49     0    1    0        0       0     50      0     0
16:55:30  all    50     0    0    0        0       0     50      0     0
16:55:31  all    49     0    1    0        0       0     50      0     0
16:55:32  all    50     0    0    0        0       0     50      0     0
16:55:33  all    50     0    1    0        0       0     50      0     0
16:55:34  all    50     0    1    0        0       0     50      0     0
16:55:35  all    49     0    1    0        0       0     49      0     0
16:55:36  all    50     0    1    0        0       0     50      0     0
16:55:37  all    49     0    1    0        0       0     50      0     0
16:55:38  all    50     0    1    0        0       0     49      0     0
16:55:39  all    50     0    0    0        0       0     50      0     0
16:55:40  all    50     0    0    0        0       0     50      0     0
16:55:41  all    50     0    0    0        0       0     50      0     0
16:55:42  all    50     0    0    0        0       0     50      0     0
16:55:43  all    50     0    0    0        0       0     50      0     0
16:55:44  all    50     0    0    0        0       0     50      0     0
16:55:45  all    50     0    0    0        0       0     50      0     0
16:55:46  all    50     0    0    0        0       0     50      0     0
16:55:47  all    50     0    0    0        0       0     50      0     0
16:55:48  all    50     0    0    0        0       0     50      0     0
16:55:49  all    50     0    0    0        0       0     50      0     0
