
o41  4.10.0-40-generic  #44~16.04.1-Ubuntu SMP Thu Nov 9 15:37:44 UTC 2017  x86_64  2017/11/29

-------------------------- analysis date: 2017/11/29 --------------------------

15:54:40  cpu  %usr %nice %sys %irq %softirq  %steal %guest  %wait %idle  _cpu_
15:54:41  all    99     0    1    0        0       0     99      0     0
15:54:42  all   100     0    0    0        0       0    100      0     0
15:54:43  all   100     0    0    0        0       0    100      0     0
15:54:44  all   100     0    0    0        0       0    100      0     0
15:54:45  all   100     0    0    0        0       0    100      0     0
15:54:46  all   100     0    0    0        0       0    100      0     0
15:54:47  all   100     0    0    0        0       0    100      0     0
15:54:48  all    99     0    1    0        0       0     99      0     0
15:54:49  all   100     0    0    0        0       0    100      0     0
15:54:50  all    98     0    2    0        0       0     98      0     0
15:54:51  all   100     0    0    0        0       0    100      0     0
15:54:52  all    98     0    2    0        0       0     98      0     0
15:54:53  all    99     0    1    0        0       0     99      0     0
15:54:54  all    98     0    2    0        0       0     98      0     0
15:54:55  all    99     0    1    0        0       0     99      0     0
15:54:56  all    97     0    3    0        0       0     97      0     0
15:54:57  all    98     0    2    0        0       0     98      0     0
15:54:58  all   100     0    0    0        0       0     99      0     0
15:54:59  all    98     0    2    0        0       0     98      0     0
15:55:00  all    97     0    3    0        0       0     97      0     0
15:55:01  all    97     0    3    0        0       0     98      0     0
15:55:02  all    99     0    1    0        0       0     98      0     0
15:55:03  all    97     0    3    0        0       0     97      0     0
15:55:04  all   100     0    0    0        0       0     99      0     0
15:55:05  all    98     0    2    0        0       0     98      0     0
15:55:06  all    98     0    2    0        0       0     98      0     0
15:55:07  all    98     0    2    0        0       0     98      0     0
15:55:08  all    97     0    3    0        0       0     97      0     0
15:55:09  all    99     0    1    0        0       0     99      0     0
15:55:10  all    98     0    2    0        0       0     98      0     0
15:55:11  all    97     0    3    0        0       0     97      0     0
15:55:12  all    99     0    1    0        0       0     99      0     0
15:55:13  all    98     0    2    0        0       0     97      0     0
15:55:14  all   100     0    0    0        0       0    100      0     0
15:55:15  all    97     0    3    0        0       0     97      0     0
15:55:16  all    99     0    1    0        0       0     99      0     0
15:55:17  all    99     0    1    0        0       0     99      0     0
15:55:18  all    98     0    2    0        0       0     98      0     0
15:55:19  all    98     0    2    0        0       0     98      0     0
15:55:20  all    98     0    2    0        0       0     98      0     0
15:55:21  all    99     0    1    0        0       0     99      0     0
15:55:22  all    99     0    1    0        0       0     99      0     0
15:55:23  all    98     0    2    0        0       0     98      0     0
15:55:24  all    99     0    1    0        0       0     98      0     0
15:55:25  all    97     0    3    0        0       0     97      0     0
15:55:26  all    99     0    1    0        0       0     99      0     0
15:55:27  all   100     0    0    0        0       0     99      0     0
15:55:28  all    98     0    2    0        0       0     98      0     0
15:55:29  all    97     0    3    0        0       0     97      0     0
15:55:30  all    99     0    1    0        0       0     98      0     0
15:55:31  all    98     0    2    0        0       0     98      0     0
15:55:32  all    98     0    2    0        0       0     98      0     0
15:55:33  all    97     0    3    0        0       0     97      0     0
15:55:34  all    99     0    1    0        0       0     99      0     0
15:55:35  all    99     0    1    0        0       0     99      0     0
15:55:36  all    98     0    2    0        0       0     97      0     0
15:55:37  all    99     0    1    0        0       0    100      0     0
15:55:38  all    97     0    3    0        0       0     96      0     0
15:55:39  all    99     0    1    0        0       0    100      0     0
15:55:40  all    97     0    3    0        0       0     96      0     0
15:55:41  all    99     0    1    0        0       0     99      0     0
15:55:42  all    99     0    1    0        0       0     99      0     0
15:55:43  all   100     0    0    0        0       0    100      0     0
15:55:44  all    98     0    2    0        0       0     97      0     0
15:55:45  all    99     0    1    0        0       0     99      0     0
15:55:46  all    98     0    2    0        0       0     98      0     0
15:55:47  all    99     0    1    0        0       0     98      0     0
15:55:48  all    99     0    1    0        0       0    100      0     0
15:55:49  all    98     0    2    0        0       0     98      0     0
15:55:50  all    99     0    1    0        0       0     98      0     0
15:55:51  all    98     0    2    0        0       0     99      0     0
15:55:52  all    97     0    3    0        0       0     96      0     0
15:55:53  all   100     0    0    0        0       0    101      0     0
15:55:54  all    99     0    1    0        0       0     99      0     0
15:55:55  all    99     0    1    0        0       0     99      0     0
15:55:56  all    98     0    2    0        0       0     98      0     0
15:55:57  all    99     0    1    0        0       0     99      0     0
15:55:58  all    99     0    1    0        0       0     99      0     0
15:55:59  all    98     0    2    0        0       0     97      0     0
15:56:00  all    98     0    2    0        0       0     99      0     0
15:56:01  all    97     0    3    0        0       0     96      0     0
15:56:02  all    99     0    1    0        0       0    100      0     0
15:56:03  all    99     0    1    0        0       0     98      0     0
15:56:04  all    98     0    2    0        0       0     98      0     0
15:56:05  all    99     0    1    0        0       0     99      0     0
15:56:06  all    98     0    2    0        0       0     98      0     0
15:56:07  all    99     0    1    0        0       0     99      0     0
15:56:08  all    97     0    3    0        0       0     97      0     0
15:56:09  all    99     0    1    0        0       0     99      0     0
15:56:10  all    98     0    2    0        0       0     98      0     0
15:56:11  all    97     0    3    0        0       0     98      0     0
15:56:12  all    98     0    2    0        0       0     97      0     0
15:56:13  all    99     0    1    0        0       0     99      0     0
15:56:14  all    98     0    2    0        0       0     98      0     0
15:56:15  all   100     0    0    0        0       0    100      0     0
15:56:16  all    98     0    2    0        0       0     98      0     0
15:56:17  all    99     0    1    0        0       0     99      0     0
15:56:18  all    99     0    1    0        0       0     99      0     0
15:56:19  all    99     0    1    0        0       0     99      0     0
15:56:20  all   100     0    0    0        0       0    101      0     0
15:56:21  all   100     0    0    0        0       0     99      0     0
15:56:22  all    99     0    1    0        0       0     99      0     0
15:56:23  all    97     0    3    0        0       0     97      0     0
15:56:24  all   100     0    0    0        0       0    100      0     0
15:56:25  all    99     0    1    0        0       0     99      0     0
15:56:26  all   100     0    0    0        0       0    100      0     0
15:56:27  all    98     0    2    0        0       0     98      0     0
15:56:28  all   100     0    0    0        0       0    100      0     0
15:56:29  all    99     0    1    0        0       0     99      0     0
15:56:30  all    97     0    3    0        0       0     97      0     0
15:56:31  all    98     0    2    0        0       0     98      0     0
15:56:32  all   100     0    0    0        0       0    100      0     0
15:56:33  all    99     0    1    0        0       0    100      0     0
15:56:34  all   100     0    0    0        0       0     99      0     0
15:56:35  all    98     0    2    0        0       0     98      0     0
15:56:36  all   100     0    0    0        0       0    101      0     0
15:56:37  all    99     0    1    0        0       0     98      0     0
15:56:38  all    98     0    2    0        0       0     98      0     0
15:56:39  all   100     0    0    0        0       0    100      0     0
15:56:40  all    99     0    1    0        0       0     99      0     0
15:56:41  all    98     0    2    0        0       0     99      0     0
15:56:42  all    98     0    2    0        0       0     98      0     0
15:56:43  all    99     0    1    0        0       0     98      0     0
15:56:44  all   100     0    0    0        0       0    100      0     0
15:56:45  all    99     0    1    0        0       0     99      0     0
15:56:46  all    99     0    1    0        0       0     99      0     0
15:56:47  all    98     0    2    0        0       0     98      0     0
15:56:48  all   100     0    0    0        0       0    100      0     0
15:56:49  all   100     0    0    0        0       0    100      0     0
15:56:50  all   100     0    0    0        0       0    100      0     0
15:56:51  all   100     0    0    0        0       0    100      0     0
15:56:52  all   100     0    0    0        0       0    100      0     0
15:56:53  all   100     0    0    0        0       0    100      0     0
15:56:54  all   100     0    0    0        0       0    100      0     0
15:56:55  all   100     0    0    0        0       0    100      0     0
15:56:56  all   100     0    0    0        0       0    100      0     0
15:56:57  all    99     0    1    0        0       0    100      0     0
15:56:58  all   100     0    0    0        0       0    100      0     0
15:56:59  all   100     0    0    0        0       0    100      0     0
15:57:00  all   100     0    0    0        0       0    100      0     0
