
itri  4.4.0-87-generic  #110-Ubuntu SMP Tue Jul 18 12:55:35 UTC 2017  x86_64  2018/01/02

-------------------------- analysis date: 2018/01/02 --------------------------

21:01:34  cpu  %usr %nice %sys %irq %softirq  %steal %guest  %wait %idle  _cpu_
21:01:35  all     0     0    0    0        0       1      0      0    99
21:01:36  all     0     0    0    0        0       0      0      0   100
21:01:37  all     0     0    0    0        0       1      0      0    99
21:01:38  all     0     0    0    0        0       0      0      0   100
21:01:39  all     0     0    0    0        0       0      0      0   100
21:01:40  all     0     0    2    0        1       6      0      1    90
21:01:41  all     0     0    0    0        0       4      0      0    96
21:01:42  all     0     0    2    0        0       5      0      0    93
21:01:43  all     0     0    1    0        1       5      0      0    93
21:01:44  all     0     0    0    0        0       5      0      0    95
21:01:45  all     0     0    1    0        0       5      0      0    94
21:01:46  all     0     0    0    0        0       4      0      0    96
21:01:47  all     0     0    0    0        0       5      0      0    95
21:01:48  all     0     0    1    0        1       5      0      0    93
21:01:49  all     0     0    1    0        0       4      0      0    95
21:01:50  all     0     0    2    0        0       6      0      0    92
21:01:51  all     0     0    0    0        0       4      0      0    96
21:01:52  all     0     0    1    0        1       5      0      0    93
21:01:53  all     0     0    1    0        0       4      0      0    95
21:01:54  all     0     0    1    0        0       5      0      0    94
21:01:55  all     0     0    1    0        1       4      0      0    94
21:01:56  all     0     0    0    0        0       5      0      0    95
21:01:57  all     1     0    1    0        0       4      0      0    94
21:01:58  all     0     0    1    0        0       5      0      0    94
21:01:59  all     0     0    1    0        1       5      0      0    93
21:02:00  all     0     0    0    0        0       5      0      0    95
21:02:01  all     0     0    1    0        1       4      0      0    94
21:02:02  all     0     0    0    0        0       5      0      0    95
21:02:03  all     0     0    1    0        0       9      0      0    90
21:02:04  all     0     0    1    0        0       5      0      0    94
21:02:05  all     0     0    2    0        0       5      0      0    93
21:02:06  all     0     0    1    0        0       5      0      0    94
21:02:07  all     0     0    0    0        0       4      0      0    96
21:02:08  all     0     0    1    0        1       4      0      0    94
21:02:09  all     0     0    0    0        0       5      0      0    95
21:02:10  all     0     0    1    0        0       5      0      0    94
21:02:11  all     0     0    2    0        0       5      0      0    93
21:02:12  all     0     0    0    0        0       4      0      0    96
21:02:13  all     0     0    1    0        1       4      0      0    94
21:02:14  all     0     0    1    0        0       5      0      0    94
21:02:15  all     0     0    1    0        0       5      0      0    94
21:02:16  all     0     0    1    0        1       4      0      0    94
21:02:17  all     0     0    1    0        0       5      0      0    94
21:02:18  all     0     0    1    0        0       5      0      0    94
21:02:19  all     0     0    1    0        0       4      0      0    95
21:02:20  all     0     0    1    0        0       6      0      2    91
21:02:21  all     0     0    1    0        0       4      0      0    95
21:02:22  all     0     0    1    0        0       5      0      0    94
21:02:23  all     0     0    0    0        0       5      0      0    95
21:02:24  all     0     0    1    0        0       4      0      0    95
21:02:25  all     0     0    0    0        1       5      0      0    94
21:02:26  all     0     0    1    0        0       4      0      0    95
21:02:27  all     0     0    0    0        0       5      0      0    95
21:02:28  all     0     0    1    0        0       4      0      0    95
21:02:29  all     0     0    1    0        0       5      0      0    94
21:02:30  all     0     0    1    0        0       5      0      0    94
21:02:31  all     0     0    1    0        0       4      0      0    95
21:02:32  all     0     0    0    0        0       5      0      0    95
21:02:33  all     0     0    0    0        0       5      0      0    95
21:02:34  all     0     0    1    0        0       4      0      0    95
21:02:35  all     0     0    1    0        0       4      0      0    95
21:02:36  all     0     0    1    0        0       5      0      0    94
21:02:37  all     0     0    1    0        0       5      0      0    94
21:02:38  all     0     0    1    0        1       4      0      0    94
21:02:39  all     0     0    1    0        0       5      0      0    94
21:02:40  all     0     0    2    0        0       5      0      0    93
21:02:41  all     0     0    1    0        0       4      0      0    95
21:02:42  all     0     0    1    0        0       5      0      0    94
21:02:43  all     0     0    1    0        0       5      0      0    94
21:02:44  all     0     0    0    0        1       5      0      0    94
21:02:45  all     0     0    2    0        0       4      0      0    94
21:02:46  all     0     0    2    0        0       5      0      0    93
21:02:47  all     0     0    1    0        0       4      0      0    95
21:02:48  all     0     0    2    0        0       5      0      0    93
21:02:49  all     0     0    0    0        0       5      0      0    95
21:02:50  all     0     0    0    0        0       4      0      0    96
21:02:51  all     0     0    1    0        0       5      0      0    94
21:02:52  all     0     0    1    0        0       5      0      0    94
21:02:53  all     0     0    1    0        0       4      0      0    95
21:02:54  all     0     0    1    0        0       5      0      0    94
21:02:55  all     0     0    2    0        0       5      0      0    93
21:02:56  all     0     0    1    0        2       6      0      0    91
21:02:57  all     0     0    0    0        0       4      0      0    96
21:02:58  all     0     0    1    0        1       4      0      0    94
21:02:59  all     0     0    1    0        0       5      0      0    94
21:03:00  all     0     0    1    0        0       5      0      0    94
21:03:01  all     0     0    2    0        1       5      0      0    92
21:03:02  all     0     0    1    0        0       5      0      0    94
21:03:03  all     0     0    1    0        0       5      0      0    94
21:03:04  all     0     0    0    0        0       5      0      0    95
21:03:05  all     1     0    0    0        0       5      0      0    94
21:03:06  all     0     0    1    0        0       5      0      0    94
21:03:07  all     0     0    1    0        0       4      0      0    95
21:03:08  all     0     0    1    0        0       5      0      0    94
21:03:09  all     0     0    1    0        0       5      0      0    94
21:03:10  all     0     0    0    0        0       5      0      0    95
21:03:11  all     0     0    1    0        0       5      0      0    94
21:03:12  all     0     0    0    0        1       5      0      0    94
21:03:13  all     0     0    0    0        0       4      0      0    96
21:03:14  all     0     0    0    0        0       5      0      0    95
21:03:15  all     0     0    0    0        1       5      0      0    94
21:03:16  all     0     0    2    0        0       5      0      0    93
21:03:17  all     0     0    0    0        1       5      0      0    94
21:03:18  all     0     0    0    0        0       5      0      0    95
21:03:19  all     0     0    0    0        0       5      0      0    95
21:03:20  all     0     0    1    0        0       5      0      0    94
21:03:21  all     0     0    1    0        0       4      0      0    95
21:03:22  all     0     0    0    0        0       5      0      0    95
21:03:23  all     0     0    1    0        0       5      0      0    94
21:03:24  all     0     0    0    0        0       5      0      0    95
21:03:25  all     0     0    1    0        0       4      0      0    95
21:03:26  all     0     0    0    0        0       5      0      0    95
21:03:27  all     0     0    0    0        0       5      0      0    95
21:03:28  all     0     0    1    0        0       5      0      0    94
21:03:29  all     0     0    2    0        0       4      0      0    94
21:03:30  all     0     0    0    0        1       6      0      0    93
21:03:31  all     0     0    1    0        0       4      0      0    95
21:03:32  all     1     0    1    0        0       4      0      0    94
21:03:33  all     0     0    1    0        0       6      0      0    93
21:03:34  all     0     0    1    0        0       4      0      0    95
21:03:35  all     0     0    1    0        0       5      0      0    94
21:03:36  all     0     0    0    0        0       5      0      0    95
21:03:37  all     0     0    2    0        0       5      0      0    93
21:03:38  all     0     0    1    0        0       5      0      0    94
21:03:39  all     0     0    1    0        1       4      0      0    94
21:03:40  all     0     0    0    0        0       2      0      0    98
21:03:41  all     0     0    0    0        0       0      0      0   100
21:03:42  all     0     0    0    0        0       0      0      0   100
21:03:43  all     0     0    0    0        0       0      0      0   100
21:03:44  all     0     0    0    0        0       1      0      0    99
