
o41  4.10.0-40-generic  #44~16.04.1-Ubuntu SMP Thu Nov 9 15:37:44 UTC 2017  x86_64  2017/11/27

-------------------------- analysis date: 2017/11/27 --------------------------

13:18:55  cpu  %usr %nice %sys %irq %softirq  %steal %guest  %wait %idle  _cpu_
13:18:56  all     0     0    0    0        0       0      0      0   100
13:18:57  all     0     0    0    0        0       0      0      0   100
13:18:58  all     0     0    0    0        0       0      0      0   100
13:18:59  all     0     0    0    0        0       0      0      0   100
13:19:00  all     0     0    0    0        0       0      0      0   100
13:19:01  all     0     0    0    0        0       0      0      0   100
13:19:02  all     0     0    0    0        0       0      0      0   100
13:19:03  all     0     0    0    0        0       0      0      0   100
13:19:04  all     5     0   31    0        1       0      5      0    63
13:19:05  all     7     0   87    0        5       0      6      0     1
13:19:06  all     7     0   89    0        3       0      8      0     1
13:19:07  all     4     0   89    0        7       0      4      0     0
13:19:08  all     6     0   87    0        6       0      5      0     1
13:19:09  all     5     0   85    0        9       0      6      0     1
13:19:10  all     5     0   88    0        7       0      5      0     0
13:19:11  all     6     0   91    0        3       0      6      0     0
13:19:12  all     5     0   90    0        4       0      4      0     1
13:19:13  all     5     0   89    0        6       0      6      0     0
13:19:14  all     7     0   88    0        4       0      6      0     1
13:19:15  all     7     0   86    0        7       0      8      0     0
13:19:16  all     7     0   87    0        5       0      7      0     1
13:19:17  all     6     0   89    0        4       0      6      0     1
13:19:18  all     5     0   89    0        6       0      5      0     0
13:19:19  all     6     0   86    0        8       0      6      0     0
13:19:20  all     4     0   90    0        5       0      3      0     1
13:19:21  all     4     0   89    0        6       0      5      0     1
13:19:22  all     6     0   88    0        5       0      5      0     1
13:19:23  all     6     0   87    0        6       0      7      0     1
13:19:24  all     5     0   90    0        5       0      5      0     0
13:19:25  all    10     0   86    0        4       0     10      0     0
13:19:26  all     7     0   87    0        6       0      7      0     0
13:19:27  all     5     0   88    0        6       0      4      0     1
13:19:28  all     8     0   84    0        6       0      8      0     2
13:19:29  all     6     0   87    0        5       0      6      0     2
13:19:30  all     8     0   86    0        5       0      9      0     1
13:19:31  all    11     0   86    0        3       0     10      0     0
13:19:32  all    10     0   82    0        7       0     10      0     1
13:19:33  all     8     0   87    0        5       0      9      0     0
13:19:34  all     6     0   88    0        5       0      6      0     1
13:19:35  all     8     0   86    0        6       0      7      0     0
13:19:36  all     5     0   90    0        4       0      6      0     1
13:19:37  all     9     0   88    0        3       0      9      0     0
13:19:38  all     7     0   83    0        9       0      6      0     1
13:19:39  all     5     0   91    0        4       0      6      0     0
13:19:40  all     7     0   87    0        6       0      6      0     0
13:19:41  all     7     0   87    0        5       0      8      0     1
13:19:42  all     8     0   88    0        3       0      7      0     1
13:19:43  all     8     0   87    0        5       0      9      0     0
13:19:44  all     7     0   86    0        7       0      6      0     0
13:19:45  all     7     0   88    0        4       0      8      0     1
13:19:46  all    10     0   86    0        4       0      9      0     0
13:19:47  all     6     0   91    0        2       0      6      0     1
13:19:48  all     6     0   89    0        5       0      7      0     0
13:19:49  all     9     0   85    0        5       0      8      0     1
13:19:50  all     6     0   90    0        3       0      6      0     1
13:19:51  all     5     0   91    0        4       0      6      0     0
13:19:52  all     8     0   86    0        5       0      7      0     1
13:19:53  all     5     0   91    0        4       0      5      0     0
13:19:54  all     7     0   87    0        5       0      7      0     1
13:19:55  all     5     0   89    0        6       0      5      0     0
13:19:56  all     6     0   88    0        5       0      6      0     1
13:19:57  all     6     0   89    0        4       0      6      0     1
13:19:58  all     7     0   88    0        5       0      7      0     0
13:19:59  all     6     0   88    0        6       0      6      0     0
13:20:00  all     7     0   87    0        5       0      7      0     1
13:20:01  all     7     0   88    0        4       0      8      0     1
13:20:02  all     4     0   91    0        5       0      4      0     0
13:20:03  all     6     0   90    0        3       0      5      0     1
13:20:04  all     6     0   88    0        5       0      6      0     1
13:20:05  all     8     0   87    0        5       0      8      0     0
13:20:06  all     5     0   87    0        7       0      5      0     1
13:20:07  all     9     0   85    0        5       0      9      0     1
13:20:08  all     7     0   86    0        7       0      7      0     0
13:20:09  all     9     0   85    0        5       0     10      0     1
13:20:10  all     6     0   88    0        6       0      5      0     0
13:20:11  all     7     0   87    0        5       0      7      0     1
13:20:12  all     4     0   91    0        5       0      4      0     0
13:20:13  all     7     0   87    0        6       0      7      0     0
13:20:14  all     6     0   88    0        6       0      5      0     0
13:20:15  all     4     0   89    0        6       0      5      0     1
13:20:16  all     6     0   89    0        5       0      6      0     0
13:20:17  all     8     0   86    0        6       0      8      0     0
13:20:18  all     6     0   87    0        6       0      6      0     1
13:20:19  all     6     0   90    0        4       0      6      0     0
13:20:20  all     6     0   88    0        6       0      6      0     0
13:20:21  all     5     0   90    0        5       0      5      0     0
13:20:22  all     8     0   84    0        8       0      8      0     0
13:20:23  all     4     0   89    0        6       0      4      0     1
13:20:24  all     8     0   86    0        6       0      7      0     0
13:20:25  all     7     0   89    0        3       0      7      0     1
13:20:26  all     6     0   85    0        5       0      6      0     4
13:20:27  all     6     0   85    0        6       0      6      0     3
13:20:28  all     6     0   85    0        7       0      6      0     2
13:20:29  all     6     0   88    0        5       0      7      0     1
13:20:30  all     8     0   86    0        5       0      8      0     1
13:20:31  all     6     0   90    0        3       0      6      0     1
13:20:32  all     8     0   88    0        4       0      7      0     0
13:20:33  all     4     0   90    0        6       0      5      0     0
13:20:34  all     7     0   88    0        4       0      7      0     1
13:20:35  all     7     0   83    0        7       0      6      0     3
13:20:36  all     6     0   86    0        5       0      6      0     3
13:20:37  all     8     0   86    0        5       0      8      0     1
13:20:38  all     6     0   88    0        5       0      6      0     1
13:20:39  all     7     0   88    0        4       0      8      0     1
13:20:40  all     5     0   86    0        8       0      5      0     1
13:20:41  all     8     0   88    0        4       0      7      0     0
13:20:42  all     6     0   87    0        6       0      6      0     1
13:20:43  all     8     0   87    0        4       0      8      0     1
13:20:44  all     6     0   89    0        4       0      7      0     1
13:20:45  all     8     0   86    0        6       0      8      0     0
13:20:46  all     7     0   86    0        6       0      6      0     1
13:20:47  all     7     0   87    0        6       0      8      0     0
13:20:48  all     6     0   86    0        7       0      5      0     1
13:20:49  all     7     0   86    0        6       0      8      0     1
13:20:50  all     5     0   88    0        7       0      4      0     0
13:20:51  all     6     0   89    0        4       0      7      0     1
13:20:52  all     8     0   85    0        6       0      7      0     1
13:20:53  all     6     0   90    0        4       0      7      0     0
13:20:54  all     7     0   86    0        6       0      6      0     1
13:20:55  all     6     0   90    0        4       0      6      0     0
13:20:56  all     7     0   86    0        6       0      8      0     1
13:20:57  all     8     0   87    0        5       0      7      0     0
13:20:58  all     8     0   86    0        5       0      8      0     1
13:20:59  all     6     0   89    0        5       0      7      0     0
13:21:00  all     6     0   88    0        6       0      5      0     0
13:21:01  all     8     0   87    0        4       0      9      0     1
13:21:02  all     7     0   86    0        7       0      6      0     0
13:21:03  all     7     0   85    0        7       0      7      0     1
13:21:04  all     6     0   59    0        3       0      6      0    32
13:21:05  all     0     0    0    0        0       0      0      0   100
13:21:06  all     3     0    6    0        0       0      0      0    91
13:21:07  all     0     0    1    0        0       0      0      0    99
13:21:08  all     0     0    0    0        0       0      0      0   100
13:21:09  all     1     0    0    0        0       0      0      0    99
13:21:10  all     0     0    1    0        0       0      1      0    99
13:21:11  all     0     0    0    0        0       0      0      0   100
13:21:12  all     0     0    1    0        0       0      0      1    98
13:21:13  all     1     0    0    0        0       0      0      0    99
13:21:14  all     0     0    0    0        0       0      0      0   100
13:21:15  all     0     0    1    0        0       0      0      0    99
13:21:16  all     0     0    0    0        0       0      0      0   100
13:21:17  all     0     0    0    0        0       0      0      0   100
