
o41  4.14.3  #1 SMP Sat Dec 2 23:29:58 EST 2017  x86_64  2017/12/03

-------------------------- analysis date: 2017/12/03 --------------------------

17:07:45  cpu  %usr %nice %sys %irq %softirq  %steal %guest  %wait %idle  _cpu_
17:07:46  all     0     0    0    0        0       0      0      0   100
17:07:47  all     0     0    0    0        0       0      1      0   100
17:07:48  all     0     0    0    0        0       0      0      0   100
17:07:49  all     1     0    0    0        0       0      0      0    99
17:07:50  all     0     0    0    0        0       0      0      1    99
17:07:51  all     0     0    0    0        0       0      0      0   100
17:07:52  all     0     0    0    0        0       0      0      0   100
17:07:53  all     0     0    0    0        0       0      1      0   100
17:07:54  all     1     0    1    0        0       0      0      0    98
17:07:55  all    18     0    9    0        6       0     11      0    66
17:07:56  all    20     0   23    0        3       0     12      0    53
17:07:57  all    23     0   23    0        3       0     11      0    51
17:07:58  all    26     0   18    0        5       0     13      0    51
17:07:59  all    26     0   20    0        6       0     12      0    48
17:08:00  all    20     0   22    0        7       0     11      1    51
17:08:01  all    22     0   23    0        8       0     10      0    47
17:08:02  all    20     0   19    0        7       0      9      0    55
17:08:03  all    22     0   19    0        7       0     14      0    53
17:08:04  all    26     0   18    0        3       0     11      0    53
17:08:05  all    20     0   20    0        9       0     12      0    51
17:08:06  all    22     0   23    0        5       0     14      1    49
17:08:07  all    22     0   20    0        6       0     10      0    52
17:08:08  all    23     0   18    0        7       0     14      0    51
17:08:09  all    29     0   16    0        5       0     15      0    49
17:08:10  all    26     0   17    0        6       0     13      0    51
17:08:11  all    27     0   19    0        5       0     13      0    49
17:08:12  all    23     0   22    0        5       0     12      0    49
17:08:13  all    27     0   20    0        4       0     11      0    49
17:08:14  all    25     0   19    0        4       0     15      0    52
17:08:15  all    26     0   17    0        6       0     13      0    51
17:08:16  all    21     0   23    0        7       0     10      0    49
17:08:17  all    26     0   21    0        3       0     11      0    49
17:08:18  all    26     0   18    0        6       0     13      0    49
17:08:19  all    24     0   20    0        7       0     16      0    48
17:08:20  all    26     0   16    0        9       0     14      0    49
17:08:21  all    25     0   20    0        4       0     11      0    51
17:08:22  all    27     0   18    0        5       0     15      0    49
17:08:23  all    28     0   17    0        3       0     19      0    52
17:08:24  all    27     0   15    0        7       0     16      0    51
17:08:25  all    20     0   18    0        9       0     10      0    53
17:08:26  all    23     0   19    0        5       0     10      0    53
17:08:27  all    23     0   18    0        3       0     11      0    55
17:08:28  all    21     0   18    0        7       0     12      0    54
17:08:29  all    20     0   20    0        6       0     14      0    53
17:08:30  all    24     0   16    0        7       0     12      0    53
17:08:31  all    26     0   16    0        5       0     14      0    52
17:08:32  all    27     0   16    0        3       0     14      0    53
17:08:33  all    19     0   24    0        3       0     10      0    53
17:08:34  all    23     0   18    0        7       0     14      0    52
17:08:35  all    28     0   17    0        7       0     14      0    48
17:08:36  all    27     0   22    0        6       0     14      0    45
17:08:37  all    22     0   23    0        5       0     13      0    49
17:08:38  all    25     0   18    0        7       0     14      0    50
17:08:39  all    22     0   22    0        3       0     11      0    53
17:08:40  all    24     0   19    0        6       0     10      0    51
17:08:41  all    24     0   20    0        4       0     14      0    52
17:08:42  all    24     0   17    0        5       0     10      0    55
17:08:43  all    25     0   20    0        5       0     17      0    49
17:08:44  all    26     0   16    0        3       0     12      0    55
17:08:45  all    26     0   18    0        3       0     11      0    53
17:08:46  all    20     0   24    0        6       0     10      0    50
17:08:47  all    22     0   24    0        3       0     13      0    51
17:08:48  all    25     0   20    0        7       0     11      0    48
17:08:49  all    24     0   19    0        7       0     13      0    49
17:08:50  all    27     0   17    0        9       0     12      0    47
17:08:51  all    22     0   22    0        8       0     15      0    48
17:08:52  all    23     0   20    0        7       0     14      0    49
17:08:53  all    27     0   22    0        4       0     14      0    47
17:08:54  all    22     0   21    0        8       0     10      0    49
17:08:55  all    23     0   15    0       13       0     14      0    49
17:08:56  all    26     0   20    0        3       0      9      0    51
17:08:57  all    26     0   14    0        9       0     15      0    51
17:08:58  all    25     0   21    0        5       0     10      0    49
17:08:59  all    27     0   16    0        6       0     15      0    51
17:09:00  all    26     0   20    0        3       0     12      0    51
17:09:01  all    27     0   17    0        6       0     15      0    50
17:09:02  all    28     0   17    0        4       0     15      0    51
17:09:03  all    23     0   19    0        8       0     12      0    51
17:09:04  all    21     0   26    0        3       0     11      1    49
17:09:05  all    28     0   16    0        6       0     15      0    50
17:09:06  all    24     0   17    0        6       0     16      0    53
17:09:07  all    28     0   16    0        4       0     11      0    52
17:09:08  all    26     0   20    0        4       0     13      0    50
17:09:09  all    27     0   19    0        5       0     14      0    48
17:09:10  all    22     0   22    0        5       0     13      0    50
17:09:11  all    22     0   24    0        3       0     10      0    51
17:09:12  all    23     0   19    0        3       0     11      0    55
17:09:13  all    22     0   19    0        6       0     11      0    53
17:09:14  all    22     0   20    0        5       0     13      0    53
17:09:15  all    27     0   16    0        4       0     13      0    53
17:09:16  all    22     0   19    0        5       0     12      0    55
17:09:17  all    21     0   24    0        5       0      8      0    49
17:09:18  all    26     0   21    0        5       0     12      0    47
17:09:19  all    25     0   23    0        5       0     13      0    47
17:09:20  all    24     0   22    0        5       0     13      0    49
17:09:21  all    23     0   19    0        6       0     13      0    52
17:09:22  all    20     0   21    0        7       0     11      0    53
17:09:23  all    22     0   20    0        4       0     12      0    53
17:09:24  all    19     0   22    0        7       0     11      0    52
17:09:25  all    21     0   17    0        8       0      8      0    54
17:09:26  all    19     0   26    0        5       0      8      0    49
17:09:27  all    25     0   22    0        6       0     13      0    47
17:09:28  all    25     0   18    0        8       0     11      0    49
17:09:29  all    21     0   20    0        9       0     11      0    50
17:09:30  all    22     0   22    0        6       0     13      0    49
17:09:31  all    22     0   21    0        7       0     12      0    49
17:09:32  all    24     0   19    0        5       0     13      0    52
17:09:33  all    24     0   18    0        8       0     11      0    50
17:09:34  all    24     0   20    0        7       0     14      0    49
17:09:35  all    25     0   17    0        8       0     11      0    50
17:09:36  all    22     0   20    0        7       0     11      0    51
17:09:37  all    26     0   15    0       10       0     11      0    49
17:09:38  all    24     0   21    0        4       0     16      0    50
17:09:39  all    26     0   18    0        9       0     13      0    48
17:09:40  all    29     0   16    0        4       0     15      0    50
17:09:41  all    23     0   24    0        5       0     13      0    47
17:09:42  all    25     0   19    0        4       0     16      0    52
17:09:43  all    27     0   17    0        5       0     14      0    50
17:09:44  all    25     0   20    0        4       0     13      1    49
17:09:45  all    24     0   17    0        9       0     13      0    50
17:09:46  all    25     0   20    0        4       0     12      0    51
17:09:47  all    25     0   20    0        4       0     11      0    51
17:09:48  all    21     0   18    0        9       0     10      0    53
17:09:49  all    27     0   18    0        4       0     14      0    50
17:09:50  all    28     0   19    0        5       0     11      0    48
17:09:51  all    29     0   22    0        7       0     15      0    42
17:09:52  all    30     0   22    0        6       0     12      0    42
17:09:53  all    23     0   21    0        7       0     13      0    48
17:09:54  all    24     0   19    0        8       0     13      0    49
17:09:55  all    11     0    5    0        4       0      7      0    80
17:09:56  all     0     0    1    0        0       0      0      0    99
17:09:57  all     0     0    0    0        0       0      0      0   100
17:09:58  all     1     0    0    0        0       0      0      0    99
17:09:59  all     0     0    0    0        0       0      0      0   100
17:10:00  all     1     0    0    0        0       0      0      1    98
17:10:01  all     1     0    0    0        0       0      0      0    99
17:10:02  all     0     0    0    0        0       0      0      0   100
17:10:03  all     0     0    0    0        0       0      0      0   100
17:10:04  all     0     0    1    0        0       0      0      0    99
