
o41  4.10.0-42-generic  #46~16.04.1-Ubuntu SMP Mon Dec 4 15:57:59 UTC 2017  x86_64  2017/12/28

-------------------------- analysis date: 2017/12/28 --------------------------

15:23:10  cpu  %usr %nice %sys %irq %softirq  %steal %guest  %wait %idle  _cpu_
15:23:11  all   100     0    0    0        0       0    100      0     0
15:23:12  all   100     0    0    0        0       0    100      0     0
15:23:13  all   100     0    0    0        0       0    100      0     0
15:23:14  all    98     0    2    0        0       0     98      0     0
15:23:15  all   100     0    0    0        0       0    100      0     0
15:23:16  all   100     0    0    0        0       0    100      0     0
15:23:17  all    99     0    1    0        0       0     99      0     0
15:23:18  all   100     0    0    0        0       0    100      0     0
15:23:19  all    99     0    1    0        0       0     99      0     0
15:23:20  all    98     0    2    0        0       0     97      0     0
15:23:21  all   100     0    0    0        0       0    100      0     0
15:23:22  all    98     0    2    0        0       0     98      0     0
15:23:23  all    98     0    2    0        0       0     98      0     0
15:23:24  all    98     0    2    0        0       0     99      0     0
15:23:25  all    98     0    2    0        0       0     97      0     0
15:23:26  all    98     0    2    0        0       0     98      0     0
15:23:27  all    98     0    2    0        0       0     99      0     0
15:23:28  all    97     0    3    0        0       0     97      0     0
15:23:29  all    97     0    3    0        0       0     96      0     0
15:23:30  all    97     0    3    0        0       0     98      0     0
15:23:31  all    98     0    2    0        0       0     98      0     0
15:23:32  all    98     0    2    0        0       0     98      0     0
15:23:33  all    99     0    1    0        0       0     98      0     0
15:23:34  all    99     0    1    0        0       0    100      0     0
15:23:35  all    99     0    1    0        0       0     98      0     0
15:23:36  all    98     0    2    0        0       0     98      0     0
15:23:37  all    98     0    2    0        0       0     98      0     0
15:23:38  all    98     0    2    0        0       0     98      0     0
15:23:39  all    97     0    3    0        0       0     98      0     0
15:23:40  all    99     0    1    0        0       0     98      0     0
15:23:41  all    96     0    4    0        0       0     96      0     0
15:23:42  all   100     0    0    0        0       0    100      0     0
15:23:43  all    98     0    2    0        0       0     98      0     0
15:23:44  all    99     0    1    0        0       0    100      0     0
15:23:45  all    96     0    4    0        0       0     96      0     0
15:23:46  all    99     0    1    0        0       0     98      0     0
15:23:47  all    98     0    2    0        0       0     98      0     0
15:23:48  all    98     0    2    0        0       0     99      0     0
15:23:49  all    98     0    2    0        0       0     97      0     0
15:23:50  all    97     0    3    0        0       0     97      0     0
15:23:51  all    97     0    3    0        0       0     97      0     0
15:23:52  all    98     0    2    0        0       0     98      0     0
15:23:53  all    98     0    2    0        0       0     98      0     0
15:23:54  all    99     0    1    0        0       0     99      0     0
15:23:55  all    96     0    4    0        0       0     97      0     0
15:23:56  all    99     0    1    0        0       0     98      0     0
15:23:57  all    97     0    3    0        0       0     98      0     0
15:23:58  all    99     0    1    0        0       0     98      0     0
15:23:59  all    96     0    4    0        0       0     96      0     0
15:24:00  all   100     0    0    0        0       0    100      0     0
15:24:01  all    99     0    1    0        0       0    100      0     0
15:24:02  all    98     0    2    0        0       0     98      0     0
15:24:03  all    99     0    1    0        0       0     98      0     0
15:24:04  all    99     0    1    0        0       0     99      0     0
15:24:05  all    97     0    3    0        0       0     97      0     0
15:24:06  all    98     0    2    0        0       0     98      0     0
15:24:07  all    98     0    2    0        0       0     98      0     0
15:24:08  all    97     0    3    0        0       0     97      0     0
15:24:09  all    98     0    2    0        0       0     99      0     0
15:24:10  all    99     0    1    0        0       0     98      0     0
15:24:11  all    99     0    1    0        0       0     99      0     0
15:24:12  all    98     0    2    0        0       0     98      0     0
15:24:13  all   100     0    0    0        0       0    100      0     0
15:24:14  all    99     0    1    0        0       0     99      0     0
15:24:15  all    99     0    1    0        0       0     99      0     0
15:24:16  all    99     0    1    0        0       0     99      0     0
15:24:17  all    97     0    3    0        0       0     97      0     0
15:24:18  all    97     0    3    0        0       0     97      0     0
15:24:19  all    97     0    3    0        0       0     98      0     0
15:24:20  all    99     0    1    0        0       0     98      0     0
15:24:21  all    97     0    3    0        0       0     97      0     0
15:24:22  all    97     0    3    0        0       0     97      0     0
15:24:23  all    98     0    2    0        0       0     98      0     0
15:24:24  all    98     0    2    0        0       0     98      0     0
15:24:25  all    97     0    3    0        0       0     98      0     0
15:24:26  all    98     0    2    0        0       0     98      0     0
15:24:27  all    99     0    1    0        0       0     98      0     0
15:24:28  all    99     0    1    0        0       0    100      0     0
15:24:29  all    99     0    1    0        0       0     98      0     0
15:24:30  all    99     0    1    0        0       0    100      0     0
15:24:31  all    99     0    1    0        0       0     98      0     0
15:24:32  all    97     0    3    0        0       0     98      0     0
15:24:33  all    99     0    1    0        0       0     98      0     0
15:24:34  all    98     0    2    0        0       0     98      0     0
15:24:35  all    98     0    2    0        0       0     98      0     0
15:24:36  all    98     0    2    0        0       0     98      0     0
15:24:37  all    98     0    2    0        0       0     98      0     0
15:24:38  all    99     0    1    0        0       0    100      0     0
15:24:39  all    99     0    1    0        0       0     98      0     0
15:24:40  all    95     0    5    0        0       0     96      0     0
15:24:41  all    99     0    1    0        0       0     98      0     0
15:24:42  all    98     0    2    0        0       0     98      0     0
15:24:43  all    98     0    2    0        0       0     98      0     0
15:24:44  all    99     0    1    0        0       0    100      0     0
15:24:45  all    97     0    3    0        0       0     96      0     0
15:24:46  all   100     0    0    0        0       0    100      0     0
15:24:47  all    99     0    1    0        0       0     99      0     0
15:24:48  all    97     0    3    0        0       0     97      0     0
15:24:49  all    99     0    1    0        0       0    100      0     0
15:24:50  all    98     0    2    0        0       0     98      0     0
15:24:51  all    99     0    1    0        0       0     98      0     0
15:24:52  all    97     0    3    0        0       0     97      0     0
15:24:53  all    98     0    2    0        0       0     99      0     0
15:24:54  all    97     0    3    0        0       0     96      0     0
15:24:55  all    98     0    2    0        0       0     98      0     0
15:24:56  all    98     0    2    0        0       0     98      0     0
15:24:57  all    98     0    2    0        0       0     98      0     0
15:24:58  all    98     0    2    0        0       0     98      0     0
15:24:59  all    97     0    3    0        0       0     97      0     0
15:25:00  all    99     0    1    0        0       0     99      0     0
15:25:01  all    96     0    4    0        0       0     96      0     0
15:25:02  all    98     0    2    0        0       0     98      0     0
15:25:03  all    97     0    3    0        0       0     98      0     0
15:25:04  all    99     0    1    0        0       0     98      0     0
15:25:05  all    97     0    3    0        0       0     98      0     0
15:25:06  all    98     0    2    0        0       0     98      0     0
15:25:07  all    99     0    1    0        0       0     98      0     0
15:25:08  all    98     0    2    0        0       0     98      0     0
15:25:09  all    97     0    3    0        0       0     98      0     0
15:25:10  all    97     0    3    0        0       0     96      0     0
15:25:11  all    99     0    1    0        0       0     99      0     0
15:25:12  all    95     0    5    0        0       0     95      0     0
15:25:13  all    98     0    2    0        0       0     98      0     0
15:25:14  all    98     0    2    0        0       0     98      0     0
15:25:15  all    97     0    3    0        0       0     97      0     0
15:25:16  all    98     0    2    0        0       0     98      0     0
15:25:17  all    97     0    3    0        0       0     97      0     0
15:25:18  all    99     0    1    0        0       0     99      0     0
15:25:19  all    97     0    3    0        0       0     97      0     0
15:25:20  all   100     0    0    0        0       0     99      0     0
15:25:21  all   100     0    0    0        0       0    100      0     0
15:25:22  all   100     0    0    0        0       0    100      0     0
15:25:23  all   100     0    0    0        0       0     99      0     0
15:25:24  all   100     0    0    0        0       0     99      0     0
15:25:25  all    99     0    1    0        0       0     99      0     0
15:25:26  all   100     0    0    0        0       0    100      0     0
15:25:27  all    99     0    1    0        0       0     99      0     0
