
o41  4.10.0-42-generic  #46~16.04.1-Ubuntu SMP Mon Dec 4 15:57:59 UTC 2017  x86_64  2017/12/26

-------------------------- analysis date: 2017/12/26 --------------------------

17:21:03  cpu  %usr %nice %sys %irq %softirq  %steal %guest  %wait %idle  _cpu_
17:21:04  all     0     0    0    0        0       0      0      0   100
17:21:05  all     0     0    1    0        0       0      0      0    99
17:21:06  all     0     0    0    0        0       0      0      0   100
17:21:07  all     0     0    0    0        0       0      0      0   100
17:21:08  all     0     0    1    0        0       0      0      0    99
17:21:09  all     0     0    1    0        2       0      0      0    97
17:21:10  all     0     0    0    0        0       0      0      0   100
17:21:11  all     0     0    0    0        2       0      0      0    98
17:21:12  all     0     0    2    0        4       0      0      0    94
17:21:13  all     0     0    0    0        1       0      0      0    99
17:21:14  all     0     0    2    0        1       0      0      0    97
17:21:15  all     0     0    2    0        1       0      0      0    97
17:21:16  all     0     0    0    0        2       0      0      0    98
17:21:17  all     0     0    0    0        1       0      0      0    99
17:21:18  all     0     0    0    0        0       0      0      0   100
17:21:19  all     0     0    1    0        0       0      0      0    99
17:21:20  all     0     0    1    0        1       0      0      0    98
17:21:21  all     0     0    1    0        1       0      0      0    98
17:21:22  all     0     0    0    0        0       0      0      0   100
17:21:23  all     0     0    1    0        1       0      0      0    98
17:21:24  all     0     0    1    0        3       0      0      0    96
17:21:25  all     0     0    1    0        1       0      0      0    98
17:21:26  all     0     0    0    0        0       0      0      0   100
17:21:27  all     0     0    1    0        1       0      0      0    98
17:21:28  all     0     0    1    0        0       0      0      0    99
17:21:29  all     0     0    0    0        1       0      0      0    99
17:21:30  all     0     0    0    0        0       0      0      0   100
17:21:31  all     0     0    1    0        1       0      0      0    98
17:21:32  all     0     0    1    0        0       0      0      0    99
17:21:33  all     0     0    1    0        0       0      0      0    99
17:21:34  all     1     0    1    0        1       0      0      0    97
17:21:35  all     0     0    0    0        0       0      0      0   100
17:21:36  all     0     0    2    0        1       0      0      0    97
17:21:37  all     0     0    0    0        0       0      0      0   100
17:21:38  all     0     0    2    0        0       0      0      0    98
17:21:39  all     0     0    1    0        0       0      0      0    99
17:21:40  all     0     0    1    0        1       0      0      0    98
17:21:41  all     0     0    1    0        1       0      0      0    98
17:21:42  all     0     0    1    0        0       0      0      0    99
17:21:43  all     0     0    2    0        0       0      0      0    98
17:21:44  all     0     0    0    0        2       0      0      0    98
17:21:45  all     0     0    0    0        0       0      0      0   100
17:21:46  all     0     0    2    0        0       0      0      0    98
17:21:47  all     0     0    2    0        1       0      0      0    97
17:21:48  all     0     0    2    0        1       0      0      0    97
17:21:49  all     0     0    1    0        0       0      0      0    99
17:21:50  all     0     0    1    0        0       0      0      0    99
17:21:51  all     0     0    2    0        5       0      0      0    93
17:21:52  all     0     0    1    0        1       0      0      0    98
17:21:53  all     0     0    0    0        1       0      0      0    99
17:21:54  all     0     0    0    0        0       0      0      0   100
17:21:55  all     0     0    0    0        1       0      0      0    99
17:21:56  all     0     0    1    0        1       0      0      0    98
17:21:57  all     0     0    2    0        0       0      0      0    98
17:21:58  all     0     0    1    0        1       0      0      0    98
17:21:59  all     0     0    2    0        2       0      0      0    96
17:22:00  all     0     0    1    0        2       0      0      0    97
17:22:01  all     0     0    1    0        1       0      0      0    98
17:22:02  all     0     0    1    0        0       0      0      0    99
17:22:03  all     0     0    2    0        1       0      0      0    97
17:22:04  all     0     0    0    0        2       0      0      0    98
17:22:05  all     0     0    0    0        1       0      0      0    99
17:22:06  all     0     0    0    0        2       0      0      0    98
17:22:07  all     0     0    1    0        2       0      0      0    97
17:22:08  all     0     0    1    0        1       0      0      0    98
17:22:09  all     0     0    0    0        1       0      0      0    99
17:22:10  all     0     0    0    0        0       0      0      0   100
17:22:11  all     0     0    0    0        1       0      0      0    99
17:22:12  all     0     0    1    0        2       0      0      0    97
17:22:13  all     0     0    0    0        0       0      0      0   100
17:22:14  all     1     0    1    0        1       0      0      0    97
17:22:15  all     0     0    1    0        0       0      0      0    99
17:22:16  all     0     0    1    0        2       0      0      0    97
17:22:17  all     0     0    0    0        1       0      0      0    99
17:22:18  all     0     0    1    0        1       0      0      0    98
17:22:19  all     0     0    0    0        1       0      0      0    99
17:22:20  all     0     0    0    0        1       0      0      0    99
17:22:21  all     0     0    0    0        1       0      0      0    99
17:22:22  all     0     0    1    0        3       0      0      0    96
17:22:23  all     0     0    1    0        1       0      0      0    98
17:22:24  all     0     0    2    0        0       0      0      0    98
17:22:25  all     0     0    1    0        1       0      0      0    98
17:22:26  all     0     0    0    0        0       0      0      0   100
17:22:27  all     0     0    0    0        2       0      0      0    98
17:22:28  all     0     0    0    0        3       0      0      0    97
17:22:29  all     0     0    0    0        0       0      0      0   100
17:22:30  all     0     0    0    0        1       0      0      0    99
17:22:31  all     0     0    1    0        0       0      0      0    99
17:22:32  all     0     0    1    0        1       0      0      0    98
17:22:33  all     0     0    2    0        0       0      0      0    98
17:22:34  all     0     0    0    0        2       0      0      0    98
17:22:35  all     0     0    0    0        0       0      0      0   100
17:22:36  all     1     0    0    0        1       0      0      0    98
17:22:37  all     0     0    1    0        0       0      0      0    99
17:22:38  all     0     0    1    0        1       0      0      0    98
17:22:39  all     0     0    1    0        2       0      0      0    97
17:22:40  all     0     0    1    0        1       0      0      0    98
17:22:41  all     0     0    2    0        1       0      0      0    97
17:22:42  all     0     0    2    0        1       0      0      0    97
17:22:43  all     0     0    2    0        1       0      0      0    97
17:22:44  all     0     0    1    0        2       0      0      0    97
17:22:45  all     0     0    2    0        1       0      0      0    97
17:22:46  all     0     0    1    0        3       0      0      0    96
17:22:47  all     0     0    2    0        1       0      0      0    97
17:22:48  all     0     0    1    0        1       0      0      0    98
17:22:49  all     0     0    2    0        2       0      0      0    96
17:22:50  all     0     0    2    0        0       0      0      1    97
17:22:51  all     0     0    2    0        1       0      0      0    97
17:22:52  all     1     0    0    0        1       0      0      0    98
17:22:53  all     0     0    2    0        1       0      0      0    97
17:22:54  all     0     0    2    0        1       0      0      0    97
17:22:55  all     0     0    1    0        0       0      0      0    99
17:22:56  all     0     0    2    0        1       0      0      0    97
17:22:57  all     0     0    1    0        0       0      0      0    99
17:22:58  all     0     0    0    0        0       0      0      0   100
17:22:59  all     0     0    3    0        0       0      0      0    97
17:23:00  all     0     0    0    0        1       0      0      0    99
17:23:01  all     0     0    2    0        0       0      0      0    98
17:23:02  all     0     0    0    0        0       0      0      0   100
17:23:03  all     0     0    2    0        2       0      0      0    96
17:23:04  all     0     0    1    0        0       0      0      0    99
17:23:05  all     1     0    0    0        2       0      0      0    97
17:23:06  all     0     0    2    0        1       0      0      0    97
17:23:07  all     0     0    2    0        1       0      0      0    97
17:23:08  all     0     0    1    0        1       0      0      0    98
17:23:09  all     0     0    1    0        0       0      0      0    99
17:23:10  all     1     0    0    0        0       0      0      0    99
17:23:11  all     0     0    0    0        0       0      0      0   100
17:23:12  all     0     0    0    0        0       0      0      0   100
17:23:13  all     1     0    0    0        0       0      0      0    99
