
o41  4.10.0-40-generic  #44~16.04.1-Ubuntu SMP Thu Nov 9 15:37:44 UTC 2017  x86_64  2017/11/27

-------------------------- analysis date: 2017/11/27 --------------------------

13:58:07  cpu  %usr %nice %sys %irq %softirq  %steal %guest  %wait %idle  _cpu_
13:58:08  all    99     0    1    0        0       0     99      0     0
13:58:09  all   100     0    0    0        0       0    100      0     0
13:58:10  all    99     0    1    0        0       0     98      0     0
13:58:11  all   100     0    0    0        0       0    100      0     0
13:58:12  all   100     0    0    0        0       0    100      0     0
13:58:13  all   100     0    0    0        0       0    100      0     0
13:58:14  all   100     0    0    0        0       0    100      0     0
13:58:15  all   100     0    0    0        0       0    100      0     0
13:58:16  all   100     0    0    0        0       0    101      0     0
13:58:17  all    99     0    1    0        0       0     98      0     0
13:58:18  all    99     0    1    0        0       0     99      0     0
13:58:19  all    98     0    2    0        0       0     98      0     0
13:58:20  all    99     0    1    0        0       0     99      0     0
13:58:21  all    99     0    1    0        0       0     99      0     0
13:58:22  all    99     0    1    0        0       0    100      0     0
13:58:23  all    99     0    1    0        0       0     98      0     0
13:58:24  all    99     0    1    0        0       0     99      0     0
13:58:25  all    97     0    3    0        0       0     97      0     0
13:58:26  all    96     0    4    0        0       0     96      0     0
13:58:27  all   100     0    0    0        0       0     99      0     0
13:58:28  all    96     0    4    0        0       0     97      0     0
13:58:29  all    99     0    1    0        0       0     99      0     0
13:58:30  all    98     0    2    0        0       0     98      0     0
13:58:31  all    98     0    2    0        0       0     97      0     0
13:58:32  all    97     0    3    0        0       0     97      0     0
13:58:33  all    97     0    3    0        0       0     97      0     0
13:58:34  all    98     0    2    0        0       0     97      0     0
13:58:35  all    98     0    2    0        0       0     98      0     0
13:58:36  all   100     0    0    0        0       0     99      0     0
13:58:37  all    98     0    2    0        0       0     99      0     0
13:58:38  all    97     0    3    0        0       0     96      0     0
13:58:39  all   100     0    0    0        0       0    100      0     0
13:58:40  all    99     0    1    0        0       0     99      0     0
13:58:41  all    99     0    1    0        0       0     98      0     0
13:58:42  all    98     0    2    0        0       0     98      0     0
13:58:43  all    97     0    3    0        0       0     97      0     0
13:58:44  all    98     0    2    0        0       0     98      0     0
13:58:45  all    99     0    1    0        0       0     98      0     0
13:58:46  all    99     0    1    0        0       0     99      0     0
13:58:47  all    98     0    2    0        0       0     99      0     0
13:58:48  all    97     0    3    0        0       0     96      0     0
13:58:49  all    98     0    2    0        0       0     98      0     0
13:58:50  all    98     0    2    0        0       0     98      0     0
13:58:51  all    98     0    2    0        0       0     97      0     0
13:58:52  all    99     0    1    0        0       0     99      0     0
13:58:53  all    97     0    3    0        0       0     97      0     0
13:58:54  all    99     0    1    0        0       0     99      0     0
13:58:55  all    99     0    1    0        0       0     98      0     0
13:58:56  all    99     0    1    0        0       0     98      0     0
13:58:57  all    99     0    1    0        0       0     99      0     0
13:58:58  all    98     0    2    0        0       0     97      0     0
13:58:59  all   100     0    0    0        0       0    100      0     0
13:59:00  all    99     0    1    0        0       0     99      0     0
13:59:01  all   100     0    0    0        0       0     99      0     0
13:59:02  all    97     0    3    0        0       0     98      0     0
13:59:03  all    97     0    3    0        0       0     97      0     0
13:59:04  all    98     0    2    0        0       0     97      0     0
13:59:05  all    97     0    3    0        0       0     97      0     0
13:59:06  all    98     0    2    0        0       0     98      0     0
13:59:07  all    97     0    3    0        0       0     97      0     0
13:59:08  all    96     0    4    0        0       0     96      0     0
13:59:09  all    97     0    3    0        0       0     96      0     0
13:59:10  all    99     0    1    0        0       0     99      0     0
13:59:11  all    99     0    1    0        0       0     99      0     0
13:59:12  all    99     0    1    0        0       0    100      0     0
13:59:13  all    98     0    2    0        0       0     97      0     0
13:59:14  all    98     0    2    0        0       0     98      0     0
13:59:15  all    99     0    1    0        0       0     99      0     0
13:59:16  all    99     0    1    0        0       0     98      0     0
13:59:17  all    97     0    3    0        0       0     96      0     0
13:59:18  all    99     0    1    0        0       0    100      0     0
13:59:19  all    98     0    2    0        0       0     97      0     0
13:59:20  all   100     0    0    0        0       0    101      0     0
13:59:21  all    98     0    2    0        0       0     97      0     0
13:59:22  all    98     0    2    0        0       0     99      0     0
13:59:23  all    98     0    2    0        0       0     97      0     0
13:59:24  all    99     0    1    0        0       0    100      0     0
13:59:25  all    98     0    2    0        0       0     98      0     0
13:59:26  all    99     0    1    0        0       0     99      0     0
13:59:27  all   100     0    0    0        0       0    100      0     0
13:59:28  all    99     0    1    0        0       0     98      0     0
13:59:29  all    98     0    2    0        0       0     98      0     0
13:59:30  all    97     0    3    0        0       0     97      0     0
13:59:31  all    99     0    1    0        0       0     98      0     0
13:59:32  all    99     0    1    0        0       0    100      0     0
13:59:33  all    98     0    2    0        0       0     98      0     0
13:59:34  all    99     0    1    0        0       0     99      0     0
13:59:35  all    98     0    2    0        0       0     97      0     0
13:59:36  all    99     0    1    0        0       0    100      0     0
13:59:37  all   100     0    0    0        0       0    100      0     0
13:59:38  all    99     0    1    0        0       0     98      0     0
13:59:39  all    98     0    2    0        0       0     99      0     0
13:59:40  all    98     0    2    0        0       0     98      0     0
13:59:41  all    97     0    3    0        0       0     97      0     0
13:59:42  all    99     0    1    0        0       0     99      0     0
13:59:43  all    98     0    2    0        0       0     98      0     0
13:59:44  all    98     0    2    0        0       0     97      0     0
13:59:45  all    98     0    2    0        0       0     99      0     0
13:59:46  all    98     0    2    0        0       0     98      0     0
13:59:47  all    96     0    4    0        0       0     96      0     0
13:59:48  all    98     0    2    0        0       0     97      0     0
13:59:49  all    97     0    3    0        0       0     98      0     0
13:59:50  all    98     0    2    0        0       0     98      0     0
13:59:51  all    99     0    1    0        0       0     98      0     0
13:59:52  all    99     0    1    0        0       0    100      0     0
13:59:53  all    99     0    1    0        0       0     98      0     0
13:59:54  all    99     0    1    0        0       0    100      0     0
13:59:55  all   100     0    0    0        0       0    100      0     0
13:59:56  all    98     0    2    0        0       0     98      0     0
13:59:57  all   100     0    0    0        0       0    100      0     0
13:59:58  all    99     0    1    0        0       0     98      0     0
13:59:59  all    99     0    1    0        0       0    100      0     0
14:00:00  all    99     0    1    0        0       0     99      0     0
14:00:01  all    99     0    1    0        0       0     99      0     0
14:00:02  all    99     0    1    0        0       0     98      0     0
14:00:03  all    98     0    2    0        0       0     98      0     0
14:00:04  all    99     0    1    0        0       0    100      0     0
14:00:05  all    99     0    1    0        0       0     99      0     0
14:00:06  all   100     0    0    0        0       0    100      0     0
14:00:07  all    98     0    2    0        0       0     97      0     0
14:00:08  all    99     0    1    0        0       0    100      0     0
14:00:09  all    97     0    3    0        0       0     97      0     0
14:00:10  all    99     0    1    0        0       0     99      0     0
14:00:11  all    97     0    3    0        0       0     97      0     0
14:00:12  all   100     0    0    0        0       0    100      0     0
14:00:13  all    98     0    2    0        0       0     98      0     0
14:00:14  all    99     0    1    0        0       0     99      0     0
14:00:15  all    98     0    2    0        0       0     98      0     0
14:00:16  all    99     0    1    0        0       0     99      0     0
14:00:17  all   100     0    0    0        0       0    100      0     0
14:00:18  all   100     0    0    0        0       0    100      0     0
14:00:19  all   100     0    0    0        0       0    100      0     0
14:00:20  all   100     0    0    0        0       0    100      0     0
14:00:21  all   100     0    0    0        0       0     99      0     0
14:00:22  all   100     0    0    0        0       0    100      0     0
14:00:23  all   100     0    0    0        0       0    100      0     0
14:00:24  all   100     0    0    0        0       0    100      0     0
14:00:25  all   100     0    0    0        0       0    100      0     0
14:00:26  all   100     0    0    0        0       0    100      0     0
