
o41  4.10.0-40-generic  #44~16.04.1-Ubuntu SMP Thu Nov 9 15:37:44 UTC 2017  x86_64  2017/11/29

-------------------------- analysis date: 2017/11/29 --------------------------

14:37:18  cpu  %usr %nice %sys %irq %softirq  %steal %guest  %wait %idle  _cpu_
14:37:19  all     0     0    0    0        0       0      0      0   100
14:37:20  all     0     0    0    0        0       0      0      0   100
14:37:21  all     0     0    0    0        0       0      0      0   100
14:37:22  all     0     0    1    0        0       0      0      1    98
14:37:23  all     0     0    0    0        0       0      0      0   100
14:37:24  all     0     0    0    0        0       0      0      0   100
14:37:25  all     1     0    0    0        0       0      1      0    99
14:37:26  all     0     0    1    0        0       0      0      0    99
14:37:27  all     4     0   20    0        1       0      4      0    75
14:37:28  all    12     0   84    0        3       0     11      0     1
14:37:29  all     4     0   90    0        6       0      4      0     0
14:37:30  all     6     0   88    0        5       0      6      0     1
14:37:31  all     5     0   90    0        5       0      6      0     0
14:37:32  all     7     0   90    0        3       0      7      0     0
14:37:33  all     9     0   85    0        5       0      9      0     1
14:37:34  all     5     0   88    0        6       0      5      0     1
14:37:35  all     7     0   88    0        5       0      6      0     0
14:37:36  all     6     0   87    0        7       0      6      0     0
14:37:37  all     5     0   88    0        6       0      6      0     1
14:37:38  all     5     0   86    0        8       0      5      0     1
14:37:39  all     6     0   89    0        5       0      6      0     0
14:37:40  all     6     0   89    0        4       0      6      0     1
14:37:41  all     5     0   89    0        5       0      4      0     1
14:37:42  all     4     0   91    0        5       0      5      0     0
14:37:43  all     8     0   86    0        5       0      7      0     1
14:37:44  all     6     0   88    0        6       0      6      0     0
14:37:45  all     8     0   86    0        5       0      9      0     1
14:37:46  all     6     0   88    0        5       0      5      0     1
14:37:47  all     7     0   88    0        4       0      7      0     1
14:37:48  all     5     0   89    0        5       0      5      0     1
14:37:49  all     5     0   92    0        3       0      6      0     0
14:37:50  all     5     0   88    0        7       0      4      0     0
14:37:51  all     6     0   91    0        3       0      7      0     0
14:37:52  all     4     0   88    0        6       0      3      0     2
14:37:53  all     6     0   88    0        5       0      7      0     1
14:37:54  all     6     0   90    0        3       0      6      0     1
14:37:55  all     3     0   93    0        3       0      3      0     1
14:37:56  all     8     0   88    0        4       0      7      0     0
14:37:57  all     7     0   87    0        5       0      8      0     1
14:37:58  all     6     0   88    0        5       0      5      0     1
14:37:59  all     7     0   88    0        5       0      8      0     0
14:38:00  all     6     0   90    0        4       0      6      0     0
14:38:01  all     7     0   88    0        4       0      6      0     1
14:38:02  all     6     0   89    0        4       0      6      0     1
14:38:03  all     6     0   86    0        8       0      6      0     0
14:38:04  all     7     0   92    0        1       0      8      0     0
14:38:05  all     7     0   87    0        5       0      7      0     1
14:38:06  all    12     0   84    0        4       0     12      0     0
14:38:07  all     6     0   87    0        6       0      6      0     1
14:38:08  all     6     0   92    0        2       0      6      0     0
14:38:09  all     7     0   86    0        6       0      7      0     1
14:38:10  all     6     0   90    0        4       0      6      0     0
14:38:11  all     4     0   91    0        4       0      3      0     1
14:38:12  all     6     0   86    0        8       0      7      0     0
14:38:13  all     6     0   88    0        5       0      6      0     1
14:38:14  all     5     0   90    0        4       0      4      0     1
14:38:15  all     8     0   88    0        4       0      8      0     0
14:38:16  all     7     0   88    0        4       0      8      0     1
14:38:17  all     8     0   86    0        5       0      7      0     1
14:38:18  all     4     0   91    0        5       0      3      0     0
14:38:19  all     6     0   89    0        5       0      6      0     0
14:38:20  all     4     0   94    0        2       0      5      0     0
14:38:21  all     9     0   83    0        8       0      9      0     0
14:38:22  all    11     0   86    0        2       0     10      0     1
14:38:23  all     8     0   85    0        7       0      8      0     0
14:38:24  all     4     0   92    0        4       0      5      0     0
14:38:25  all     7     0   88    0        4       0      7      0     1
14:38:26  all     5     0   90    0        5       0      4      0     0
14:38:27  all     3     0   90    0        7       0      3      0     0
14:38:28  all     5     0   91    0        4       0      6      0     0
14:38:29  all     6     0   88    0        5       0      5      0     1
14:38:30  all     7     0   89    0        4       0      7      0     0
14:38:31  all     4     0   89    0        6       0      5      0     1
14:38:32  all     9     0   87    0        4       0      9      0     0
14:38:33  all     8     0   88    0        2       0      7      0     2
14:38:34  all     6     0   88    0        4       0      7      0     2
14:38:35  all     8     0   82    0        8       0      7      0     2
14:38:36  all     5     0   91    0        4       0      5      0     0
14:38:37  all     6     0   87    0        6       0      7      0     1
14:38:38  all     8     0   86    0        5       0      8      0     1
14:38:39  all     6     0   88    0        6       0      6      0     0
14:38:40  all     7     0   87    0        6       0      7      0     0
14:38:41  all     8     0   89    0        3       0      8      0     0
14:38:42  all     6     0   84    0        6       0      5      0     4
14:38:43  all     5     0   87    0        7       0      5      0     1
14:38:44  all     5     0   90    0        4       0      5      0     1
14:38:45  all     6     0   89    0        4       0      6      0     1
14:38:46  all     6     0   88    0        5       0      6      0     1
14:38:47  all     5     0   91    0        4       0      5      0     0
14:38:48  all     7     0   89    0        3       0      7      0     1
14:38:49  all     4     0   90    0        5       0      4      0     1
14:38:50  all     4     0   91    0        5       0      4      0     0
14:38:51  all     7     0   87    0        6       0      7      0     0
14:38:52  all     7     0   87    0        5       0      7      0     1
14:38:53  all     5     0   89    0        5       0      6      0     1
14:38:54  all     7     0   89    0        4       0      6      0     0
14:38:55  all     6     0   89    0        4       0      7      0     1
14:38:56  all     9     0   86    0        4       0      8      0     1
14:38:57  all     8     0   87    0        5       0      8      0     0
14:38:58  all     6     0   89    0        4       0      6      0     1
14:38:59  all     6     0   89    0        4       0      6      0     1
14:39:00  all     5     0   91    0        4       0      5      0     0
14:39:01  all     5     0   88    0        6       0      4      0     1
14:39:02  all     7     0   91    0        2       0      8      0     0
14:39:03  all     9     0   85    0        5       0      8      0     1
14:39:04  all     7     0   89    0        4       0      8      0     0
14:39:05  all     6     0   89    0        5       0      6      0     0
14:39:06  all     7     0   87    0        6       0      7      0     0
14:39:07  all     8     0   87    0        4       0      8      0     1
14:39:08  all     3     0   91    0        6       0      3      0     0
14:39:09  all     7     0   87    0        6       0      7      0     0
14:39:10  all     7     0   90    0        2       0      7      0     1
14:39:11  all     6     0   88    0        6       0      6      0     0
14:39:12  all     6     0   86    0        8       0      5      0     0
14:39:13  all     8     0   88    0        4       0      8      0     0
14:39:14  all     4     0   89    0        6       0      5      0     1
14:39:15  all     3     0   89    0        5       0      3      0     3
14:39:16  all     6     0   87    0        3       0      6      0     4
14:39:17  all     6     0   88    0        4       0      5      0     2
14:39:18  all     7     0   88    0        4       0      7      0     1
14:39:19  all     7     0   86    0        6       0      8      0     1
14:39:20  all     5     0   89    0        5       0      5      0     1
14:39:21  all     9     0   85    0        5       0      9      0     1
14:39:22  all     5     0   91    0        4       0      4      0     0
14:39:23  all     7     0   86    0        7       0      8      0     0
14:39:24  all     4     0   88    0        7       0      4      0     1
14:39:25  all     8     0   88    0        2       0      8      0     2
14:39:26  all     7     0   88    0        4       0      7      0     1
14:39:27  all     7     0   68    0        3       0      7      0    22
14:39:28  all     0     0    0    0        0       0      0      0   100
14:39:29  all     1     0    0    0        0       0      0      0    99
14:39:30  all     0     0    0    0        0       0      0      0   100
14:39:31  all     0     0    0    0        0       0      0      0   100
14:39:32  all     0     0    0    0        0       0      0      0   100
14:39:33  all     0     0    1    0        0       0      0      0    99
14:39:34  all     0     0    0    0        0       0      0      0   100
14:39:35  all     0     0    0    0        0       0      0      0   100
14:39:36  all     0     0    0    0        0       0      0      0   100
